[[ 4.57758647e+00  1.18758568e+02  1.13102722e+02  1.35670532e+02
  -8.93556418e-02]
 [ 8.18383811e+00  5.59085193e+01  5.02908020e+01  6.02326469e+01
  -2.26876894e-01]
 [ 2.22049393e+02  1.52762024e+02  3.25458008e+02  1.71463348e+02
  -8.09549555e-02]
 [ 3.70856934e+01  1.55012314e+02  1.04219391e+02  1.68058090e+02
  -1.46562849e-02]
 [ 5.56361618e+01  2.80371876e+01  1.43803024e+02  5.40277847e+01
  -1.04767948e-01]
 [ 2.87086304e+02  2.39285004e+02  4.30926636e+02  2.60185638e+02
   2.92374770e-02]
 [ 4.66890381e+02  2.44555542e+02  5.26874451e+02  2.62779724e+02
   3.79460613e-02]
 [ 3.66086182e+02  8.52600327e+01  4.20630798e+02  9.77890854e+01
  -3.43161853e-02]
 [ 5.19005432e+02  2.49099915e+02  5.98727966e+02  2.71728882e+02
   3.08472724e-02]]