[[ 4.91596111e+00  8.87893595e-01  1.08239658e+02  3.55569384e+01
   7.36334848e-02]
 [ 1.22045547e+02  1.88043861e+01  1.79570480e+02  3.93264389e+01
   6.47862712e-02]
 [ 3.46472174e+01  4.75260693e+01  1.03230441e+02  7.49309622e+01
   5.10885749e-02]
 [ 1.18980469e+02  5.25057526e+01  1.81258545e+02  7.89207916e+01
   5.10886833e-02]
 [ 4.51973970e+02  1.05025201e+02  5.53981230e+02  1.30508360e+02
  -5.16815386e-02]
 [ 2.61328112e+02  2.42905114e+01  2.99172315e+02  3.90154636e+01
  -9.11222855e-02]
 [ 1.56506834e+02  2.15895721e+02  2.35388460e+02  2.33497864e+02
   6.22935377e-02]
 [ 2.53083422e+02  2.21662002e+02  2.82291382e+02  2.36423355e+02
   6.22927989e-02]
 [ 2.99434387e+02  2.23372269e+02  3.59620789e+02  2.42846268e+02
   5.88751213e-02]
 [ 4.74421844e+02  4.98590660e+00  4.97677460e+02  2.27046223e+01
   1.73598090e-01]
 [ 5.05705440e+02  1.02187473e+01  5.41187046e+02  3.07623449e+01
   1.80060532e-01]
 [ 2.49103821e+02  5.91898499e+01  3.41645210e+02  8.38900151e+01
   5.93340667e-02]
 [ 3.51305216e+02  6.62239825e+01  3.87581014e+02  8.52335980e+01
   5.89791981e-02]
 [ 1.94548203e+02  1.46487244e+02  2.16647964e+02  1.65611450e+02
  -1.60961427e-03]
 [ 2.32407927e+02  1.43369217e+02  2.84394731e+02  1.68485702e+02
  -1.64027845e-03]
 [ 3.04229022e+02  1.45978332e+02  3.53095380e+02  1.66207032e+02
   3.57653119e-02]
 [ 3.75086190e+02  1.42153992e+02  4.93857170e+02  1.63173889e+02
  -1.59248140e-03]
 [ 5.45712473e+02  1.60604695e+01  5.92863088e+02  3.11478435e+01
  -1.64489345e-01]
 [ 3.59117295e+02  2.15726699e+02  4.66256118e+02  2.48681474e+02
   5.62084154e-02]]