[[ 4.92393726e+02  3.25379643e+02  6.09958691e+02  3.45488705e+02
  -3.20058038e-01]
 [ 3.23518695e+02  1.91789806e+02  3.27666974e+02  1.98060719e+02
   3.32314886e-01]
 [ 3.35267609e+02  1.85456497e+02  3.71532440e+02  2.21078049e+02
   2.73354793e-01]
 [ 6.47766104e+01  1.36206818e+01  2.50600526e+02  6.57275848e+01
   8.83618117e-04]
 [ 2.40902585e+01  1.20324951e+02  2.57388955e+02  1.59412293e+02
   4.80793464e-02]
 [ 5.25417832e+01  1.56798246e+02  9.49998123e+01  1.74665744e+02
  -8.55399814e-01]
 [ 1.16146042e+02  1.62319733e+02  2.21251480e+02  1.78367615e+02
   2.37799965e-02]
 [ 4.44589469e+02  1.01373440e+01  5.68053842e+02  7.22780308e+01
   4.51239132e-02]
 [ 2.49732177e+02  2.84493790e+01  3.55656815e+02  5.87750095e+01
   2.26141036e-02]
 [ 6.63710938e+01  7.49547806e+01  2.81273193e+02  1.24803169e+02
   4.74802583e-03]
 [ 4.76113647e+02  4.00610352e+00  5.76876099e+02  3.97322311e+01
   7.25664374e-02]]