[[ 1.49312496e+01  1.54379424e+01  8.91785317e+01  4.43269122e+01
   7.76734471e-02]
 [ 1.11266545e+02  2.49252237e+01  1.38639018e+02  4.81764304e+01
   6.19884113e-02]
 [ 2.58976395e+02  2.31355285e+02  4.54282638e+02  2.76644287e+02
   2.48601054e-02]
 [ 1.14566719e+02  1.59477203e+02  1.74574097e+02  1.77759613e+02
  -2.12142730e-02]
 [ 2.22337055e+01  1.11647735e+02  9.08131428e+01  1.45407746e+02
   2.07646294e-02]
 [ 4.56869385e+02  1.62271896e+02  5.83037476e+02  1.83842514e+02
   3.07971250e-03]
 [ 4.62472717e+02  2.51051178e+02  5.47458435e+02  2.70658966e+02
   4.37432598e-02]
 [ 9.76938242e+01  1.10531112e+02  1.67578332e+02  1.28710800e+02
   3.39893352e-02]]