[[ 2.27239961e+00  2.91967870e+01  1.53590714e+02  3.25450895e+01
  -2.35997117e-01]
 [ 9.66929354e+00  6.28485110e+01  9.86804226e+01  8.56635435e+01
  -8.82251450e-02]
 [ 1.10426956e+02  4.75584488e+01  1.58155600e+02  9.33593382e+01
   2.14770190e-01]
 [ 3.13310547e+02  1.95723373e+02  3.83372986e+02  2.14432663e+02
  -7.06205784e-03]
 [ 1.37225333e+02  1.76582093e+02  2.37934457e+02  1.96870940e+02
  -8.11946730e-02]
 [ 3.37850605e+02  1.49936294e+02  3.76733257e+02  1.66557938e+02
   2.91248079e-02]
 [ 2.03744536e+02  1.14898483e+02  2.57614839e+02  1.35928497e+02
   1.41746496e-02]
 [ 3.32641244e+02  1.81663452e+02  3.70823538e+02  1.93496643e+02
  -3.16740226e-03]
 [ 3.77434645e+02  1.81620056e+02  4.06066820e+02  1.93385010e+02
  -3.16758600e-03]
 [ 1.11846603e+02  1.65127335e+02  1.93666641e+02  1.71274185e+02
  -8.13539277e-02]]