[[ 2.71272797e+02  1.45766495e+02  3.30278900e+02  1.56386887e+02
  -3.46752518e-02]
 [ 7.16894851e+00  8.45799405e+01  8.98370129e+01  1.10926743e+02
   7.60777787e-02]
 [ 7.17298889e+00  1.06865479e+02  6.41425934e+01  1.30203751e+02
   5.37645521e-02]
 [ 8.09955063e+01  1.12328049e+02  1.27375328e+02  1.33606689e+02
   5.37644504e-02]
 [ 4.54303360e+00  1.29267471e+02  5.97324562e+01  1.51543655e+02
   3.11425733e-02]
 [ 2.52597424e+02  1.05012055e+02  3.01507389e+02  1.25699783e+02
  -2.94526173e-02]
 [ 2.93011433e+02  1.70097473e+02  3.48523601e+02  1.88695313e+02
   4.73781899e-02]
 [ 3.26086426e+02  2.96975067e+02  3.85508545e+02  3.09018646e+02
  -6.35200075e-03]
 [ 4.10509705e+02  2.96231598e+02  4.42712830e+02  3.08655304e+02
  -1.00870208e-02]
 [ 3.35236477e+01  5.37627482e+01  7.58035923e+01  7.61004262e+01
   1.45018091e-01]
 [ 8.76867065e+01  5.99986954e+01  1.39707626e+02  8.50311661e+01
   1.30414335e-01]
 [ 1.47808095e+02  6.88204487e+01  2.16483867e+02  9.48522655e+01
   1.03798049e-01]
 [ 2.04314850e+02  1.68469223e+02  2.73689553e+02  1.86214249e+02
   6.11524387e-03]]