[[ 2.88402641e+01  3.06919680e+02  3.40024712e+01  3.26191832e+02
   2.84481550e-01]
 [ 5.09156342e+01  3.05626221e+02  1.61446777e+02  3.22253479e+02
  -2.12789582e-02]
 [ 1.77199811e+02  3.01759095e+02  2.11500323e+02  3.21188232e+02
  -2.12796708e-02]
 [ 1.43708801e+01  3.37665375e+02  1.26546326e+02  3.68058685e+02
   4.93089576e-02]
 [ 1.43737854e+02  3.36530670e+02  1.78407562e+02  3.57672211e+02
  -6.22772938e-03]
 [ 6.51065974e+01  6.92191618e+01  8.62271423e+01  9.50287018e+01
   2.80762755e-01]
 [ 4.10260648e+02  1.02724572e+02  4.60922824e+02  1.14459587e+02
  -1.51228900e-01]
 [ 3.01206177e+02  3.20764069e+02  4.38980835e+02  3.69526764e+02
  -1.11770718e-03]
 [ 4.79851135e+02  3.18503113e+02  5.49351990e+02  3.69403320e+02
  -1.11797789e-03]
 [ 5.47179413e+00 -1.33186340e+00  5.09496231e+01  3.29986877e+01
   2.92107257e-01]
 [ 4.86934265e+02  3.55680237e+01  5.31179993e+02  4.81216354e+01
  -5.90038845e-02]]