[[ 4.20458792e+02  6.75317981e+01  4.72508676e+02  8.93816540e+01
   1.23712424e-01]
 [ 1.37712677e+02  1.39214386e+02  2.36629333e+02  1.51190216e+02
  -1.18415079e-01]
 [ 1.01060440e+02  7.63513184e+00  1.57614273e+02  3.78109131e+01
   2.10936747e-03]
 [ 8.36467844e+01  4.58814773e+01  1.18844091e+02  6.64826813e+01
   2.49237484e-03]
 [ 1.36600372e+02  4.49836731e+01  1.73823120e+02  6.76740723e+01
   2.44448051e-03]
 [ 3.37554077e+02  4.04345245e+01  3.67283386e+02  8.56994476e+01
   6.57585552e-01]
 [ 4.38468933e+00  1.79168396e+01  8.45907364e+01  4.28010712e+01
   2.34877253e-03]]