[[ 3.42480988e+02  2.42727768e+02  4.01274750e+02  2.67200867e+02
  -2.01626836e-02]
 [ 3.86099356e+02  3.40862185e+01  4.68159433e+02  8.18560422e+01
   1.38063941e-01]
 [ 4.85409599e+02  4.58591661e+01  5.15768074e+02  8.81008407e+01
   3.73700301e-01]
 [ 5.31833905e+02  5.84246046e+01  5.66880695e+02  8.10385912e+01
   9.65073117e-02]
 [ 3.02079285e+02  3.29299805e+02  3.37242981e+02  3.48095276e+02
   5.42174606e-02]
 [ 2.01011313e+01  9.33186316e+00  2.45580849e+02  9.24689183e+01
   6.04405711e-02]]