[[ 2.81761909e+02  2.66841652e+02  2.91054315e+02  2.87072228e+02
   2.85033167e-01]
 [ 3.06801117e+02  2.70744141e+02  3.22807770e+02  2.78945435e+02
  -8.75978932e-02]
 [ 2.40730637e+02  2.91874023e+02  3.26026978e+02  3.02565857e+02
  -6.35643847e-02]
 [ 2.82924744e+02  1.74887497e+02  3.00956848e+02  1.75566849e+02
  -6.55662182e-02]
 [ 3.22439728e+02  1.67468552e+02  4.42156281e+02  1.72763718e+02
  -3.92570735e-02]
 [ 8.66455078e-01  1.90942688e+02  1.37786438e+02  2.18397919e+02
   6.76390752e-02]
 [ 1.52769293e+02  2.02806716e+02  1.93426996e+02  2.22167130e+02
   6.76390788e-02]
 [ 1.12969856e+00  1.93034630e+01  1.10785625e+02  5.07743111e+01
   1.56677039e-03]
 [ 1.34692462e+02  1.92977295e+01  2.54870312e+02  5.10000382e+01
   1.56646287e-03]
 [ 1.04695068e+01  7.21000806e+01  4.47104801e+01  9.95142840e+01
  -2.05904773e-01]
 [ 6.29433060e+01  6.58415451e+01  1.27901711e+02  9.43657913e+01
   2.22657042e-03]
 [ 1.52372754e+02  6.49657669e+01  2.41867938e+02  1.01852104e+02
   2.17991689e-03]
 [ 1.70045617e+01  1.08140991e+02  1.04381081e+02  1.35192947e+02
   5.24035150e-03]
 [ 1.30477356e+02  1.14664581e+02  2.22102722e+02  1.42584717e+02
   4.34252580e-03]
 [ 2.49764388e+02  1.11668503e+02  3.61319276e+02  1.42054626e+02
  -3.87777982e-02]
 [ 3.20602142e+02  2.70980438e+02  3.91983734e+02  2.97103302e+02
  -6.47583663e-02]
 [ 3.20840634e+02  1.16474380e+01  5.40357608e+02  1.02053680e+02
   3.72801114e-03]]