[[ 2.99444962e+00  1.88749268e+02  4.76724091e+01  1.98585388e+02
   1.44213079e-02]
 [ 4.90392047e+01  1.89938706e+02  7.84320630e+01  1.98870804e+02
  -2.10083736e-02]
 [ 7.99777527e+01  1.89592468e+02  1.24492035e+02  2.00352448e+02
   2.19935937e-02]
 [ 7.22344360e+01  2.09494019e+00  3.40669800e+02  1.65699402e+02
   1.57799914e-02]
 [ 1.11597830e-01  1.77150543e+02  1.08104448e+02  1.88782745e+02
  -1.08077528e-02]
 [ 3.41591919e+02  3.98565216e+01  3.86435608e+02  8.50753021e+01
   1.49196219e-02]
 [ 4.21735161e+02  2.09584724e+01  5.90234505e+02  1.00970933e+02
   9.86434676e-02]
 [ 3.34145777e+02  1.16392422e+02  5.53478882e+02  1.55190369e+02
  -6.97221465e-02]]