[[1.50291791e+02 4.65994262e+01 2.21157825e+02 7.30177461e+01
  4.00594313e-02]
 [4.11728786e+02 3.38073089e+02 4.79178928e+02 3.76648835e+02
  1.36713106e-01]
 [1.82479301e+01 3.22905273e+02 1.22040020e+02 3.70885987e+02
  6.24858301e-02]
 [3.92538801e+02 2.42110256e+02 4.55863360e+02 2.86358616e+02
  2.29061563e-01]
 [3.98148895e+02 1.48760345e+02 4.65281158e+02 1.68586548e+02
  1.12597304e-01]
 [3.39412964e+02 2.99025757e+02 4.12096436e+02 3.58692993e+02
  2.98095902e-01]
 [1.22029404e+02 3.35082520e+02 1.61343155e+02 3.52488831e+02
  7.14042064e-02]]