[[ 1.94375594e+02  1.13267623e+02  2.43659532e+02  1.28089753e+02
   5.23457242e-02]
 [ 2.49891846e+02  1.19154099e+02  2.76166687e+02  1.29778000e+02
   4.82518266e-02]
 [ 5.29251912e+02  1.98048010e+01  6.00722454e+02  4.25595789e+01
  -6.91995987e-02]
 [ 7.91992188e+01  1.06913803e+02  1.25857912e+02  1.54272355e+02
   4.86825716e-01]
 [ 3.52697525e+01  5.37916946e+00  8.93321638e+01  4.27194330e+01
   5.52282548e-02]
 [ 1.18651428e+02  1.39822998e+01  1.64021795e+02  4.68486102e+01
   5.52281933e-02]]