[[ 4.88531876e+01  1.55055313e+01  1.13307396e+02  5.58308487e+01
   1.86948723e-01]
 [ 4.77588311e+02  1.65309234e+02  5.77069038e+02  1.93783448e+02
   1.04101779e-01]
 [ 3.62285183e+02  8.34500049e+01  4.29366001e+02  9.94137342e+01
  -7.29671251e-02]
 [ 4.47995544e+02  7.83984833e+01  5.01675049e+02  9.12796173e+01
  -7.50207128e-02]
 [ 2.21549120e+02  1.56689452e+02  3.02109083e+02  1.79617432e+02
   5.61444569e-02]
 [ 1.88946075e+01  1.15739532e+02  8.25230255e+01  1.48117523e+02
   2.15119682e-02]
 [ 1.34659500e+01  1.53610611e+02  3.43534241e+01  1.68258408e+02
  -2.80089560e-02]
 [ 5.25905538e+01  1.53075638e+02  1.11786457e+02  1.65428451e+02
  -1.01801714e-01]
 [ 8.19955444e+01  1.11017303e+02  1.24270615e+02  1.31452759e+02
  -4.05776883e-04]]