[[ 1.13190227e+02  2.78637634e+02  2.65901035e+02  3.55753662e+02
  -5.06102744e-02]
 [ 3.85335271e+01  1.30532058e+02  8.41679157e+01  1.56018326e+02
   1.40700856e-01]
 [ 9.72281317e+01  1.32840790e+02  1.45802979e+02  1.52557098e+02
   2.27283641e-03]
 [ 3.00912319e+01  5.16512507e+01  5.76440815e+01  7.72732183e+01
  -1.89350505e-01]
 [ 7.93925113e+01  4.63721428e+01  1.78232428e+02  7.71925354e+01
  -6.69101836e-04]
 [ 2.02523697e+02  4.20729179e+01  2.42830521e+02  7.71493073e+01
  -6.69221357e-04]
 [ 2.66371490e+02  4.41808395e+01  4.27779877e+02  8.48226547e+01
  -4.60946147e-02]
 [ 3.23695450e+01  3.45352356e+02  1.23957909e+02  3.72719788e+02
  -5.52900191e-02]
 [ 5.15337744e+02  2.64655484e+02  5.77264918e+02  2.83407261e+02
   1.38890872e-01]
 [ 1.37941055e+01  2.11486206e+01  5.50400627e+01  4.40126267e+01
   4.98036152e-02]]