[[ 4.51677399e+01  2.48852829e+02  1.20975357e+02  2.58392151e+02
  -6.20708707e-02]
 [ 2.28915405e+01  2.77120941e+02  1.15041565e+02  2.83636078e+02
  -5.91071841e-02]
 [ 4.34359670e+02  5.00182263e+01  5.12292125e+02  7.18926395e+01
   3.27899447e-02]
 [ 4.12164124e+02  8.16988144e+01  5.53556885e+02  1.09486946e+02
   4.92169108e-02]
 [ 1.50925713e+02  2.74017364e+02  3.66457054e+02  3.18331024e+02
   6.68210472e-03]
 [ 5.13131042e+02  2.43813812e+02  5.90585510e+02  2.55946045e+02
  -6.60290081e-02]
 [ 2.76636238e+01  2.38415253e+02  1.17681412e+02  2.45037628e+02
  -6.51807113e-02]
 [ 3.40410845e+02  4.49910726e+01  4.15469160e+02  7.25139934e+01
   7.85636016e-02]
 [ 4.21125671e+02  3.25392883e+02  5.77463806e+02  3.42064270e+02
   1.00596597e-03]
 [ 3.86677763e+02  1.14824814e+02  4.86625399e+02  1.32426300e+02
   6.28952641e-03]
 [ 4.70730469e+02  2.66410492e+02  5.21719238e+02  2.80064911e+02
   6.94149702e-04]]