[[ 2.65094701e+02  2.97893954e+02  3.00022914e+02  3.11524748e+02
  -8.16852775e-02]
 [ 4.32625978e+02  6.46538608e+00  5.43160124e+02  3.26221232e+01
  -5.58850254e-03]
 [ 1.39917962e+02  2.94852212e+01  2.56597067e+02  7.85700097e+01
   1.10641556e-01]
 [ 3.34758942e+02  2.77147583e+02  4.35897491e+02  2.90428711e+02
   2.53817417e-02]
 [ 2.97706133e+02  3.08088532e+02  4.55275373e+02  3.28290008e+02
  -5.04421682e-02]
 [ 3.26738296e+02  2.67076081e+02  3.90159471e+02  2.73531463e+02
  -3.98274818e-02]
 [ 4.45532118e+01  1.32382599e+02  1.99933872e+02  1.57799164e+02
   2.59617229e-03]
 [ 3.71487113e+02  6.31243517e+01  4.51955819e+02  7.59462355e+01
  -1.83471636e-02]]