[[ 8.87827675e+01  7.91302792e+01  1.23278389e+02  1.09852570e+02
   4.22799216e-01]
 [ 5.14082764e+02  9.04475708e+01  5.48821533e+02  1.10255478e+02
  -1.56622319e-02]
 [ 3.92175354e+02  2.48093262e+02  4.69325317e+02  2.65792847e+02
   4.58449061e-02]
 [ 2.12780273e+02  1.29795670e+02  2.72034058e+02  1.53721176e+02
   3.12299949e-02]
 [ 4.15511932e+02  7.83109818e+01  4.75612091e+02  9.39842911e+01
   8.11425139e-02]
 [ 7.59762681e+01  8.63737928e+01  9.51559645e+01  1.19775652e+02
   3.84940916e-01]
 [ 5.57031702e+00  1.31440811e+02  1.32080244e+02  1.46328873e+02
   8.04801074e-03]
 [ 4.04748260e+02  1.13854958e+02  4.17894318e+02  1.34263733e+02
  -1.43033482e-01]
 [ 4.28065247e+02  1.06595428e+02  4.91323853e+02  1.27953903e+02
  -8.57199045e-02]]