[[ 4.94241927e+02  3.72462762e+01  5.54264298e+02  6.01869971e+01
   4.00504924e-02]
 [ 2.14634552e+01  3.15512573e+02  7.95829315e+01  3.32603516e+02
   2.60243438e-03]
 [ 5.50377426e+01  2.20300842e+02  1.24081154e+02  3.42094727e+02
   6.98372808e-01]
 [ 2.82920288e+02  2.67372925e+02  3.43539551e+02  2.83291077e+02
   7.99052078e-02]
 [ 3.63105433e+02  2.76134887e+02  3.93079748e+02  2.87258118e+02
   7.77817227e-02]
 [ 3.05583917e+02  6.94738618e+01  4.19969977e+02  9.03890685e+01
  -2.36751451e-02]
 [ 4.46229741e+02  7.04795084e+01  5.11196956e+02  8.87550954e+01
  -3.84235038e-02]]