[[ 1.02739296e+02  1.83967682e+02  2.44278107e+02  1.99267548e+02
  -5.00500454e-02]
 [ 3.31743103e+02  1.81842117e+02  4.09308838e+02  2.02157730e+02
   8.36825683e-03]
 [ 1.30050163e+02  3.12648407e+02  3.57505348e+02  3.59409149e+02
  -9.27215346e-03]
 [ 1.76841080e+01  2.73625608e+01  1.40593098e+02  5.73730197e+01
  -1.06744150e-01]
 [ 1.97769531e+02  1.04523117e+02  2.60337463e+02  1.34759750e+02
   1.36715745e-02]
 [ 1.02894807e+02  1.69655701e+02  1.71083045e+02  1.80145904e+02
  -2.50615373e-02]
 [ 3.27537321e+02  2.04298431e+02  3.75330111e+02  2.13455933e+02
  -2.68870843e-02]
 [ 1.29110378e+02  2.31145309e+02  1.73660252e+02  2.53871841e+02
  -8.82212457e-03]
 [ 1.89373151e+02  2.34795548e+02  2.31238757e+02  2.53430038e+02
  -8.59618987e-03]
 [ 2.48395416e+02  2.29131027e+02  2.93663361e+02  2.53303207e+02
   1.80847461e-02]
 [ 3.13013789e+02  2.29510376e+02  3.63348882e+02  2.47137115e+02
  -7.85761519e-03]
 [ 1.38425369e+02  5.62261343e+00  2.70451111e+02  8.03650894e+01
  -8.50764925e-02]]