[[ 2.04679132e+02  8.66551132e+01  2.68807928e+02  1.11636314e+02
   1.12959869e-02]
 [ 2.89576874e+02  9.40669022e+01  3.68148590e+02  1.18055107e+02
   2.46122622e-03]
 [ 4.15151374e+02  2.47492218e+02  4.69727837e+02  2.62831085e+02
   1.20779782e-02]
 [ 4.19806091e+02  7.52571106e+01  4.74492310e+02  9.45059357e+01
   8.24041319e-02]
 [ 2.38433469e+02  5.32375527e+01  2.61594058e+02  7.08065033e+01
  -9.20968971e-03]
 [ 2.77205811e+02  4.88385925e+01  3.03210449e+02  7.65545425e+01
   2.55173996e-02]]