[[ 2.33063461e+02  1.45783417e+02  2.88921082e+02  1.59371094e+02
  -1.84998715e-02]
 [ 1.11174957e+02  6.79649048e+01  2.07569580e+02  1.24136658e+02
   1.20133087e-01]
 [ 1.72326948e+01  6.02331893e+00  1.55669011e+02  5.03640183e+01
   1.74350245e-01]
 [ 3.09702530e+01  3.21516304e+01  8.17863159e+01  5.61027336e+01
   1.72431432e-01]
 [ 9.58899681e+01  4.23196791e+01  1.53701035e+02  6.74679185e+01
   1.50489705e-01]
 [ 2.31158203e+02  1.06871216e+02  2.71382294e+02  1.24443466e+02
  -7.05697098e-02]
 [ 2.95755132e+02  1.70294387e+02  3.66495784e+02  1.91475724e+02
   2.70560255e-02]]