[[ 1.67406311e+01  1.87582809e+02  1.50328491e+02  2.11101761e+02
   2.96664488e-02]
 [ 3.99360951e+01  2.97787933e+01  3.29443517e+02  1.11766647e+02
   1.59564604e-02]
 [ 2.21177719e+02  2.91609192e+02  4.20082779e+02  3.54083130e+02
  -8.77771047e-03]
 [ 3.65434387e+02  1.28854942e+01  4.76025147e+02  5.13037529e+01
   1.88241596e-02]
 [ 3.31351562e+02  8.03159256e+01  4.32922791e+02  1.04223305e+02
  -8.66278668e-03]
 [ 4.65696756e+02  7.14465104e+01  5.15211874e+02  1.03876854e+02
  -5.21944398e-03]
 [ 2.32421600e+02  1.22201920e+02  3.73483795e+02  1.61571121e+02
   5.72953908e-02]
 [ 4.09529236e+02  1.22063858e+02  4.36393311e+02  1.56061051e+02
   7.46947009e-02]
 [ 4.70358854e+02  1.25160294e+02  5.54556795e+02  1.65223099e+02
  -2.32044159e-03]
 [ 5.73859008e+01  2.61410110e+02  7.42976629e+01  3.49616012e+02
   3.63871701e-01]
 [ 1.59364746e+02  2.65398590e+02  2.06343689e+02  3.40284821e+02
   1.58110505e-01]]