[[ 8.96303253e+01  1.01910915e+01  1.08086731e+02  2.21883373e+01
   2.61017249e-03]
 [ 1.19744446e+02  8.42044449e+00  1.75940857e+02  2.60293274e+01
   1.65246962e-03]
 [ 4.51104650e+00  3.29605408e+01  2.37690252e+01  4.70313034e+01
   4.36183043e-03]
 [ 3.65908881e+01  3.25736769e+01  7.33534927e+01  5.37053375e+01
   1.36510860e-01]
 [ 8.71457649e+01  3.50726547e+01  1.55343033e+02  4.76052170e+01
   4.36170982e-03]
 [ 1.66754778e+02  3.35101241e+01  1.85526991e+02  4.77368851e+01
   4.36156087e-03]
 [ 1.96832916e+02  3.36227646e+01  2.24066162e+02  4.79049988e+01
   4.36209992e-03]
 [ 4.82841978e+02  3.01934357e+02  5.98806826e+02  3.17888519e+02
  -6.60037443e-02]
 [ 2.47081726e+02  3.71864319e+01  3.92708435e+02  1.12705811e+02
   2.07178165e-02]
 [ 2.44479797e+02  1.16593109e+02  3.42559753e+02  1.88398163e+02
   3.50476990e-02]
 [ 2.23063950e+01  2.94789154e+02  1.81369390e+02  3.41905487e+02
   2.95628604e-02]
 [ 2.14495483e+02  3.02856323e+02  2.50593811e+02  3.34380738e+02
   4.79335997e-02]
 [ 5.07919846e+01  9.54923401e+01  1.48206818e+02  1.46925278e+02
  -6.84911286e-02]
 [ 3.23649445e+02  6.81373978e+00  3.87747284e+02  2.76384850e+01
   2.93202210e-03]
 [ 4.02584778e+02  7.02376747e+00  5.85750000e+02  2.82190380e+01
   1.52546474e-03]
 [ 5.09806912e+02  2.79775332e+02  5.57557346e+02  3.01781553e+02
  -5.76714586e-02]
 [ 5.67271562e+02  2.76457675e+02  5.97018843e+02  2.94387357e+02
  -6.60024691e-02]
 [ 3.58009921e+02  1.13459441e+02  5.70875916e+02  1.87843689e+02
   3.35155061e-02]
 [ 3.04480316e+02  2.96438354e+02  3.43839935e+02  3.16798645e+02
   2.56454150e-02]
 [ 8.47945866e+01  1.50885956e+02  2.06316352e+02  2.17605683e+02
   5.78907665e-03]]