[[ 3.27511322e+02  5.66842613e+01  3.79880463e+02  8.30567932e+01
  -6.88017398e-04]
 [ 3.95577057e+02  5.57539368e+01  4.10130035e+02  8.41877136e+01
   6.92334632e-02]
 [ 2.06052567e+02  3.88306549e+02  3.50287415e+02  4.09961517e+02
  -4.67050814e-02]
 [ 3.76770121e+02  3.80327333e+02  5.18073141e+02  4.13983275e+02
  -4.67054466e-02]
 [ 2.24358958e+02  4.40386596e+02  2.73020665e+02  4.74296509e+02
   2.46253032e-02]
 [ 2.94736133e+01  1.70477996e+02  1.74321884e+02  2.25917816e+02
   7.87340215e-02]
 [ 6.77354649e+00  4.43015175e+01  1.51214208e+02  9.30966034e+01
  -5.66421035e-04]]