[[ 9.26116596e+01  4.02606384e+02  1.90135044e+02  4.47773437e+02
  -1.54759082e-03]
 [ 2.19761322e+02  3.88543427e+02  2.35145264e+02  4.55501862e+02
   2.49226151e-01]
 [ 7.21654053e+01  2.98836914e+02  2.58491272e+02  3.43034485e+02
   4.88381046e-02]
 [ 2.87692627e+02  2.26908875e+01  5.71224576e+02  8.53020254e+01
   2.03504175e-02]
 [ 4.30546326e+02  1.13725319e+02  5.27204163e+02  1.70418060e+02
  -5.62926979e-03]
 [-1.00728393e+00  4.01337433e+02  1.16388716e+02  4.29417938e+02
  -2.76585990e-02]
 [ 2.68680237e+02  3.14709412e+02  3.75793396e+02  3.45758118e+02
   2.71847568e-02]
 [ 3.99043213e+02  3.10340729e+02  5.15424805e+02  3.49554901e+02
   2.71842751e-02]
 [ 5.48610901e+02  3.20023346e+02  5.69494812e+02  3.51025177e+02
  -2.17616480e-02]
 [ 3.00200684e+02  3.67761505e+02  4.05407593e+02  3.94403473e+02
   5.84715058e-02]
 [ 4.32084534e+02  3.61126953e+02  5.73682007e+02  4.04253967e+02
   5.84714995e-02]
 [ 5.77089183e+01  7.59315795e+01  2.88057892e+02  1.65862488e+02
   1.17831500e-02]]