[[ 3.77891113e+02  2.85525055e+02  4.16968262e+02  2.97572174e+02
   1.16849042e-01]
 [ 3.84849819e+02  5.96655581e+01  4.53276340e+02  7.32955167e+01
  -7.14630742e-02]
 [ 2.03903498e+02  5.08555674e+01  2.47630010e+02  7.70050207e+01
   1.01850757e-01]
 [ 2.63091736e+02  5.55747070e+01  3.01746460e+02  7.56159058e+01
   7.76793853e-02]
 [ 3.16630524e+02  5.69018707e+01  3.25250458e+02  8.03932648e+01
   2.78369737e-01]
 [ 4.14226227e+02  6.50087214e+00  5.08314789e+02  4.01211739e+01
  -2.88816705e-03]
 [ 1.19442078e+02  1.45147295e+01  1.55823975e+02  1.98126717e+01
  -4.15899305e-02]
 [ 9.85891724e+01  2.70784798e+01  1.88294525e+02  2.93517647e+01
  -8.48547812e-02]
 [ 3.35617758e+02  2.65792756e+02  3.94763651e+02  2.75128997e+02
  -5.67327943e-02]
 [ 3.57306335e+02  2.80583710e+02  4.53231140e+02  2.89971100e+02
  -1.28711529e-02]
 [ 2.07211722e+02  3.04866517e+02  2.72443948e+02  3.13782592e+02
  -8.16853279e-02]
 [ 2.84790459e+02  2.98318543e+02  3.03693489e+02  3.08109496e+02
  -8.26658489e-02]
 [ 3.12838165e+02  2.99037445e+02  3.48108612e+02  3.04429535e+02
  -8.52686392e-02]
 [ 2.07140488e+02  3.27196442e+02  2.29795914e+02  3.36613190e+02
  -7.90701731e-02]
 [ 2.40057669e+02  3.21527803e+02  2.85783533e+02  3.29262907e+02
  -8.00513953e-02]
 [ 2.97552319e+02  3.16915407e+02  3.40025196e+02  3.25108397e+02
  -8.00502764e-02]
 [ 3.12051392e+00  1.52628876e+02  1.83489685e+02  1.70963287e+02
   6.22632214e-03]]