[[ 8.83776093e+00  6.23287964e+01  4.99129028e+01  8.28119049e+01
   9.36577260e-03]
 [ 6.86722946e+01  6.65336914e+01  1.73912781e+02  8.39098969e+01
  -5.79998083e-02]
 [ 1.92884794e+02  6.89237364e+01  2.23156588e+02  8.44344484e+01
   8.37819482e-03]
 [ 2.99468994e+01  1.67279892e+02  1.34359650e+02  1.99390579e+02
   1.42711728e-02]
 [ 1.59914547e+02  1.66720367e+02  2.56712406e+02  2.10333466e+02
   1.83251875e-02]
 [ 2.85123535e+02  1.78066040e+02  3.22995056e+02  2.00105377e+02
   7.53469530e-03]
 [ 3.44481659e+02  1.71768875e+02  4.15363007e+02  2.10324936e+02
   1.42709248e-02]
 [ 3.74577347e+02  2.77330321e+01  4.23662155e+02  5.41428529e+01
   5.69421709e-03]
 [ 4.49979248e+02  2.78970108e+01  5.38491089e+02  5.47967072e+01
   5.69396796e-03]
 [ 5.68877625e+02  2.42712517e+01  5.84874084e+02  5.92429085e+01
   1.93340959e-01]
 [ 1.94172910e+02  1.04133987e+02  3.60288210e+02  1.36898560e+02
   1.82766305e-02]
 [ 4.16694036e+02  1.58827345e+02  5.17207178e+02  1.87051530e+02
   3.36293050e-02]]