[[ 1.09852600e+01  3.30099121e+02  7.33615112e+01  3.63044495e+02
   4.88565253e-02]
 [ 9.20316772e+01  3.35608215e+02  1.34218445e+02  3.57246704e+02
   3.86581707e-02]
 [ 4.60498303e+02  2.44268121e+02  4.20011768e+02  3.04672797e+02
   1.04666029e+00]
 [ 4.20016846e+02  3.18911743e+02  4.60561340e+02  3.65471619e+02
   2.05568217e-01]
 [ 1.64300171e+02  5.32884216e+01  2.28646790e+02  7.55168762e+01
   7.22362861e-02]
 [ 4.69066544e+01  1.14226570e+02  9.27541122e+01  1.16016914e+02
  -3.97982536e-01]
 [ 4.00572266e+02  1.56901718e+02  4.65013306e+02  1.78987381e+02
   1.06898940e-01]]