[[ 6.33084106e+01  1.65507965e+01  7.65113068e+01  4.56799850e+01
   2.89221493e-03]
 [ 8.77269135e+01  1.69382935e+01  1.30513794e+02  4.89011536e+01
   2.11006961e-02]
 [ 1.42553146e+02  1.80953407e+01  1.94232010e+02  5.31301308e+01
   2.11007507e-02]
 [ 5.37702881e+02  2.33598328e+01  5.90605103e+02  4.30741119e+01
  -2.48482974e-02]
 [ 5.16339264e+01  8.87826538e+01  1.17445419e+02  1.63642212e+02
   5.05820990e-01]
 [ 5.24972010e+02  1.00731792e+01  5.69641516e+02  2.76867362e+01
  -2.40675586e-02]
 [ 1.39928773e+02  1.05496397e+02  2.52780395e+02  1.42954164e+02
   1.14423314e-01]
 [ 3.28172791e+02  6.83253908e+00  4.02191528e+02  3.16589890e+01
  -3.38771844e-03]]