[[ 3.93535614e-01  1.47695999e+01  6.00726509e+01  4.04324188e+01
   5.21212373e-02]
 [ 6.26032850e+00  4.03278579e+01  6.47741928e+01  5.82254715e+01
   3.41981850e-02]
 [ 3.74029032e-01  6.30466537e+01  5.66580078e+01  8.29703751e+01
   8.81607317e-03]
 [ 8.00781021e+01  3.74582748e+01  2.29847992e+02  8.19734421e+01
  -2.61095721e-02]
 [ 4.24261903e+02  7.13615162e+01  5.51932768e+02  1.15684689e+02
   4.41509252e-02]
 [ 4.10053528e+02  2.72158081e+02  4.58081543e+02  2.84984131e+02
   7.22960021e-04]
 [ 4.66510803e+02  2.72194794e+02  4.88338989e+02  2.85006012e+02
   7.21105346e-04]
 [ 9.01908958e+01  1.51445913e+01  2.14281692e+02  5.14177780e+01
  -1.03075571e-03]
 [ 2.45942493e+02  7.15817645e+00  2.91021984e+02  4.02752990e+01
  -2.35554969e-03]
 [ 3.25995514e+02  4.25087814e+01  4.58440521e+02  7.73010559e+01
   5.26529057e-02]]