[[ 3.79862064e+01  2.00014338e+02  8.63829648e+01  2.75194402e+02
   6.46200988e-01]
 [ 1.14064998e+02  2.68758481e+02  1.32186879e+02  3.09740970e+02
   6.46201199e-01]
 [ 1.48761597e+02  2.70546356e+02  1.99099976e+02  2.87597626e+02
  -1.48515166e-01]
 [ 1.77215851e+02  2.25539703e+02  1.77726959e+02  2.45257721e+02
   4.01437284e-01]
 [ 1.97049250e+02  2.33310226e+02  2.83512700e+02  2.54698350e+02
   1.06755308e-01]
 [ 3.02541870e+02  2.39531311e+02  3.18720703e+02  2.60243988e+02
   1.91872208e-01]
 [ 4.95142149e+02  3.66424449e+01  5.75933382e+02  5.78671224e+01
  -8.21663199e-03]
 [ 3.89989735e+02  3.05607513e+02  4.61030284e+02  3.35225617e+02
   7.35672858e-02]
 [ 5.01902563e+02  2.20263975e+02  5.52126276e+02  2.51331731e+02
   8.42781607e-02]]