[[ 5.15636158e+00  3.46117835e+01  1.30697241e+01  5.35569254e+01
   7.83628181e-04]
 [ 2.98759612e+01  3.45537224e+01  8.65613576e+01  5.43422661e+01
  -2.50210577e-03]
 [ 1.02409202e+02  3.43312530e+01  1.26253365e+02  5.43225555e+01
   8.33896959e-04]
 [ 1.42120087e+02  3.42560082e+01  1.70096649e+02  5.41332588e+01
  -2.50218033e-03]
 [ 1.85930771e+02  3.41213303e+01  2.37886795e+02  5.39636383e+01
  -2.50211577e-03]
 [ 2.54819813e+02  3.39027786e+01  2.78773071e+02  5.39431763e+01
   9.11841081e-04]
 [ 3.09648458e+00  6.44035492e+01  3.28787457e+02  8.97420196e+01
  -1.95659291e-03]
 [ 4.06885398e+00  9.53430557e+01  5.07133154e+01  1.16179955e+02
  -1.56281087e-03]
 [ 6.95782394e+01  9.61572266e+01  1.08304680e+02  1.16123093e+02
   8.16843015e-04]
 [ 1.25175187e+02  9.50604782e+01  3.56787361e+02  1.20704369e+02
  -1.48691255e-03]
 [ 4.09381866e+00  1.26132141e+02  5.16695786e+01  1.49054382e+02
   8.07915863e-04]
 [ 7.24668258e+01  1.21423584e+02  1.52926241e+02  1.53150665e+02
   8.72079901e-02]
 [ 1.67984467e+02  1.30928923e+02  1.82910675e+02  1.46937318e+02
   8.66182227e-04]
 [ 6.10892487e+00  1.55322464e+02  1.27138649e+02  1.80001907e+02
   2.14388591e-02]
 [ 4.02676773e+00  1.87892853e+02  9.03565216e+01  2.08788666e+02
  -1.53778285e-04]
 [ 1.06235931e+02  1.88845428e+02  1.44043991e+02  2.08780426e+02
  -1.53374975e-04]
 [ 1.59969223e+02  1.88802160e+02  1.79868149e+02  2.08795191e+02
   8.63164499e-04]
 [ 1.98797119e+02  1.87791046e+02  2.75654114e+02  2.08760223e+02
  -1.53672412e-04]
 [ 4.01118469e+00  2.19743515e+02  1.00258806e+02  2.39680099e+02
   3.16101685e-04]
 [ 1.17153709e+02  2.19749496e+02  1.80845955e+02  2.39705551e+02
   3.15722869e-04]
 [ 1.98790466e+02  2.18746307e+02  2.16716797e+02  2.39723663e+02
   8.83723815e-04]
 [ 3.99326176e+00  2.54575653e+02  1.12151134e+02  2.70581573e+02
   7.87128673e-04]
 [ 1.31059708e+02  2.50647278e+02  1.69855057e+02  2.70626770e+02
   8.49189252e-04]
 [ 1.85806610e+02  2.50683228e+02  2.69584351e+02  2.70705139e+02
   7.84487381e-04]
 [ 2.88705933e+02  2.49255310e+02  3.65492432e+02  2.76497375e+02
   1.96892037e-02]
 [ 3.81651764e+02  2.50766785e+02  4.17738556e+02  2.70821472e+02
   7.84442183e-04]
 [ 3.73728485e+02  1.35354280e+01  4.57251129e+02  5.54190254e+01
  -2.47173637e-03]
 [ 3.72807657e+02  7.55625534e+01  4.49006857e+02  1.17684670e+02
   9.73486585e-04]
 [ 4.72048309e+02  7.54125290e+01  5.69823364e+02  1.17376305e+02
  -1.53242907e-03]
 [ 3.75687317e+02  1.37662018e+02  4.43971680e+02  1.79682587e+02
  -5.93278314e-04]
 [ 4.66975098e+02  1.37577896e+02  5.94981079e+02  1.79578232e+02
  -1.22924952e-03]
 [ 3.71658173e+02  2.00690781e+02  4.52925507e+02  2.40793411e+02
   3.31155405e-04]]