[[ 4.86495270e+02  5.86177214e+00  5.12621216e+02  3.84898338e+01
  -9.10768589e-03]
 [ 5.45548518e+02  1.33230515e+01  5.90368962e+02  4.75900306e+01
  -1.23933523e-02]
 [ 2.81465988e+01  1.84973373e+01  9.84847260e+01  6.02070389e+01
   1.16276828e-01]
 [ 2.81710650e+01  6.25954276e+01  1.06984145e+02  1.02683152e+02
   1.00906050e-01]
 [ 3.79553452e+02  1.44558807e+02  4.72963027e+02  1.63692810e+02
   8.96320533e-04]
 [ 4.92677917e+02  1.44660187e+02  5.42641541e+02  1.59751984e+02
   8.96406196e-04]
 [ 3.70875031e+02  1.13530540e+01  4.74137543e+02  2.93833427e+01
  -9.93198650e-02]
 [ 1.03082123e+01  1.26243713e+02  1.19049194e+02  1.72226044e+02
   2.53601496e-02]
 [ 1.54304138e+02  1.40281493e+02  1.79996429e+02  1.70598634e+02
  -3.80064637e-02]
 [ 2.17289265e+02  1.27050568e+02  2.85937878e+02  1.70616119e+02
   1.65798851e-04]]