[[ 1.68546650e+01  3.90603369e+01  8.04192169e+01  6.36413616e+01
   7.13633692e-02]
 [ 8.86534825e+01  4.58081812e+01  1.08588308e+02  6.61422124e+01
   9.37077194e-02]
 [ 4.43643127e+02  7.75120758e+00  5.94043122e+02  3.40220640e+01
  -7.21683201e-03]
 [ 2.58462013e+02  3.10797060e+02  2.80170067e+02  3.22444151e+02
  -7.87408493e-02]
 [ 2.89718880e+02  3.08234316e+02  3.28060538e+02  3.18665403e+02
  -8.29882686e-02]
 [ 3.62337646e+02  6.42957306e+01  4.41243164e+02  7.68105927e+01
  -7.68400200e-02]
 [ 1.09520737e+02  1.04740458e+01  1.54274033e+02  1.67250061e+01
  -6.13587722e-02]
 [ 1.34080750e+02  2.62197514e+01  1.91649994e+02  2.83061848e+01
  -8.82101930e-02]
 [ 2.44308440e+02  2.82499605e+02  3.28148454e+02  3.00858977e+02
  -8.42946404e-02]
 [ 1.28005060e+01  9.00594635e+01  9.81002203e+01  1.01495346e+02
   9.29202230e-03]
 [ 1.11723583e+02  9.10736999e+01  1.43796173e+02  1.01952347e+02
   1.05547973e-02]
 [ 4.08733917e+02  2.83359467e+02  4.62695709e+02  2.90092499e+02
  -2.37847412e-02]]