[[ 5.30039678e+02  4.32636837e+00  5.44340449e+02  4.09724750e+01
   2.30794118e-01]
 [ 5.80074770e+02  2.43679272e+00  5.90366881e+02  4.15184723e+01
   2.83735868e-01]
 [ 1.40133896e+02  1.09529343e+02  2.09601089e+02  1.29398666e+02
   6.84129422e-02]
 [ 3.52166687e+02  8.78653717e+00  4.15250549e+02  2.72132416e+01
   3.86836562e-03]
 [ 5.80733827e+01  9.85068606e+01  1.05538437e+02  1.50895111e+02
   4.97232529e-01]
 [ 4.14626453e+01  1.21382065e+01  1.17275426e+02  4.83360291e+01
   1.56818877e-02]
 [ 2.26484943e+02  1.25374328e+02  3.14464508e+02  1.46145264e+02
   7.16578836e-02]
 [ 3.85100521e+02  3.06592709e+01  4.11324344e+02  6.18415531e+01
   1.03521147e-01]
 [ 4.29746169e+02  2.81112236e+01  4.76977097e+02  4.61804100e+01
  -1.45254818e-01]
 [ 1.24087677e+02  1.39565763e+01  2.18469055e+02  5.45565071e+01
  -5.27431389e-03]]