[[ 1.04898003e+02  1.90934586e+02  1.68886688e+02  2.00524155e+02
  -7.85269399e-02]
 [ 1.95793823e+02  1.85260742e+02  2.51517181e+02  1.94325653e+02
  -7.52390687e-02]
 [ 2.00925848e+02  1.14191299e+02  2.59205683e+02  1.35700882e+02
   5.23474979e-03]
 [ 9.76992472e+01  1.64927659e+02  2.11280008e+02  1.69444717e+02
  -7.65164909e-02]
 [ 3.48977234e+02  9.20092545e+01  3.58400940e+02  1.12181679e+02
   2.48583091e-01]
 [ 3.71613892e+02  1.04296249e+02  3.76052795e+02  1.19546707e+02
   2.60312888e-01]]