[[ 2.57958125e+02  7.37811433e+01  3.55514714e+02  9.63151549e+01
  -2.91592847e-02]
 [ 5.06596639e+02  1.90555160e+02  6.02527263e+02  2.08060746e+02
   1.43159733e-02]
 [ 3.76953329e+02  7.00411991e+01  4.55213785e+02  8.74335476e+01
  -4.17637114e-02]
 [ 4.74935769e+02  6.91614080e+01  5.09466392e+02  8.60623011e+01
  -2.52856702e-02]
 [ 3.68177914e+02  2.74729950e+02  4.28493839e+02  2.94000092e+02
   7.73429809e-02]
 [ 5.41132202e+02  1.70118591e+02  5.97471069e+02  1.82349579e+02
  -4.29307105e-03]
 [-1.17259979e-01  2.12684994e+01  9.40492450e+01  6.97121449e+01
  -1.05711184e-02]]