[[ 4.41978536e+02  3.67048919e+02  4.76145304e+02  3.84218110e+02
   6.64773572e-02]
 [ 4.87336853e+02  3.65908997e+02  5.57548401e+02  3.94573303e+02
   1.35231096e-01]
 [ 4.24151041e+02  1.97403764e+02  5.05098349e+02  2.17262191e+02
  -3.48418759e-02]
 [ 5.31885315e+02  1.90430908e+02  5.95443176e+02  2.14113129e+02
  -3.48421129e-02]
 [ 3.47199333e+02  2.68913574e+02  5.39501961e+02  2.96431763e+02
   4.28220930e-03]
 [ 3.50194489e+02  2.94097290e+02  4.22630219e+02  3.25299377e+02
   8.15410654e-02]
 [ 4.45936553e+02  2.99583679e+02  4.91137178e+02  3.20301819e+02
   4.57210974e-03]
 [ 5.13155100e+02  2.95233940e+02  5.83900198e+02  3.32941109e+02
   1.45851158e-01]
 [ 1.44295705e+02  2.31052471e+01  3.94419688e+02  1.19101296e+02
   3.30479319e-02]
 [ 4.38009002e+02  1.73687222e+02  5.19197998e+02  1.85203003e+02
  -5.97818459e-02]
 [ 5.02974927e+00  2.59877350e+02  1.29806241e+02  2.87470673e+02
   4.74392133e-02]
 [ 4.67817769e+01  2.89520166e+02  4.34329067e+01  3.18194922e+02
   5.73902827e-01]
 [ 2.75592980e+02  1.32412558e+02  3.28284034e+02  1.76034464e+02
   2.42339190e-01]
 [ 3.95518985e+02  1.69284256e+02  4.40159299e+02  1.89737290e+02
   5.01327227e-03]
 [ 3.81371652e+01  2.70638330e+02  3.34304089e+01  3.11278295e+02
   5.97399465e-01]
 [ 5.94864960e+01  2.81059357e+02  1.38421432e+02  3.03665253e+02
   1.38472828e-02]
 [ 1.50674230e+02  2.81847503e+02  1.87818415e+02  3.05103302e+02
   2.64202530e-02]]