[[ 1.14310729e+01  1.99468841e+01  7.49079803e+01  5.81574555e+01
   3.06478123e-03]
 [ 1.94997284e+02  8.40934906e+01  2.70760143e+02  1.17150208e+02
   1.40467295e-02]
 [ 2.95162959e+02  8.45544429e+01  3.29798710e+02  1.17979554e+02
   1.40465258e-02]
 [ 4.57032076e+02  1.31442743e+01  5.87199858e+02  7.59625220e+01
   1.80642200e-01]
 [ 7.39423043e+01  8.55497320e+01  9.51559775e+01  1.19775662e+02
   3.84940430e-01]
 [ 4.06338980e+02  2.47662049e+02  4.71882273e+02  2.56051147e+02
  -2.15362007e-02]
 [ 8.72504982e+01  1.89214325e+01  1.85878591e+02  7.49099884e+01
   3.82483704e-03]
 [ 3.93695557e+02  2.69247818e+00  4.44020020e+02  3.63762550e+01
   1.51495741e-01]]