[[ 5.18482472e+02  8.73966501e+01  5.84122996e+02  1.41122210e+02
   1.99360390e-01]
 [ 4.82955994e+02  3.40262482e+02  5.61816467e+02  3.64190033e+02
   3.89157840e-03]
 [ 4.96367340e+01  9.04004211e+01  1.09772446e+02  1.25781616e+02
   2.14755424e-01]
 [ 4.63549325e+02  1.10994793e+01  4.80747672e+02  3.10508503e+01
   1.01391343e-01]
 [ 5.01268066e+02  9.44584656e+00  5.56743164e+02  3.81634979e+01
   1.33356962e-01]
 [ 4.61302593e+02  3.36453909e+01  5.23419941e+02  6.24896570e+01
   1.23171413e-01]
 [ 1.50325623e+02  1.65740555e+02  3.03870911e+02  1.96837387e+02
  -9.09988516e-03]
 [ 3.24975952e+02  1.70535080e+02  3.43175598e+02  2.00948318e+02
   2.06470103e-01]
 [ 1.46389778e+02  2.05698546e+02  1.86827873e+02  2.35532533e+02
   4.07953425e-02]
 [ 2.11153336e+02  2.08342087e+02  2.41113388e+02  2.36023392e+02
   4.07959465e-02]
 [ 4.83152679e+02  2.67704529e+02  5.89916382e+02  2.91447571e+02
  -3.50604643e-03]
 [ 4.90662056e+02  8.55690923e+01  5.16418267e+02  1.02604812e+02
   1.31741588e-01]
 [ 4.90759949e+02  1.10893417e+02  5.13230835e+02  1.29088837e+02
   1.80281562e-01]
 [ 4.86369484e+02  2.30856994e+02  5.25986107e+02  2.59876405e+02
   3.10910841e-02]
 [ 2.59967980e+02  2.05986282e+02  3.65667945e+02  2.40338303e+02
   1.01936498e-02]
 [ 5.10531169e+02  2.93677032e+02  5.71246907e+02  3.14029511e+02
   4.64613502e-02]]