[[ 8.42841780e+00  1.40601105e+02  4.78128446e+01  1.68873688e+02
  -1.64077329e-03]
 [ 7.75159806e+01  1.48708191e+02  1.65757632e+02  1.75608521e+02
  -1.70588645e-03]
 [ 9.91072695e+00  1.56142310e+01  4.41911197e+01  3.72215235e+01
   6.25764313e-02]
 [ 6.80070041e+01  1.61536250e+01  1.02812729e+02  4.20961309e+01
   7.00981276e-02]
 [ 1.28899107e+02  2.04290656e+01  2.02357577e+02  4.84127084e+01
   7.00981376e-02]
 [ 2.42028992e+02  1.46419464e+02  4.77145630e+02  1.75471344e+02
  -1.09077928e-02]
 [ 5.01115479e+02  1.45038300e+02  5.65683594e+02  1.70002136e+02
  -1.65862190e-03]
 [ 2.48858725e+02  2.22242001e+01  2.86144387e+02  3.51995613e+01
  -8.85599903e-02]
 [ 5.46297058e+02  1.91854019e+01  5.99426575e+02  3.23412628e+01
  -1.62707308e-01]
 [ 4.58110897e+01  3.90779186e+01  1.79852370e+02  6.51828011e+01
   5.58296872e-02]]