[[ 3.48614902e+02  1.07788449e+01  4.01192715e+02  3.13198566e+01
  -1.23647321e-03]
 [ 3.48266242e+02  4.65483388e+01  5.06906548e+02  7.76346141e+01
   4.50365756e-02]
 [ 7.64802061e+00  2.46978092e+01  6.30103656e+01  4.97282257e+01
  -6.88463980e-04]
 [ 7.50862885e+01  2.35891514e+01  1.31566132e+02  4.96810455e+01
  -6.88156530e-04]
 [ 1.46063965e+02  2.45264568e+01  2.05482300e+02  4.96301727e+01
  -1.45253495e-03]
 [ 2.20588043e+02  2.33828316e+01  2.85849182e+02  4.95748558e+01
  -6.88296970e-04]
 [ 3.03181854e+02  1.87093582e+01  3.65659271e+02  6.08273697e+01
   1.72861160e-01]]