[[ 3.83376526e+02  2.65977661e+02  6.00965725e+02  3.31668030e+02
   1.84498894e-03]
 [ 2.10153547e+02  1.43385110e+01  3.07183795e+02  4.96063686e+01
  -2.57438049e-02]
 [ 3.23351102e+02  1.46839752e+01  4.50730929e+02  5.26030579e+01
   4.18424170e-03]
 [ 4.69468872e+02  1.46567116e+01  5.36646689e+02  5.09557689e+01
   1.36229572e-02]
 [ 3.71675934e+02  4.01398712e+02  4.55346283e+02  4.25809540e+02
   5.71907022e-02]
 [ 8.42530098e+01  4.93570470e+01  1.35723362e+02  7.31501621e+01
   8.69587885e-02]
 [ 1.51985519e+02  5.53940353e+01  2.43761215e+02  7.75909348e+01
   1.64999870e-02]
 [ 2.61200500e+02  5.10409470e+01  3.11591858e+02  7.43080978e+01
   2.11195571e-02]
 [ 3.29798650e+02  5.50131602e+01  3.75854121e+02  7.56654897e+01
   2.11196890e-02]
 [ 3.94778503e+02  5.29698944e+01  4.71283508e+02  7.76811981e+01
   2.11196255e-02]
 [ 9.53616638e+01  7.94812317e+01  2.20346832e+02  1.05315872e+02
   3.07101680e-02]
 [ 2.37606623e+02  8.35572050e+01  2.92484090e+02  1.07531891e+02
   3.07100341e-02]
 [ 3.11947632e+02  8.46167679e+01  3.42567505e+02  1.09755699e+02
   7.72039636e-02]
 [ 3.62194489e+02  9.30049438e+01  4.12292694e+02  1.11122574e+02
   2.60493540e-02]
 [ 4.32236969e+02  8.83574219e+01  4.66781464e+02  1.12886276e+02
   3.07102390e-02]
 [ 2.59493988e+02  3.99134979e+02  2.69942596e+02  4.09059540e+02
   1.04541732e-01]
 [ 2.83228088e+02  3.98293854e+02  3.71169495e+02  4.19681000e+02
   1.04544690e-01]]