[[ 3.30724788e+02  2.75379608e+02  3.47015813e+02  2.86157013e+02
   8.05359491e-02]
 [ 3.65578975e+02  2.78024810e+02  4.21603581e+02  2.92177216e+02
   8.05381024e-02]
 [-1.21394134e+00  3.77519913e+01  4.26920183e+01  6.37272491e+01
  -9.59343840e-03]
 [ 6.69915161e+01  3.64141350e+01  1.28954437e+02  6.38266945e+01
  -9.73402885e-03]
 [ 5.16468811e+02  2.90156525e+02  6.01485901e+02  3.21007050e+02
  -1.67243765e-02]
 [ 2.83800446e+02  7.24986725e+01  4.07469818e+02  8.55603943e+01
  -2.77148685e-02]
 [ 4.24520203e+02  6.76294098e+01  4.87979431e+02  8.66057434e+01
  -2.52854623e-02]
 [ 5.07183884e+02  6.65194790e+01  5.41388717e+02  8.52549351e+01
  -2.52859170e-02]
 [ 5.07828979e+02  2.18356064e+02  5.72762590e+02  2.50719804e+02
   8.52437555e-02]
 [ 4.82998505e+01  2.18611908e+02  1.00159470e+02  3.32419830e+02
   6.80507095e-01]
 [ 1.83125625e+02  2.21459053e+01  2.62612839e+02  6.35745079e+01
  -4.83106174e-02]]