[[ 1.98814409e+02  8.26555023e+01  2.64942259e+02  9.84119874e+01
   4.67440768e-03]
 [ 2.78323888e+02  8.27069167e+01  3.06211451e+02  9.86049272e+01
   4.67453598e-03]
 [ 3.35187134e+02  2.99710693e+01  3.55231079e+02  7.64431458e+01
   6.59831947e-01]
 [ 3.08787689e+02  1.37529907e+02  3.88497406e+02  1.42957916e+02
  -8.48702817e-02]
 [ 4.18706879e+02  1.26303551e+02  4.55572540e+02  1.37251526e+02
  -8.48707232e-02]
 [ 1.14195495e+02  1.34172592e+02  2.56826668e+02  1.47641952e+02
  -5.30365195e-03]
 [ 3.56374420e+02  1.23467064e+01  3.93488922e+02  3.72984428e+01
   2.91277011e-02]
 [ 4.13341077e+02  6.45729356e+00  5.10619311e+02  3.93609809e+01
  -2.78968560e-03]]