[[ 3.71927979e+02  2.17101456e+02  4.71934265e+02  2.50332809e+02
   2.00817115e-01]
 [ 3.39201866e+02  2.30896513e+02  4.28697853e+02  2.69454469e+02
   2.07926040e-01]
 [ 3.14205376e+02  2.51845396e+02  4.67582710e+02  3.12019777e+02
   2.32952744e-01]
 [ 2.62307709e+02 -5.88893890e-02  3.30515106e+02  3.01260834e+01
   9.93697067e-02]
 [ 3.51197540e+02  1.05547600e+01  3.98054047e+02  3.68596039e+01
   9.93700175e-02]
 [ 2.51481440e+02  2.03463738e+01  3.98277471e+02  7.01015174e+01
   1.33825170e-01]]