[[ 3.89081268e+02  1.44919128e+02  4.82664703e+02  1.32681732e+02
  -4.01291973e-01]
 [ 5.74740930e+01  1.03153839e+01  1.28187746e+02  3.84796753e+01
  -1.06903561e-02]
 [ 6.40720062e+01  5.39592056e+01  9.86683197e+01  8.03553238e+01
  -2.22063121e-02]
 [ 1.23087997e+02  5.92907524e+01  1.42349045e+02  7.93851815e+01
  -7.79766565e-02]
 [ 4.85669373e+02  1.63310089e+02  5.37310010e+02  1.81208862e+02
   5.90248947e-04]
 [ 4.30987787e+02  3.15928436e+02  4.65821173e+02  3.34423859e+02
  -9.92663546e-03]
 [ 4.85249634e+02  2.20715420e+02  4.90747192e+02  2.38442417e+02
   3.37841289e-02]
 [ 5.03811216e+02  2.24886215e+02  5.30010928e+02  2.39628983e+02
   3.25821013e-02]
 [ 3.49483261e+01  1.11536102e+02  1.14777565e+02  1.52680511e+02
   2.97280761e-01]
 [ 4.56428040e+02  1.01253567e+01  4.90012756e+02  2.51115093e+01
   2.84032566e-02]
 [ 5.07891235e+02 -1.04986954e+00  5.93745483e+02  3.49278336e+01
   1.04068686e-01]
 [ 4.54869629e+02  3.36286011e+01  5.00177856e+02  5.44272614e+01
   3.95631643e-02]
 [ 5.16573730e+02  3.58801956e+01  5.83847900e+02  6.40981064e+01
   1.28918588e-01]
 [ 5.19479224e+02  1.79734317e+02  5.63739404e+02  1.89815610e+02
  -1.12431240e-01]
 [ 5.33966290e+02  2.06719621e+02  6.03286152e+02  2.23994125e+02
  -4.46898900e-02]
 [ 4.80921691e+02  2.34613617e+02  5.30773072e+02  2.58418976e+02
   5.20880064e-02]]