[[ 7.71207047e+00  1.10661125e+02  1.15796761e+02  1.55681282e+02
  -8.35117261e-03]
 [ 1.26639091e+02  1.21215576e+02  2.04906433e+02  1.53444458e+02
  -4.96536007e-02]
 [ 3.29214554e+01  1.73949188e+02  8.22420349e+01  2.09729553e+02
  -4.91547590e-01]
 [ 8.44201317e+01  1.69324278e+02  1.79017925e+02  2.17415591e+02
   9.30372968e-02]
 [ 3.55630875e+00  3.04066956e+02  6.03128853e+01  3.39440186e+02
   2.48789231e-02]
 [ 9.39166565e+01  3.03996948e+02  2.69656112e+02  3.40327820e+02
   8.69417441e-03]
 [ 3.71491760e+02  8.94105988e+01  5.59655762e+02  1.55892715e+02
   2.78494717e-02]
 [ 4.72966064e+02  2.91441528e+02  5.95802612e+02  3.22158386e+02
  -1.91889370e-02]
 [ 7.91634369e+00  3.37620277e+01  2.03353284e+02  6.26710170e+01
  -1.04211929e-01]
 [ 2.31886124e+02  2.98370056e+02  2.50151993e+02  3.14722046e+02
   3.09627609e-02]
 [ 2.66783691e+02  2.99450958e+02  3.42885132e+02  3.23378571e+02
   3.09613134e-02]
 [ 2.05703236e+02  4.88709258e+00  2.79609752e+02  3.29116211e+01
   1.39865070e-03]
 [ 3.05273071e+02  1.27368727e+01  4.40435425e+02  3.24193192e+01
  -1.05427413e-01]
 [ 4.69348309e+02  1.46324577e+01  5.64144226e+02  3.38834381e+01
   2.03424097e-03]]