[[ 7.30072784e+01  1.83235970e+01  1.03597382e+02  3.80014305e+01
   7.04968696e-03]
 [ 1.17613998e+02  1.33163452e+01  1.62994648e+02  4.08590394e+01
   1.61793409e-02]
 [ 1.81703339e+02  2.35000000e+01  1.95672394e+02  4.24311676e+01
   2.12041777e-02]
 [ 5.42483614e+02  2.63052738e+01  5.89641874e+02  4.21207726e+01
  -2.48262202e-02]
 [ 8.52655818e+01  1.14577207e+02  1.22745227e+02  1.54118902e+02
   4.88878174e-01]
 [ 3.29236984e+02  1.05983702e+01  3.98356461e+02  3.21316322e+01
  -9.97248893e-02]
 [ 4.71346817e+01  2.88966293e+01  8.46330372e+01  5.15271913e+01
   3.91059276e-02]
 [ 9.68943542e+01  3.63129501e+01  1.17253229e+02  5.26532746e+01
   4.62810739e-02]
 [ 1.31685913e+02  3.79243088e+01  1.54968140e+02  5.66072464e+01
   4.62818918e-02]
 [ 5.53564087e+02  8.82989120e+00  5.96414185e+02  2.95918045e+01
   1.18401895e-02]
 [ 4.96593689e+01  9.71581565e+01  8.17217986e+01  1.37969470e+02
   4.97232279e-01]]