[[ 1.63171122e+02  4.56010958e+02  3.10684973e+02  4.53843229e+02
  -3.13129821e-01]
 [ 2.55025671e+02  2.80290954e+02  2.99981348e+02  3.03570130e+02
   9.48620722e-03]
 [ 2.53659882e+02  3.10021210e+02  2.99182037e+02  3.44010529e+02
   1.18784322e-01]
 [ 7.29483633e+01  4.23561806e+02  1.13089021e+02  4.33487937e+02
  -4.77126144e-01]
 [ 2.11739731e+01  1.87956429e+01  9.59341660e+01  5.03577385e+01
  -3.39015567e-02]
 [ 1.27069522e+02  1.56826268e+01  2.39565213e+02  4.78997725e+01
  -9.57573772e-03]
 [ 1.75471191e+02  2.95052887e+02  2.56236023e+02  3.29047272e+02
  -3.25632654e-03]
 [ 2.71878751e+01  4.83908464e+01  1.61803366e+02  6.14624174e+01
  -3.10025928e-02]
 [ 1.78010649e+02  4.75741578e+01  2.13497957e+02  5.77254638e+01
  -4.26576187e-02]]