[[ 2.78652172e+02  2.64654996e+02  3.35088795e+02  3.19921664e+02
   1.31271802e-01]
 [ 2.94034494e+01  1.84755264e+02  9.65234916e+01  2.05735459e+02
   6.23610574e-02]
 [ 8.80479889e+01  1.98323746e+02  1.12575562e+02  2.12903030e+02
   5.86622248e-02]
 [ 1.17497147e+02  1.99194412e+02  1.81465871e+02  2.18991104e+02
   5.82059707e-02]
 [ 1.87175492e+02  2.05937072e+02  2.11096450e+02  2.19395051e+02
   5.95759046e-02]
 [ 3.32035291e+02  1.68725602e+02  4.61344836e+02  1.70540999e+02
  -6.08043841e-02]
 [ 3.11643372e+01  2.36036179e+02  1.13456497e+02  2.45804153e+02
  -6.56442708e-03]
 [ 3.93316487e+02  1.89232617e+02  5.13525402e+02  2.24322160e+02
   7.61812937e-02]]