[[ 8.19098206e+01  1.58838623e+02  1.62813828e+02  1.79686951e+02
  -8.90640583e-03]
 [ 6.88735346e+01  2.04533844e+02  1.37478241e+02  2.26466370e+02
   1.02357267e-02]
 [ 1.06700684e+02  3.11193573e+02  2.18782990e+02  3.92564972e+02
   1.53201528e-01]
 [ 1.58056091e+02  6.49781647e+01  3.60390930e+02  1.47039169e+02
   2.18009511e-03]
 [ 3.86805463e+01  2.33298661e+02  1.10486381e+02  2.41888290e+02
  -3.86323225e-02]
 [ 9.88944855e+01  1.56610809e+02  1.39878372e+02  1.67447144e+02
  -2.23177058e-02]
 [ 1.52364253e+02  1.50871414e+02  1.97717809e+02  1.69975418e+02
   7.52360489e-02]
 [ 1.51628945e+02  3.05560517e+02  2.43785789e+02  3.23516082e+02
  -1.07711155e-01]
 [ 4.90545044e+01  1.62164421e+01  4.98380310e+02  1.00744598e+02
  -7.79194833e-03]]