[[ 1.58720452e+02  2.70154969e+02  4.88786949e+02  3.45584289e+02
  -1.37871633e-02]
 [ 2.84888550e+02  4.92052879e+01  5.36872131e+02  1.55909958e+02
  -3.44832409e-03]
 [ 3.73918839e+01  1.91122375e+02  1.00218483e+02  2.08165955e+02
   2.85322239e-02]
 [ 1.10907272e+02  1.92826279e+02  1.60438828e+02  2.06038132e+02
   1.63788104e-02]
 [ 2.13135453e+02  3.82784546e+02  3.50897567e+02  4.46224182e+02
  -1.12430032e-02]
 [ 3.73286102e+02  3.70866760e+02  5.05818390e+02  4.44482422e+02
  -1.12431678e-02]
 [ 2.54289580e+01  1.97688185e+01  1.09640164e+02  4.15877870e+01
  -1.34630372e-01]
 [ 1.27732441e+02  8.33211945e+00  2.23049847e+02  3.75797153e+01
  -3.99727196e-02]
 [ 1.45155983e+01  6.27744408e+01  9.86246414e+01  8.83543587e+01
  -1.16439310e-02]
 [ 1.18081786e+02  5.92056161e+01  2.59934731e+02  8.70979461e+01
  -7.78860495e-03]
 [ 8.75146759e+01  1.06899162e+02  1.52528079e+02  1.33380310e+02
  -1.24267440e-03]
 [ 1.70808931e+02  1.08536751e+02  2.39373198e+02  1.33272430e+02
  -1.24237202e-03]
 [-4.29052420e+00  1.74970016e+02  6.11591122e+01  1.87804977e+02
   1.29784534e-02]
 [ 6.66701382e+01  1.75183594e+02  1.19327405e+02  1.88559937e+02
   1.29782896e-02]]