[[ 2.93850520e+02  3.27784363e+02  3.38489263e+02  3.45491211e+02
   1.93137284e-02]
 [ 4.11061035e+02  6.19820404e+00  4.97267456e+02  3.88024368e+01
   6.66987953e-03]
 [ 3.93041595e+02  5.89423981e+01  4.53501068e+02  7.96358643e+01
   8.14675120e-02]
 [ 4.71585910e+02  5.79483271e+01  4.73918363e+02  8.57571477e+01
   4.18381649e-01]
 [ 4.95045410e+02  6.65552368e+01  4.95612915e+02  8.62105713e+01
   4.40557078e-01]
 [ 5.17348032e+02  6.07452895e+01  5.27813351e+02  1.02317000e+02
   4.56087246e-01]
 [ 5.48449585e+02  6.60003128e+01  5.96619263e+02  9.54904556e+01
   1.61043847e-01]
 [ 1.18241470e+02  1.19524246e+02  1.61526505e+02  1.38145096e+02
   7.19233655e-02]
 [ 3.62971741e+02  2.28528427e+02  3.93380188e+02  2.41701401e+02
  -2.01619967e-02]
 [ 3.42768158e+02  2.50043259e+02  3.90867584e+02  2.66919067e+02
  -6.90242758e-02]]