[[ 2.44908203e+02  6.86465454e+01  3.40712280e+02  9.03302917e+01
  -2.52858409e-02]
 [ 3.64360482e+02  5.62794274e+01  4.56500907e+02  9.19822914e+01
  -3.62361490e-02]
 [ 5.07718310e+02  2.17145874e+02  5.63098816e+02  2.46466187e+02
   3.64153154e-03]
 [ 5.05975708e+02  3.68981590e+01  5.72967529e+02  5.62464027e+01
  -4.95719183e-02]
 [ 1.77699594e+01  1.94477499e+02  7.13401413e+01  3.05781555e+02
   7.51398218e-01]
 [ 1.73696891e+02  2.27002257e+02  3.07611474e+02  2.58268649e+02
   9.69483287e-02]
 [ 2.04025558e+02  8.85283737e+01  2.31875717e+02  9.83404617e+01
  -2.04751480e-02]
 [ 2.35011120e+02  8.76613618e+01  2.49205982e+02  9.79855803e+01
  -3.01602403e-02]
 [ 4.66311005e+02  4.40445900e+01  5.04384674e+02  5.63138924e+01
  -4.65811251e-02]]