[[ 2.49214559e+02  1.70699798e+02  3.23636210e+02  2.19318024e+02
   3.35587327e-02]
 [ 3.53871875e+01  1.03764611e+01  1.65271077e+02  4.22044029e+01
  -1.18538178e-02]
 [ 1.94804688e+02  9.93562603e+00  2.18758118e+02  4.15703468e+01
  -5.44970406e-02]
 [ 2.63065153e+01  2.71104094e+02  8.38181528e+01  3.48074068e+02
   1.46806006e-01]
 [ 1.44966615e+02  2.92582131e+02  1.82453795e+02  3.42366478e+02
   5.18482356e-02]
 [ 5.09529278e+02  2.77772369e+02  5.79910175e+02  2.96351044e+02
   1.44249382e-03]
 [ 5.33330619e+02  2.07236115e+02  5.96621164e+02  2.21045776e+02
  -5.04736587e-02]
 [ 5.45752753e+02  2.35187650e+02  5.97543023e+02  2.49607882e+02
   4.33598669e-02]
 [ 1.23710999e+02  1.66901855e+02  2.30029022e+02  2.02718811e+02
   7.57137425e-02]
 [ 2.53734085e+02  8.75099182e+00  2.97878357e+02  2.37105484e+01
  -6.88995929e-03]
 [ 3.09826538e+02  8.61247730e+00  3.19679749e+02  2.35603371e+01
  -2.44260658e-02]
 [ 1.34581390e+02  2.71048126e+02  2.80178223e+02  3.08259430e+02
   8.86245749e-02]
 [ 1.95456741e+02  3.08002319e+02  2.58387513e+02  3.29023804e+02
   2.48682699e-02]
 [ 4.93811820e+02  2.96044678e+02  6.05780823e+02  3.24048462e+02
   2.29108264e-02]
 [ 5.29501532e+02  1.54900035e+02  5.70351251e+02  1.63857595e+02
  -1.89289053e-01]
 [ 5.39708008e+02  1.78118958e+02  5.99164673e+02  1.88160675e+02
  -1.08313763e-01]]