[[ 8.44605409e+00  4.64145925e+01  5.45943222e+01  5.59637566e+01
  -1.80577792e-01]
 [ 3.65630615e+02  8.84667511e+01  4.03825134e+02  9.83636627e+01
  -8.54397478e-02]
 [ 4.14274475e+02  8.24674225e+01  4.68556030e+02  9.35401611e+01
  -8.68480615e-02]
 [ 3.05202735e+02  2.35795440e+02  4.22992272e+02  2.63150575e+02
   3.47920310e-02]
 [ 1.98747588e+01  1.09304596e+02  9.76852140e+01  1.47673493e+02
   7.19494967e-02]
 [ 4.51184043e+02  2.58205229e+02  5.18163430e+02  2.74102693e+02
   4.41283256e-02]
 [ 5.32632617e+02  2.61062683e+02  5.71946973e+02  2.77101929e+02
   4.44506250e-02]]