[[ 4.58357626e+01  2.35290514e+01  1.02568260e+02  2.78684934e+01
  -8.65254645e-02]
 [ 1.12974524e+02  2.09708921e+01  1.50079988e+02  2.60137843e+01
  -7.75043089e-02]
 [ 4.33759491e+02  1.07180262e+01  5.02392914e+02  3.10115738e+01
  -1.58310713e-02]
 [ 5.09937378e+02  7.38333035e+00  5.58965942e+02  3.14350433e+01
  -3.49630884e-03]
 [ 5.77631174e+02  2.91076197e+00  5.86383718e+02  3.79464463e+01
   3.83851858e-01]
 [ 3.36121356e+02  2.68669190e+02  3.74679608e+02  2.75059448e+02
  -3.83716986e-02]
 [ 3.47628937e+02  2.78865967e+02  4.11036102e+02  2.85477478e+02
  -2.04959295e-02]
 [ 3.66250449e+02  2.88625824e+02  4.50453836e+02  2.95093231e+02
  -5.60420138e-03]
 [ 2.47582031e+02  4.65007095e+01  2.94484619e+02  7.37326279e+01
   1.15057657e-01]
 [ 3.07056641e+02  5.29091492e+01  3.11135559e+02  7.12316284e+01
   2.70506588e-01]
 [ 3.22143799e+02  5.55108948e+01  3.53089600e+02  7.33688049e+01
   8.88634721e-02]
 [ 1.30507019e+02  2.87458553e+01  1.97691345e+02  3.16427479e+01
  -9.16220291e-02]
 [ 2.01450172e+02  2.37247760e+01  2.30788078e+02  2.75634930e+01
  -9.42186382e-02]
 [ 2.54104324e+02  2.73517212e+02  2.90882202e+02  2.89598328e+02
  -9.05070668e-02]
 [ 2.56041565e+02  2.94733215e+02  2.95264465e+02  3.13987122e+02
  -8.81919611e-02]
 [ 1.63833115e+02  4.64861183e+01  1.67117966e+02  5.47094688e+01
   1.61615951e-01]
 [ 1.81330628e+02  4.27245242e+01  2.47185729e+02  6.50029920e+01
   8.72551581e-02]]