[[ 1.15257645e+01  1.37144913e+02  1.81613464e+02  2.16104111e+02
  -3.54283148e-02]
 [ 1.16047668e+00  1.33882790e+01  1.42253677e+02  4.37718430e+01
   4.10019432e-03]
 [ 1.82113159e+02  4.68213272e+00  2.45605653e+02  4.41956215e+01
   4.10033008e-03]
 [ 5.05645355e+02  2.91556274e+02  5.76860840e+02  3.15036865e+02
  -1.49371811e-03]
 [ 3.35657726e+02  6.39165569e+01  4.04146779e+02  1.23437752e+02
   2.26561060e-02]
 [ 4.49811800e+02  6.08420327e+01  5.62423185e+02  1.27024300e+02
   2.26562341e-02]
 [ 4.77813690e+02  1.96267654e+02  5.18572321e+02  2.09180893e+02
  -5.43217976e-02]
 [ 4.05821960e+02  3.09394684e+02  4.40228699e+02  3.21273773e+02
  -6.69325750e-02]
 [ 4.54453796e+02  2.99431915e+02  4.94161377e+02  3.16080292e+02
  -7.20518146e-02]]