[[ 2.80220154e+02  4.66102123e+00  3.94923889e+02  3.43807793e+01
  -1.14431331e-03]
 [ 2.82822083e+02  5.25615883e+01  5.56423279e+02  8.75914917e+01
  -5.97888374e-04]
 [ 3.57545280e+01  3.47840500e+01  6.43958812e+01  5.26921692e+01
  -5.97973454e-04]
 [ 7.64263605e+01  3.57510289e+01  9.15410620e+01  5.26759425e+01
  -1.12927088e-01]
 [ 1.04750488e+02  3.47128372e+01  1.64221893e+02  5.36216812e+01
  -1.14422241e-03]
 [ 1.78452327e+02  3.35815201e+01  2.83830632e+02  5.25609665e+01
  -5.98016590e-04]
 [ 2.99128996e+02  3.25674323e+01  4.06149385e+02  5.85404168e+01
   5.41171664e-02]
 [ 4.19851322e+02  3.83873139e+01  4.63143552e+02  5.64401092e+01
  -4.77679127e-04]]