[[ 1.75236006e+02  1.52490524e+02  2.25735796e+02  1.81554489e+02
  -1.40211513e-04]
 [ 2.63511871e+02  1.39394638e+02  3.36390717e+02  1.81538986e+02
  -1.40290631e-04]
 [ 5.40563965e+01  2.73116394e+02  3.67165741e+02  3.62924194e+02
   4.73517544e-03]
 [ 1.04082550e+02  1.52381668e+01  1.50913025e+02  4.91032257e+01
   1.22750938e-01]
 [ 1.00685852e+02  1.17422981e+02  1.25743088e+02  1.42293304e+02
  -5.48003336e-02]
 [ 1.41026184e+02  1.13945709e+02  2.11276459e+02  1.55133606e+02
   1.80766676e-01]
 [ 2.28342893e+02  1.17799255e+02  2.70591433e+02  1.42431335e+02
   9.52952711e-04]
 [ 1.75056737e+02  5.48068985e+00  2.08023768e+02  2.27616312e+01
   1.51781964e-02]
 [ 3.91759178e+01  2.35946365e+02  6.82345894e+01  2.46852432e+02
   1.02136663e-02]
 [ 7.65240402e+01  2.36308350e+02  1.21093071e+02  2.51990906e+02
   1.10518554e-02]
 [ 1.32304920e+02  2.36897613e+02  1.81877331e+02  2.48081757e+02
   1.02142567e-02]
 [ 1.93566956e+02  2.37473923e+02  2.77836731e+02  2.49120438e+02
   1.08004368e-02]
 [ 5.44296875e+01  4.36093597e+01  1.15829742e+02  7.22451324e+01
   6.27261977e-02]]