[[ 8.67218597e+01  5.07366028e+01  2.76234741e+02  1.41686157e+02
   1.56678995e-03]
 [ 5.45551851e+01  2.35636063e+02  1.16340780e+02  2.40269455e+02
  -3.95820477e-02]
 [ 1.33249756e+02  2.29984116e+02  1.56367676e+02  2.38712997e+02
  -3.98656226e-02]
 [ 3.67822449e+02  2.98897217e+02  4.49056702e+02  3.69051025e+02
   5.46343628e-02]
 [ 4.75860535e+02  3.01122864e+02  5.53152919e+02  3.62521425e+02
   4.99976228e-02]
 [ 2.70512706e+02  1.87521224e+02  4.01621937e+02  2.24693925e+02
   3.04563985e-02]
 [ 7.76982422e+01  1.99407104e+02  1.51758918e+02  2.18344544e+02
   5.95762962e-02]
 [ 1.65135322e+02  1.99084777e+02  2.33177606e+02  2.23877930e+02
   6.71498227e-02]
 [ 7.99817505e+01  7.47864437e+00  4.01220917e+02  5.56190796e+01
  -1.01014162e-02]
 [ 3.56493011e+02  1.76421432e+02  3.85930939e+02  1.82680344e+02
  -6.80513079e-02]
 [ 4.04239410e+02  1.73694016e+02  4.78912201e+02  1.75975357e+02
  -7.12890923e-02]
 [ 4.85799500e+02  2.54763397e+02  5.64232483e+02  2.72177155e+02
   9.27759311e-03]
 [ 4.72675110e+02  2.78691559e+02  5.04823975e+02  2.93298248e+02
   2.41405945e-02]
 [ 5.10240614e+02  2.79434325e+02  5.28422258e+02  2.93868043e+02
   1.87297551e-02]
 [ 5.34828888e+02  2.79823547e+02  5.61228363e+02  2.97748048e+02
   2.53128905e-02]
 [ 5.67607768e+02  2.80508972e+02  5.83694600e+02  2.95202637e+02
   1.87304107e-02]
 [ 3.90781372e+02  2.03126099e+02  4.27065735e+02  2.16771545e+02
   4.96536576e-02]
 [ 4.50527440e+02  2.05689376e+02  5.08605494e+02  2.20823533e+02
   4.96529657e-02]]