[[ 2.31183014e+02  1.76732101e+01  3.20818573e+02  5.03961716e+01
   1.01466835e-01]
 [ 3.36592407e+02  2.95691071e+01  3.49395081e+02  4.80374298e+01
  -6.02289096e-03]
 [ 9.43571270e+01  1.75976333e+02  1.69758931e+02  2.15679734e+02
   1.86617321e-01]
 [ 1.91432770e+02  1.92148282e+02  2.41470306e+02  2.29219851e+02
   1.86616851e-01]
 [ 1.12924646e+02  3.41096466e+02  2.53798438e+02  3.92980804e+02
  -2.37636058e-03]
 [ 1.32811211e+02  8.76348895e+01  1.44946787e+02  1.41825327e+02
   5.40315940e-01]
 [ 3.34820190e+02  4.28499985e+01  3.82909302e+02  7.29710693e+01
   1.65175676e-03]
 [ 2.43560861e+01  1.86950287e+02  8.19786783e+01  2.19861146e+02
   2.06464035e-01]
 [ 1.01848206e+02  1.95564606e+02  1.47273651e+02  2.31028168e+02
   2.04219988e-01]
 [ 1.10187361e+01  3.71438995e+02  1.76910097e+02  4.09901764e+02
  -1.13386814e-03]
 [ 6.04243292e+01  2.62330623e+01  9.71929382e+01  4.82996228e+01
   1.92638242e-01]
 [ 3.82497559e+01  5.08429565e+01  9.01865692e+01  8.52364044e+01
   2.18989865e-01]]