[[ 5.72463013e+02  3.00292755e+02  5.93843384e+02  3.32838226e+02
   5.25979551e-01]
 [ 5.71073547e+02  3.33108124e+02  5.96084290e+02  3.66858612e+02
   4.95597208e-01]
 [ 5.44336853e+02  3.62765503e+02  5.73389954e+02  3.85758911e+02
   1.60722383e-01]
 [ 4.34894547e+02  2.09338379e+02  4.65741501e+02  2.38163330e+02
   1.93459076e-03]
 [ 1.19953747e+01  4.22808876e+01  6.22232971e+01  5.52103233e+01
  -8.26220939e-02]
 [ 1.10415831e+01  6.78644485e+01  3.95891914e+01  8.12444687e+01
  -9.53568345e-02]
 [ 5.91169662e+01  6.20730209e+01  6.32042465e+01  7.91416092e+01
   1.98162756e-01]]