[[ 3.24240922e+02  1.00782796e+01  3.57458236e+02  3.34647292e+01
  -5.17454371e-03]
 [ 3.65431315e+02  8.85400326e+00  4.05553975e+02  2.72515942e+01
  -1.53571132e-02]
 [ 7.26597900e+01  1.00469467e+02  4.93604393e+01  1.29340668e+02
   1.11334519e+00]
 [ 8.09128077e+01  1.08432706e+02  1.07603428e+02  1.54363253e+02
   5.67087036e-01]
 [ 2.02197678e+02  1.11664039e+02  2.79312744e+02  1.23371819e+02
  -2.13194158e-02]
 [ 1.74207581e+02  1.22487762e+02  2.72771301e+02  1.40256042e+02
   5.14482624e-02]
 [ 5.26005615e+02  3.42476578e+01  5.84029663e+02  5.04976273e+01
   1.86364720e-03]
 [ 1.08907898e+02  5.38957596e+00  1.78673706e+02  5.85834732e+01
   9.24244099e-02]
 [ 2.33035429e+02  1.61164663e+01  3.09044100e+02  5.57934381e+01
   9.46748145e-02]
 [ 5.46787555e+02  7.99805582e+00  5.91047040e+02  3.69907671e+01
   5.83992571e-02]
 [ 3.65817337e+01  6.81949997e+00  9.40153446e+01  4.29783326e+01
   5.52280969e-02]]