[[ 2.97272491e+02  2.65905029e+02  4.33603119e+02  3.12678040e+02
   1.05867530e-01]
 [ 2.93093241e+02  3.05640318e+02  5.28636282e+02  3.70444280e+02
   1.06320960e-01]
 [ 4.16204041e+02  1.95175110e+02  4.72237244e+02  2.17922089e+02
  -2.43475452e-04]
 [ 4.91155701e+02  1.96686325e+02  5.85193298e+02  2.27624893e+02
   5.78635738e-02]
 [ 4.84863525e+02  1.40700256e+02  5.81431885e+02  1.66815582e+02
   3.02811268e-02]
 [ 2.38654999e+02  9.30549526e+00  4.80388458e+02  9.07536392e+01
  -5.11468282e-03]
 [ 3.17507904e+02  1.43664612e+02  3.45580536e+02  1.68489990e+02
   1.33523074e-01]
 [ 1.45514206e+02  2.46916763e+02  1.79216476e+02  2.54644974e+02
  -5.62255307e-02]
 [ 1.93639008e+02  2.36592889e+02  2.09881592e+02  2.59485998e+02
   1.17272499e-03]
 [ 3.31736336e+01  2.03050995e+02  1.11150375e+02  2.31771515e+02
  -2.05579553e-02]
 [ 1.14786377e+01  2.59374817e+02  2.44176605e+02  3.81069763e+02
   1.06554280e-01]
 [ 2.63147766e+02  2.04228149e+02  2.75720520e+02  2.21447876e+02
  -8.78426710e-02]
 [ 2.90372253e+02  2.08250549e+02  3.04343750e+02  2.20599915e+02
  -3.69479117e-03]
 [ 3.19664680e+02  2.08142243e+02  3.34630791e+02  2.21506683e+02
  -3.69486682e-03]
 [ 3.49629395e+02  2.09846619e+02  3.97171936e+02  2.21528381e+02
  -3.06419218e-03]
 [ 2.85226117e+01  9.80656814e+00  2.13227362e+02  3.97612534e+01
   1.38393424e-03]
 [ 2.67599640e+01  4.37916412e+01  1.40740677e+02  6.94049911e+01
   8.38190730e-03]
 [ 2.32488068e+02  1.33189606e+02  3.11305573e+02  1.62886719e+02
   1.19181314e-01]
 [ 1.08853699e+02  1.87550781e+02  1.28821182e+02  2.05497620e+02
  -2.62561054e-02]
 [ 1.33790752e+02  1.87088654e+02  1.68719716e+02  2.04771118e+02
  -1.93342803e-02]]