[[ 3.09822144e+02  1.39213409e+02  3.58759033e+02  1.49028320e+02
  -8.43807133e-02]
 [ 3.71557068e+02  1.36499695e+02  3.96016907e+02  1.45877014e+02
  -8.59611887e-02]
 [ 4.07562655e+02  1.33396945e+02  4.50065030e+02  1.41305540e+02
  -8.59608247e-02]
 [ 4.62734868e+02  1.63285642e+01  5.21074245e+02  6.14130244e+01
   1.26429243e-01]
 [ 9.10701216e+01  6.50952528e+00  1.90856392e+02  5.74841767e+01
   3.01707796e-03]
 [ 1.45848083e+02  2.69132050e+02  2.14394318e+02  2.89679718e+02
   5.24492384e-02]
 [ 4.15489868e+02  1.12054230e+02  4.93711487e+02  1.21421982e+02
  -8.87944177e-02]
 [ 3.54231537e+02  7.81431961e+00  4.69307343e+02  3.93972015e+01
   5.61767855e-03]
 [ 4.18821289e+02  6.92794418e+01  4.67663574e+02  9.48390579e+01
   6.58395989e-02]
 [ 2.71593590e+01  5.29038391e+01  4.45547981e+01  7.64020386e+01
  -2.31276198e-02]
 [ 6.68793335e+01  5.42104568e+01  1.60055954e+02  7.58568497e+01
  -1.97909858e-02]]