[[ 4.18608713e+02  1.49084798e+01  5.43074973e+02  3.47669066e+01
  -7.10443468e-03]
 [ 5.55051329e+02  1.83939305e+01  5.91900209e+02  3.26896972e+01
  -1.75278407e-02]
 [ 2.12974664e+02  3.17612092e+02  2.85486639e+02  3.26171661e+02
  -8.15884681e-02]
 [ 2.94961578e+02  3.10903381e+02  3.16376007e+02  3.23775146e+02
  -8.20117171e-02]
 [ 3.25962581e+02  3.08355179e+02  3.37648503e+02  3.22124801e+02
  -1.04076602e-01]
 [ 9.51007522e+01  3.83900145e+01  1.71696336e+02  6.71648561e+01
   1.03488943e-01]
 [ 1.82694329e+02  4.34398866e+01  2.16310645e+02  6.95862669e+01
   2.05251047e-01]
 [ 2.27195879e+02  4.89501469e+01  2.67407301e+02  7.34874446e+01
   1.89258472e-01]
 [ 3.60080902e+02  2.82581329e+02  4.44684052e+02  2.94537140e+02
   1.28908067e-02]
 [ 5.80941772e+01  1.31362366e+02  2.02731812e+02  1.56252563e+02
   5.69642349e-03]
 [ 6.40043640e+01  2.12661629e+01  1.57840973e+02  2.69069557e+01
  -6.81107471e-02]
 [ 2.80981856e+02  4.45871328e+01  3.51263689e+02  8.47191874e+01
   1.47135967e-01]
 [ 3.77694824e+02  6.47182007e+01  4.48444336e+02  7.52945557e+01
  -1.78129839e-02]
 [ 3.39477936e+02  2.69425476e+02  4.07387421e+02  2.84363342e+02
   3.62358719e-02]
 [ 7.70793566e+01  7.97258987e+01  2.11264943e+02  1.02185738e+02
   1.69138675e-02]]