[[ 1.09798265e+02  1.19213073e+02  1.76721075e+02  1.37915924e+02
   4.62576882e-02]
 [ 3.84853455e+02  2.58155060e+00  4.98617737e+02  7.77960052e+01
   9.08175086e-02]
 [ 5.30466388e+02  2.31144567e+01  5.36330249e+02  8.62042492e+01
   4.52018926e-01]
 [ 5.14306702e+02  6.48338470e+01  5.50847473e+02  9.05568085e+01
   7.59354837e-02]
 [ 5.54487915e+02  6.94417572e+01  5.96984619e+02  9.40670471e+01
   7.59361955e-02]
 [ 3.55460266e+02  2.31772461e+02  3.93608093e+02  2.54446503e+02
  -7.97310500e-02]]