[[ 2.61931586e+02  8.17089663e+00  3.93880914e+02  2.95489673e+01
  -3.98308726e-03]
 [ 5.47020384e+02  1.16681405e+01  5.82544192e+02  2.53183784e+01
  -2.44429234e-02]
 [ 5.43017798e+02  3.73600508e+01  5.88113916e+02  4.50837282e+01
  -2.48922390e-02]
 [ 4.38892303e+02  1.92956352e+01  4.80447418e+02  3.89425125e+01
  -5.05429016e-02]
 [ 7.75651245e+01  1.00906029e+01  1.09378754e+02  4.65984535e+01
   7.94812412e-03]
 [ 1.30997162e+02  1.03603363e+01  1.88270386e+02  5.12426033e+01
   2.00944974e-02]
 [ 1.75752792e+01  6.09902954e+00  6.93254166e+01  4.16133728e+01
   5.52284624e-02]
 [ 5.33920441e+01  9.87179108e+01  1.17487686e+02  1.55514755e+02
   4.59500923e-01]]