[[ 1.14001053e+02  1.69818512e+02  7.35314331e+01  2.23315277e+02
   9.60912106e-01]
 [ 1.25828018e+02  1.85583740e+02  2.09031330e+02  2.10083252e+02
   1.06277306e-02]
 [ 4.39648010e+01  2.83691345e+02  3.76650983e+02  3.41124084e+02
  -1.55535654e-02]
 [ 4.41604706e+02  2.77385803e+02  5.67356689e+02  3.20503357e+02
  -1.44019435e-02]
 [ 7.04759979e+00  1.67641945e+01  1.96250503e+02  9.46397743e+01
  -1.84247288e-02]
 [-2.31594086e+00  1.73882996e+02  4.61874809e+01  1.81315430e+02
   1.81721071e-03]
 [ 4.77771835e+01  1.73570816e+02  1.22882698e+02  1.81993790e+02
   7.88670662e-03]
 [ 7.16049500e+01  3.51336395e+02  2.49619476e+02  3.71511261e+02
  -1.37869641e-02]
 [ 5.87483292e+01  3.83784759e+02  1.40848145e+02  4.02067230e+02
  -1.24480347e-02]
 [ 1.55485603e+02  3.82541504e+02  1.94974877e+02  4.01393433e+02
  -1.24494576e-02]
 [ 2.08478302e+02  3.79877502e+02  2.66344635e+02  4.09859558e+02
   7.66830166e-02]
 [ 2.91155701e+02  3.80804321e+02  3.21074036e+02  4.02178894e+02
  -1.29491387e-02]
 [ 4.64532547e+01  4.20275696e+02  2.58879669e+02  4.41559570e+02
  -3.87351987e-02]
 [ 2.75783928e+02  4.17268982e+02  3.72948799e+02  4.37928894e+02
  -1.14500952e-02]
 [ 3.92225739e+02  4.13409851e+02  4.29390656e+02  4.38612610e+02
  -1.20755596e-02]
 [ 2.61276415e+02  7.09438170e+01  5.56115417e+02  1.36348679e+02
   9.43236205e-03]]