[[ 3.20911624e+02  1.50495514e+02  4.99418210e+02  1.67593475e+02
   2.57728921e-03]
 [ 1.49997160e+01  2.85027599e+02  4.36472109e+01  3.22420277e+02
  -3.80957885e-02]
 [ 6.35254478e+01  2.80292816e+02  7.12926064e+01  3.18525055e+02
  -4.29476822e-02]
 [ 9.02821410e+01  2.76902343e+02  1.23427301e+02  3.16100099e+02
  -5.20649154e-02]
 [ 1.80159406e+01  3.48899140e+02  3.58146334e+01  3.87055022e+02
  -3.34681699e-02]
 [ 5.42927806e+01  3.46129059e+02  1.23648881e+02  3.85407135e+02
  -1.87590110e-02]
 [ 1.43615559e+01  1.59891693e+02  1.43445419e+02  2.29928345e+02
   1.85778361e-01]
 [ 4.53920410e+02  9.64383279e+01  4.78865539e+02  1.27417446e+02
   2.65079375e-02]
 [ 4.97853083e+02  9.62248918e+01  5.42269110e+02  1.17633369e+02
  -3.15321692e-02]
 [ 1.14646484e+02  1.23401680e+02  2.28640991e+02  1.49824158e+02
  -1.45276314e-02]
 [ 1.63029724e+02  2.99268005e+02  2.72241333e+02  3.15749084e+02
  -6.70639872e-02]
 [ 7.11037598e+01  3.32048248e+02  3.66234009e+02  3.45632538e+02
  -4.26073256e-02]
 [ 3.37662290e+02  1.01479614e+02  4.17838869e+02  1.25537460e+02
  -3.03603193e-02]
 [ 4.33306915e+02  1.01832957e+02  4.53750336e+02  1.24446874e+02
  -3.03592532e-02]]