[[ 2.19452911e+02  1.53581223e+02  2.93920868e+02  1.77174026e+02
  -4.35330484e-03]
 [ 2.76031231e+01  1.09011642e+02  9.71098114e+01  1.45420273e+02
   2.07677890e-02]
 [ 3.71878531e+02  2.41916320e+02  5.60377512e+02  2.74411927e+02
   3.69166924e-02]
 [ 4.73029968e+02  1.61809906e+02  5.97096516e+02  1.92471405e+02
   2.26910396e-02]
 [ 5.82308672e+01  1.77895390e+01  1.27955721e+02  5.39498564e+01
   5.90125044e-02]
 [ 3.61608154e+02  8.51701965e+01  4.00003357e+02  9.62692413e+01
  -7.70840519e-02]
 [ 4.13034668e+02  7.78926849e+01  5.04821106e+02  8.81734009e+01
  -7.70844400e-02]
 [ 3.08460142e+01  1.51637375e+02  5.53277377e+01  1.63324661e+02
  -2.37518982e-02]
 [ 6.91618337e+01  1.51512390e+02  1.30775376e+02  1.62334595e+02
  -2.46006815e-02]
 [ 3.71982391e+02  1.62828232e+02  4.70256012e+02  1.75881332e+02
   1.61600052e-03]]