[[ 4.93582359e+02  6.65479698e+00  5.31259926e+02  2.26604553e+01
   1.39785447e-01]
 [ 3.66674957e+02  1.92154388e+02  4.30043243e+02  2.02204041e+02
   3.85618658e-03]
 [ 1.02971316e+01  6.41935198e-02  1.84296849e+02  6.09681400e+01
   7.40324011e-02]
 [ 2.32223290e+01  5.95662534e+01  1.16117528e+02  1.03725800e+02
   4.15327316e-02]
 [ 5.43972046e+02  1.98938274e+01  5.75597290e+02  3.26087723e+01
  -1.79562223e-01]
 [ 3.61470280e+02  1.41142365e+02  3.98787411e+02  1.64330475e+02
  -1.37998007e-03]
 [ 4.17220886e+02  1.49470871e+02  5.34612671e+02  1.67208511e+02
  -1.01395661e-01]
 [ 3.37198761e+02  6.53910065e+01  4.38089386e+02  1.05289963e+02
   5.89793447e-02]
 [ 4.16646118e+02  2.81836212e+02  5.32352173e+02  3.12226105e+02
   8.87186308e-02]
 [ 1.07681976e+02  1.44567535e+02  1.28720612e+02  1.73697357e+02
  -1.04069151e-01]
 [ 1.63506550e+02  1.41415558e+02  3.39047711e+02  1.72407043e+02
  -1.38000024e-03]]