[[ 4.84737427e+02  1.66524857e+02  5.77993187e+02  1.88241044e+02
   1.99206952e-02]
 [ 4.19934997e+02  8.18052368e+01  4.77661621e+02  9.40191040e+01
  -7.43346184e-02]
 [ 4.34547913e+02  2.37531891e+02  5.59801270e+02  2.69564789e+02
   2.58670597e-02]
 [ 3.18394574e+00  1.29553983e+01  4.79805537e+01  4.23663369e+01
   7.86432542e-02]
 [ 6.34452667e+01  2.45228382e+01  7.81692658e+01  4.47453808e+01
  -4.23077863e-02]
 [ 2.57781158e+02  1.51322739e+02  3.22635956e+02  1.73322952e+02
  -4.65063616e-02]
 [ 3.83803070e+02  1.62085495e+02  4.69360748e+02  1.78551651e+02
  -5.62157344e-03]
 [ 2.52062958e+02  2.28767532e+02  3.05186859e+02  2.51414902e+02
   3.61811841e-02]
 [ 3.42158749e+02  2.33638672e+02  4.42734317e+02  2.56393738e+02
   3.61807289e-02]]