[[ 2.56537262e+02  2.63921814e+02  3.25361176e+02  2.74394653e+02
  -9.19400368e-02]
 [ 2.45322775e+02  2.98742676e+02  3.08062296e+02  3.14402099e+02
  -5.25900140e-02]
 [ 3.44302511e+01  1.88694015e+02  1.06001637e+02  2.15154068e+02
   5.50725363e-02]
 [ 1.24729782e+02  2.00477997e+02  1.70186996e+02  2.28180237e+02
   5.86617653e-02]
 [ 1.06357651e+02  3.14859558e+02  2.17806993e+02  3.79237427e+02
   8.09356112e-02]
 [ 3.13633173e+02  2.71685730e+02  3.93627142e+02  2.87052307e+02
  -7.41253830e-02]
 [ 2.68078609e+01  2.08932754e+02  6.92712250e+01  2.26766251e+02
   7.46944882e-02]
 [ 8.00927658e+01  2.12679596e+02  1.16673195e+02  2.30244659e+02
   6.66627948e-02]
 [ 1.46565643e+02  3.01806976e+02  2.30484131e+02  3.28420990e+02
  -3.60235050e-02]
 [ 6.20308032e+00  2.41120804e+02  8.33699673e+01  2.46093155e+02
  -4.91689700e-02]
 [ 1.11843851e+02  1.53446121e+02  1.98333847e+02  1.77839584e+02
   1.17058178e-02]]