[[ 4.22354965e+01  3.95217255e+02  1.56417297e+02  4.36781158e+02
  -1.79763184e-02]
 [ 1.75677816e+02  3.81735778e+02  2.71775462e+02  4.37411317e+02
   2.86578631e-02]
 [ 1.30224731e+02  3.79478149e+01  3.28964355e+02  1.04515854e+02
   1.34709411e-02]
 [ 1.33909592e+02  1.55393127e+02  2.81771204e+02  2.50986694e+02
  -1.42567915e-02]
 [ 2.02301086e+02  2.63174438e+02  4.10578735e+02  3.32849487e+02
  -3.16524421e-02]
 [ 2.27485657e+00  4.11255066e+02  4.25837822e+01  4.31436523e+02
  -3.12046826e-02]
 [ 3.39910034e+02  7.35961990e+01  4.10871338e+02  9.87294693e+01
   1.54814472e-02]
 [ 4.29851654e+02  7.46335754e+01  4.60832184e+02  9.95029602e+01
   1.54808855e-02]
 [ 4.77979309e+02  6.97124939e+01  5.26148315e+02  1.13139465e+02
   2.68133588e-01]
 [ 5.45497662e+02  7.72517238e+01  5.98775898e+02  1.01929337e+02
   2.26356277e-02]
 [ 3.82760268e+02  1.10711928e+02  5.10665619e+02  1.49597519e+02
   7.43925703e-02]
 [ 5.28950500e+02  1.16654121e+02  5.56744812e+02  1.40088348e+02
  -5.09514990e-02]
 [ 4.25743615e+02  1.58082230e+02  4.92332373e+02  1.88193314e+02
  -1.08835749e-02]
 [ 5.09379150e+02  1.56960709e+02  5.36709839e+02  1.80957016e+02
  -8.83774449e-03]
 [ 2.14828339e+01  2.73815674e+02  1.65641830e+02  3.40043884e+02
   1.89979232e-02]]