[[ 2.22181702e+01  4.15780029e+01  1.30960956e+02  9.52568975e+01
   1.35529178e-01]
 [ 3.82663116e+02  4.99257326e+00  4.39771759e+02  3.39534912e+01
  -5.80568514e-05]
 [ 4.65968222e+02  6.59295630e+00  5.91137491e+02  3.39438622e+01
  -1.79307742e-02]
 [ 9.63306875e+01  2.94676666e+02  5.56668733e+02  3.62004303e+02
   1.60994718e-02]
 [ 3.74484813e+02  3.39572830e+01  4.28861317e+02  5.84602432e+01
  -5.80885662e-05]
 [ 2.65051709e+01  1.22652176e+02  1.50181612e+02  1.68110550e+02
  -1.93507148e-02]
 [ 1.87390553e+02  1.21861984e+02  3.13190624e+02  1.56609299e+02
   5.57623916e-04]
 [ 1.19947964e+02  2.69452148e+02  1.64231541e+02  2.87547363e+02
   4.11712683e-02]]