[[ 6.26198326e+01  1.81586202e+02  6.35355171e+01  2.08380137e+02
   4.82436397e-01]
 [ 8.80374146e+01  1.81994843e+02  1.60809784e+02  2.23804718e+02
   1.95339677e-01]
 [ 5.46819214e+02  3.87320129e+02  5.20158691e+02  4.22698303e+02
   9.93587747e-01]
 [ 5.83196196e+02  3.97122357e+02  5.57504121e+02  4.26624225e+02
   1.01576852e+00]
 [ 4.04401794e+02  1.48728943e+01  5.12785461e+02  4.95326233e+01
   3.19591400e-02]
 [ 1.33094101e+01  2.29436218e+02  1.06993439e+02  2.62807281e+02
   2.84085474e-02]
 [ 2.46533600e+02  1.01207340e+02  2.80699051e+02  1.07637021e+02
  -2.22439097e-01]
 [ 2.96538423e+02  1.94976552e+01  3.84566862e+02  4.54981334e+01
   8.99486881e-02]
 [ 2.54240387e+02  4.11965408e+01  4.08033546e+02  7.23239371e+01
   8.36828691e-02]
 [ 4.67869263e+02  3.67389923e+02  5.50587036e+02  4.03615570e+02
   1.63685614e-01]
 [ 2.76323212e+02  9.34651031e+01  3.57206146e+02  9.22580414e+01
  -2.21540304e-01]
 [ 1.05773173e+02 -3.28326895e+00  2.16088516e+02  4.97672081e+01
   1.77311531e-01]]