[[ 3.58602173e+02  1.03578033e+02  3.81620361e+02  1.31137283e+02
   3.05414489e-01]
 [ 1.36911406e+02  2.30190735e+02  2.14773256e+02  2.57146515e+02
  -7.38182337e-03]
 [ 2.57365024e+02  2.28290070e+02  2.93348722e+02  2.58367462e+02
  -7.28566217e-03]
 [ 3.27133270e+02  2.28561478e+02  4.05787445e+02  2.56641296e+02
  -8.86710706e-03]
 [ 1.24124405e+02  2.83590424e+02  4.04366699e+02  3.25490631e+02
  -5.98765771e-03]
 [ 1.10661606e+02  3.43927734e+02  2.50042343e+02  3.86712830e+02
   3.20846304e-02]
 [ 2.91309692e+02  3.44619049e+02  3.60020508e+02  3.82035858e+02
  -6.54903777e-04]
 [ 3.05893277e+02  1.89357117e+02  3.76289462e+02  2.19537598e+02
  -7.99918901e-03]
 [ 4.29089600e+02  2.56049347e+02  5.02377380e+02  2.65635651e+02
   8.47655888e-03]
 [ 1.24714599e+02  5.73829778e+01  1.40042023e+02  8.35624110e+01
  -9.27189125e-02]
 [ 1.49996841e+02  4.99006004e+01  2.11010239e+02  8.17996674e+01
  -5.66324533e-02]
 [ 2.26382501e+02  5.33164373e+01  2.98072348e+02  7.96248316e+01
  -2.49754013e-02]
 [ 2.52525194e+01  2.55820053e+02  9.91135770e+01  2.83740173e+02
  -5.98821585e-03]
 [ 1.22887812e+02  2.43845428e+02  3.02722677e+02  2.97587618e+02
   7.62523846e-02]
 [ 6.23505402e+00  3.05579254e+02  8.51971283e+01  3.37633270e+02
  -3.07098474e-03]
 [ 4.45088928e+02  2.42799408e+02  5.30624146e+02  2.57050232e+02
  -2.46147800e-02]
 [ 1.71225891e+01  2.68126639e+01  4.45606613e+01  5.91518899e+01
  -1.26765837e-01]
 [ 5.01878821e+01  9.64327878e+00  1.24421951e+02  6.16655877e+01
  -9.30680395e-02]]