[[ 2.79547842e+01  2.61175140e+02  1.43854557e+02  3.18115571e+02
   1.17182702e-01]
 [ 2.78284099e+01  3.27816132e+02  7.32861245e+01  3.41427337e+02
  -8.84348037e-02]
 [ 3.97512360e+02  2.87928497e+02  4.99659943e+02  3.31227570e+02
   7.11733238e-03]
 [ 4.26646159e+02  3.57097105e+02  4.93941305e+02  3.92577394e+02
   7.09713388e-02]
 [ 5.17710534e+02  3.63663877e+02  5.72024452e+02  4.04615542e+02
   7.48429362e-02]
 [ 3.17727112e+02  4.00009827e+02  3.84628906e+02  4.28374023e+02
   1.22589152e-01]
 [ 4.10948242e+02  4.07419312e+02  4.71462708e+02  4.30204468e+02
   1.04544198e-01]
 [ 3.96018341e+02  2.63637054e+02  5.03990387e+02  2.85004974e+02
   3.36914948e-03]
 [ 5.17017246e+02  2.63789337e+02  5.74515835e+02  2.85242584e+02
   3.36926092e-03]
 [ 1.03405975e+02  2.01494906e+02  1.72814454e+02  2.08713163e+02
  -1.59354100e-01]]