[[ 3.76188896e+02  5.98021296e+00  4.76753059e+02  3.67566149e+01
   2.80265974e-02]
 [ 3.99196396e+01  1.09551918e+02  9.58956375e+01  1.25555473e+02
  -1.20283914e-01]
 [ 1.18315939e+01  1.29155594e+02  4.23184153e+01  1.46237686e+02
   8.49338920e-02]
 [ 2.96860504e+00  1.55482162e+02  6.83643054e+01  1.75707810e+02
   9.26912738e-02]
 [ 7.97035294e+01  1.57684830e+02  1.08906425e+02  1.76041428e+02
   9.88736541e-02]
 [ 1.21073044e+02  1.60671082e+02  2.45136765e+02  1.89555023e+02
   9.88731610e-02]
 [ 2.59010354e+02  1.73784788e+02  2.85650412e+02  1.93573855e+02
   9.88736360e-02]
 [ 8.78639905e+01  2.74542881e+01  1.02280571e+02  4.62187999e+01
  -7.77557526e-02]
 [ 1.27720706e+02  1.74468193e+01  2.14047788e+02  4.48320427e+01
  -2.58373245e-03]
 [ 9.12344055e+01  6.70110550e+01  1.22711838e+02  9.24936905e+01
  -7.13401368e-02]
 [ 1.46602386e+02  6.56878204e+01  1.90739716e+02  9.21506805e+01
  -5.04197525e-03]
 [ 1.74336426e+02  2.88705414e+02  2.29188202e+02  3.15135162e+02
   2.10093766e-03]
 [ 2.56665619e+02  2.94997131e+02  3.33115753e+02  3.15353455e+02
   2.10092777e-03]
 [ 3.59267212e+02  2.82948914e+02  5.41794750e+02  3.27100465e+02
   6.93132647e-02]
 [ 3.88376068e+02  2.68773041e+02  4.32796295e+02  2.81981842e+02
  -1.02813605e-01]
 [ 3.00236841e+02  1.72501281e+02  3.70768713e+02  2.06548768e+02
   1.01140650e-01]
 [ 4.00963715e+02  1.90218307e+02  4.57581451e+02  2.23132950e+02
   9.15756626e-02]
 [ 4.91198059e+02  1.90283630e+02  5.65934753e+02  2.26355560e+02
   8.76904173e-02]
 [ 1.74745805e+02  1.05887161e+02  2.03534163e+02  1.25397186e+02
  -6.77653555e-03]
 [ 2.20362091e+02  1.05624763e+02  3.21295868e+02  1.23674706e+02
  -5.75195101e-03]
 [ 3.96393738e+02  1.13863586e+02  4.94084961e+02  1.26672791e+02
  -4.40686526e-02]]