[[ 7.19787926e+01  1.03603725e+02  1.21347870e+02  1.54575317e+02
   4.81590188e-01]
 [ 1.16621289e+02  1.19054412e+01  2.22090778e+02  5.54546662e+01
   1.38741023e-02]
 [ 2.79637275e+02  5.53145380e+00  3.52865044e+02  2.89274543e+01
   1.23191065e-02]
 [ 3.68176605e+02  6.81713963e+00  3.95928192e+02  2.73994255e+01
  -9.37439054e-02]
 [ 1.31073003e+02  1.08040648e+02  2.79992076e+02  1.32271410e+02
   4.57432608e-02]
 [ 3.93766296e+02  3.10352097e+01  4.60226013e+02  4.65629196e+01
  -6.77631832e-02]
 [ 1.88133513e+00  1.03134269e+01  4.55028941e+01  4.28382417e+01
   1.38740258e-02]
 [ 6.38759308e+01  1.03960648e+01  1.09378754e+02  4.65984573e+01
   5.87996804e-02]
 [ 2.38051113e+02  1.29842682e+02  3.11619907e+02  1.44603241e+02
   5.32550848e-02]]