[[ 8.45826105e+00  1.97089727e+01  4.89292226e+01  5.31491356e+01
   1.16736472e-01]
 [ 7.47135773e+01  2.81661301e+01  1.20141235e+02  6.15001450e+01
   1.16736344e-01]
 [ 1.69132355e+02  9.16788788e+01  2.46924377e+02  1.25037964e+02
   1.43786497e-03]
 [ 1.71813445e+02  1.39391068e+02  5.12544450e+02  1.77573746e+02
  -2.91982924e-05]
 [ 1.12719727e+01  5.57532425e+01  1.26572131e+02  9.88971332e+01
   1.40273872e-01]
 [ 4.12980262e+02  1.22262583e+01  4.62795800e+02  4.30168610e+01
  -4.00919890e-04]
 [ 4.91097656e+02  5.85946703e+00  5.25492249e+02  3.39485092e+01
  -5.00644054e-04]]