[[ 2.92940216e+01  1.86248825e+02  1.28350313e+02  2.05970688e+02
   1.20310279e-02]
 [ 1.46883545e+02  2.29950485e+01  3.68328613e+02  8.30805740e+01
  -2.23262991e-02]
 [ 1.05103424e+02  2.86254395e+02  2.97837860e+02  3.72589233e+02
   5.87740815e-02]
 [ 1.41263397e+02  1.91764801e+02  2.58142395e+02  2.12963715e+02
   4.17672152e-02]
 [ 2.82035736e+02  1.15761353e+02  3.44278839e+02  1.53768890e+02
   1.64917098e-03]
 [ 3.77469854e+02  1.08158722e+02  4.82637690e+02  1.54433869e+02
   1.45238490e-02]
 [ 1.97215403e+02  2.70686524e+02  2.41761342e+02  2.89277222e+02
  -1.53298229e-02]
 [ 2.60649586e+02  2.68911713e+02  3.45877391e+02  2.87681000e+02
  -1.53316097e-02]
 [ 3.62614197e+02  2.68070282e+02  4.02342407e+02  2.86815338e+02
  -1.53305245e-02]
 [ 4.16018921e+02  2.66418823e+02  5.60892273e+02  2.84384521e+02
  -1.53302169e-02]
 [ 3.59197184e+02  2.92325318e+02  4.22026571e+02  3.12679809e+02
  -1.46569372e-02]
 [ 4.37782515e+02  2.91111420e+02  5.06262651e+02  3.11445099e+02
  -1.46570751e-02]]