[[ 3.06575378e+02  3.74524292e+02  5.74418335e+02  4.60896912e+02
   4.95366761e-02]
 [ 5.90882670e+01  1.22546005e+02  2.14998285e+02  1.56586777e+02
   3.48475240e-02]
 [ 4.67588654e+01  2.76040985e+02  1.95101410e+02  3.39656830e+02
  -5.27587952e-02]
 [ 4.12532654e+02  9.11841125e+01  5.30090210e+02  1.33304626e+02
   3.33944225e-02]
 [ 1.78999901e+02  3.20462677e+02  2.67038490e+02  3.56880706e+02
  -6.17078914e-02]
 [ 2.91270505e+02  3.25104370e+02  3.89338626e+02  3.57020569e+02
  -5.95019783e-02]
 [ 3.59763519e+02  9.46308441e+01  3.77332062e+02  1.08988602e+02
  -3.56580885e-02]
 [ 3.89034603e+02  9.44792100e+01  4.12783634e+02  1.07723915e+02
  -3.56590309e-02]]