[[ 3.41149872e+02  4.92955856e+01  3.68052826e+02  8.67612991e+01
   1.56966688e-01]
 [ 3.97112274e+02  5.83683929e+01  4.89879303e+02  8.95356903e+01
   6.77191384e-02]
 [ 5.11714630e+02  1.31787948e+02  5.95796509e+02  1.52772995e+02
  -2.14090752e-02]
 [ 1.86282730e+02  2.29739120e+02  2.48559311e+02  2.35564651e+02
  -1.75662625e-01]
 [ 4.64532898e+02  2.41600098e+02  5.63038025e+02  2.59209717e+02
  -5.62381417e-03]
 [ 2.39277491e+02  2.81328583e+02  3.38756994e+02  3.02765350e+02
   2.62266213e-03]
 [ 3.31868774e+02  1.81436539e+00  4.13094238e+02  3.08502617e+01
   1.36194289e-01]
 [ 2.60804413e+02  3.02570465e+02  3.27956635e+02  3.16720917e+02
   2.04325907e-03]
 [ 3.48127831e+02  3.01966401e+02  3.81010352e+02  3.16829376e+02
  -5.80117651e-02]
 [ 3.97009495e+02  3.01010437e+02  5.91458191e+02  3.20804443e+02
   2.70216139e-03]
 [ 3.41493441e+02  1.89220619e+01  4.22499052e+02  4.08174782e+01
   1.92185804e-03]]