[[ 5.02156311e+02  6.39955521e-01  5.32972717e+02  2.53028049e+01
   2.30153122e-01]
 [ 1.01208321e+02  1.43552811e+02  1.36999542e+02  1.62741562e+02
  -1.58302218e-03]
 [ 1.54150909e+02  1.43478729e+02  1.60023132e+02  1.62705139e+02
  -8.50225598e-02]
 [ 1.75051178e+02  1.48622635e+02  2.15636688e+02  1.65025772e+02
  -1.09086686e-01]
 [ 2.31434808e+02  1.43372498e+02  2.81253440e+02  1.62513275e+02
  -1.58263067e-03]
 [ 2.97898529e+02  1.45320160e+02  4.03232941e+02  1.67303528e+02
  -1.41889588e-03]
 [ 3.16157205e+01  3.67948758e+01  1.53359650e+02  8.78049698e+01
   1.31712536e-01]
 [ 3.09264897e+02  1.90750122e+02  4.16793819e+02  2.03728669e+02
   1.45811747e-02]
 [ 2.53685425e+02  1.89999714e+01  3.02839844e+02  3.81093445e+01
  -1.61594987e-02]]