[[ 2.42307836e+02  1.05315232e+02  2.92811289e+02  1.27237106e+02
  -2.94532910e-02]
 [ 2.43823608e+02  1.43258865e+02  3.38515808e+02  1.61415573e+02
  -3.23066673e-02]
 [ 2.22190613e+02  1.71600616e+02  2.46323792e+02  1.85092468e+02
   4.18184537e-02]
 [ 2.57166650e+02  1.70774459e+02  3.19259498e+02  1.91708329e+02
   9.77674304e-02]
 [ 9.77566528e+00  2.97385254e+01  1.51121979e+02  8.36905136e+01
   1.31061183e-01]
 [ 4.58957458e+02  2.20573044e+02  5.09181091e+02  2.51016678e+02
  -4.73330061e-01]
 [ 3.20596436e+02  1.71333832e+02  3.60807861e+02  1.88020203e+02
   6.55694309e-03]
 [ 1.95525836e+00  7.62973173e+01  1.45787300e+02  1.22927674e+02
   6.71905368e-02]
 [ 1.88475037e+00  1.38264923e+02  1.56490860e+02  1.77124512e+02
   4.76742829e-03]]