[[ 2.53162048e+02  2.31742859e+00  2.94401067e+02  2.65255762e+01
   9.93696292e-02]
 [ 3.08575470e+02  8.98036194e+00  3.67230927e+02  3.71744308e+01
   9.62264260e-02]
 [ 3.79355566e+02  1.78479193e+01  4.03416834e+02  3.66557848e+01
   6.31303948e-03]
 [ 2.54652907e+02  3.52372577e+01  3.12568102e+02  6.25357983e+01
   6.91125518e-02]
 [ 3.25790894e+02  4.22260334e+01  3.44679199e+02  6.36212109e+01
  -7.12440233e-03]
 [ 3.57027162e+02  4.48098869e+01  3.82023619e+02  6.34665490e+01
   1.44396483e-03]
 [ 1.03346874e+00  9.20059660e+01  9.91403901e+01  1.38847519e+02
   1.25111289e-01]
 [ 2.46167170e+02  9.24736570e+01  3.18764654e+02  9.90684115e+01
  -2.21643497e-01]
 [ 4.86895203e+02  3.72451477e+02  5.77861877e+02  4.19472168e+02
   1.70772621e-01]
 [ 4.21729126e+01  1.45431747e+01  1.82348938e+02  1.10878929e+02
   2.41151769e-01]
 [ 4.17075378e+02  2.41649628e+01  4.75245483e+02  5.56036224e+01
   2.83272859e-03]
 [ 1.12536896e+02 -1.75552368e-02  2.33964020e+02  4.50213928e+01
   1.05665042e-01]
 [ 2.32375824e+02  7.63477402e+01  2.86517487e+02  8.52961807e+01
  -2.24019017e-01]
 [ 4.79034175e+02  7.44467162e+00  5.45328161e+02  4.50339127e+01
   2.12764952e-03]]