[[ 1.28602783e+02  2.78821564e+02  3.08540505e+02  3.12516328e+02
   1.06125178e-01]
 [ 3.28341980e+02  3.02202454e+02  3.91195557e+02  3.25129272e+02
   1.06053372e-01]
 [ 1.20079025e+02  2.97013855e+02  2.40615250e+02  3.25898376e+02
   1.06151373e-01]
 [ 2.60389618e+02  3.11737061e+02  4.18343170e+02  3.49756897e+02
   1.24825611e-01]
 [ 1.89501079e+02  2.57051025e+02  2.21233723e+02  2.75402771e+02
   1.88429256e-02]
 [ 2.71185822e+02  1.34148209e+02  2.73698944e+02  1.55836472e+02
   1.25675764e-01]
 [ 2.90739227e+02  1.36876144e+02  3.59473541e+02  1.65411423e+02
   1.34201770e-01]
 [ 4.92676025e+02  1.41392609e+02  5.71476318e+02  1.66672913e+02
   6.64295299e-03]
 [ 5.34886093e+01  1.90721207e+02  7.39120483e+01  2.17422470e+02
  -3.06931125e-02]
 [ 9.80631765e+01  1.89893677e+02  1.60522608e+02  2.24367737e+02
  -1.85632995e-02]
 [ 3.18537292e+02  2.02221832e+02  4.66799011e+02  2.25591766e+02
   9.94156385e-03]
 [ 4.79964612e+02  2.03535797e+02  5.09389270e+02  2.24493744e+02
   1.92644862e-03]
 [ 2.22379517e+02  3.98991776e+00  3.88309448e+02  6.22999382e+01
   7.33181222e-03]
 [ 2.17822998e+02  8.45709534e+01  3.11551578e+02  1.30522995e+02
   1.52690350e-02]
 [ 3.46200867e+02  8.59106598e+01  4.32354858e+02  1.32367767e+02
   1.52693500e-02]
 [ 7.48536682e+01  2.12007141e+02  1.13288116e+02  2.30651123e+02
  -2.05071598e-02]
 [ 1.30079315e+02  2.10915344e+02  2.04762512e+02  2.33078918e+02
  -1.95887290e-02]
 [ 4.21535393e+02  1.87444260e+02  5.18366585e+02  2.03548172e+02
  -4.96515770e-03]
 [ 5.34632507e+02  1.90440369e+02  5.97813171e+02  2.03153717e+02
  -4.96470122e-03]
 [ 1.57798159e+02  6.05183943e+01  1.90198424e+02  8.47760698e+01
   1.01325395e-02]
 [ 2.10716766e+02  6.15975723e+01  4.01112213e+02  8.69132309e+01
   1.01325374e-02]
 [ 4.25525213e+02  6.18070504e+01  4.78847284e+02  8.89483665e+01
   8.98832596e-02]]