[[1.37456089e+02 1.14272178e+02 1.82904446e+02 1.26981637e+02
  8.45629665e-02]
 [1.38782364e+02 1.29630936e+02 1.82442581e+02 1.43837753e+02
  7.58548318e-02]
 [4.09836334e+02 4.29893798e+01 4.75345063e+02 7.58214799e+01
  1.29910648e-01]
 [4.96239319e+02 4.01513062e+01 5.06037229e+02 8.55243200e+01
  4.31696679e-01]
 [5.28436667e+02 5.16430927e+01 5.91589456e+02 8.61676068e+01
  1.07568164e-01]
 [2.94284393e+02 3.25248199e+02 3.41315948e+02 3.52320404e+02
  8.47843900e-02]
 [4.96343384e+02 9.13015366e+01 5.80585083e+02 1.25240700e+02
  2.11160925e-02]]