[[ 2.21071945e+02  3.57756195e+02  3.35829590e+02  3.58010284e+02
  -1.50188891e-01]
 [ 3.64762268e+02  3.35525085e+02  4.65135437e+02  3.37312500e+02
  -2.52593846e-01]
 [ 1.41879402e+02  2.80478239e+02  2.01900200e+02  3.09294344e+02
   1.82936590e-01]
 [ 2.18739134e+02  2.94390014e+02  2.38270692e+02  3.16023072e+02
   1.77678374e-01]
 [ 1.81069626e+02  2.58768890e+02  2.81895508e+02  2.84348236e+02
  -4.26816856e-03]
 [ 4.85098267e+00  3.08680573e+02  6.10531158e+01  3.30829865e+02
   1.09255436e-01]
 [-4.83267794e+00  2.51994705e+02  1.29883295e+02  3.03790832e+02
  -1.70578953e-02]]