[[ 3.08253836e+02  1.79553741e+02  5.92623148e+02  2.29390140e+02
   9.04622816e-02]
 [ 4.45201843e+02  2.72180939e+02  5.16987061e+02  2.84194305e+02
  -8.01422176e-02]
 [ 5.12300597e+02  2.45492142e+02  5.98223938e+02  2.61580383e+02
  -7.52142763e-02]
 [ 3.40981201e+02  3.02148682e+02  5.77927734e+02  3.22086548e+02
   1.84123293e-03]
 [ 1.95652649e+02  2.26383499e+02  2.51032104e+02  2.28205368e+02
  -2.22074416e-01]
 [ 2.64546936e+02  2.13362137e+02  3.00668518e+02  2.20805984e+02
  -1.33967333e-01]
 [ 2.27643628e+02  2.38607390e+02  2.84425720e+02  2.42428650e+02
  -1.21626387e-01]
 [ 3.65826538e+02  5.54960556e+01  4.86597534e+02  9.74565811e+01
   4.51368519e-02]
 [ 5.97761383e+01  1.51193085e+02  1.54929978e+02  1.73590210e+02
   9.49300918e-02]
 [ 3.97472825e+02  2.63950470e+02  4.46312515e+02  2.79026336e+02
  -3.00496983e-02]
 [ 5.59997559e+00  3.50460205e+02  1.70467545e+02  3.72483093e+02
   6.38923250e-04]
 [ 1.84559005e+02  3.50578094e+02  2.91909623e+02  3.68708405e+02
  -1.05185293e-04]
 [ 4.11547916e+02  4.57177612e+01  4.45280454e+02  6.07097443e+01
   2.85033170e-02]
 [ 4.60783417e+02  5.01243782e+01  5.65639893e+02  6.41085052e+01
  -3.88597176e-02]]