[[ 5.29703217e+02  1.28843717e+02  5.90768462e+02  1.61606601e+02
   9.93706565e-02]
 [ 4.05090881e+02  1.98406448e+02  4.56037354e+02  2.21628036e+02
   9.99896683e-04]
 [ 4.65795441e+02  2.04720856e+02  5.44481006e+02  2.19589814e+02
  -7.88832940e-02]
 [ 2.35270078e+02  1.74099426e+02  2.65993286e+02  1.92431000e+02
   3.42985005e-03]
 [ 2.85499573e+02  1.77683670e+02  3.46819214e+02  1.93009323e+02
   8.33112902e-03]
 [ 3.81548636e+02  5.06626106e+00  5.18193857e+02  7.82923586e+01
   2.64162211e-02]
 [ 2.58438416e+02  1.35487061e+02  3.12417542e+02  1.61138062e+02
   1.36404857e-01]
 [ 3.25961853e+02  1.45507767e+02  3.56415283e+02  1.67565659e+02
   1.59721839e-01]
 [ 7.90405121e+01  2.07316513e+02  1.52038239e+02  2.27832321e+02
  -3.77202800e-03]
 [ 1.10285628e+02  1.16403808e+01  2.31759445e+02  5.01346207e+01
   6.04854121e-03]
 [ 2.54112701e+02  9.79698181e+00  3.84141449e+02  6.19999924e+01
   2.70595991e-02]
 [ 1.36073935e+02  6.59081572e+01  2.66895060e+02  1.05680084e+02
   1.24670285e-02]
 [ 2.91585815e+02  6.69018707e+01  3.51244080e+02  1.07024460e+02
   2.68628811e-02]]