[[ 1.47199921e+01  1.79826081e+02  1.16188623e+02  1.75204406e+02
  -2.82339266e-01]
 [ 3.81677850e+01  2.11369171e+02  9.13981024e+01  2.16163116e+02
  -2.82878667e-01]
 [ 1.04222435e+02  1.90143951e+02  1.54138703e+02  1.97837954e+02
  -2.83686029e-01]
 [ 1.88228638e+02  4.44275513e+02  3.05435181e+02  4.37811768e+02
  -3.17060353e-01]
 [ 5.58567352e+01  2.09421387e+01  2.14523483e+02  5.38860626e+01
  -6.76628685e-02]
 [ 1.59843353e+02  2.22238281e+02  2.18605377e+02  2.47300568e+02
   2.86943277e-02]
 [ 5.22225586e+02  3.61480286e+02  5.95557739e+02  3.81688171e+02
  -1.43939710e-02]
 [ 3.99370870e+01  1.96394699e+02  9.45476085e+01  1.97315536e+02
  -2.33827357e-01]
 [ 1.03764465e+02  1.77760696e+02  1.66292145e+02  1.75129776e+02
  -2.82918576e-01]
 [ 8.72432404e+01  4.76193848e+02  1.58410294e+02  4.71957886e+02
  -3.32949018e-01]
 [ 2.02908252e+02  8.53341234e+00  3.05354474e+02  3.88988529e+01
  -3.01853333e-02]
 [ 5.28692296e+02  3.43799652e+02  5.63184413e+02  3.62110687e+02
  -5.96112305e-03]
 [ 5.73821172e+02  3.39834792e+02  5.83398799e+02  3.66477769e+02
   2.71635039e-01]]