[[-2.27699280e+00  1.13294830e+02  2.05546936e+02  2.02292023e+02
   4.36440580e-02]
 [ 2.87380825e+02  9.00678400e+01  5.17717563e+02  1.84851655e+02
   1.68561499e-02]
 [ 7.21597366e+01  9.55535583e+01  1.58394728e+02  1.34949565e+02
  -3.73464670e-01]
 [ 4.05092407e+02  1.89682678e+02  4.74386230e+02  2.01362915e+02
  -5.58125434e-02]
 [ 2.26518585e+02  4.88407669e+01  2.68104050e+02  7.05928118e+01
   1.32272451e-02]
 [ 2.92847351e+02  4.80081024e+01  4.26949036e+02  7.38516769e+01
   1.34404585e-02]
 [ 2.23748129e+02  8.54980467e+01  2.57474222e+02  1.07638336e+02
   2.02876228e-02]
 [ 2.81675836e+02  8.59847028e+01  3.32254400e+02  1.14334328e+02
   4.21668400e-02]
 [ 3.58582400e+02  8.75428003e+01  4.27072080e+02  1.11079590e+02
   2.02877179e-02]
 [ 1.46262589e+02  1.67294102e+01  1.59873672e+02  2.79018040e+01
   2.99651754e-03]
 [ 1.73051758e+02  1.21098080e+01  2.94395935e+02  2.83049030e+01
   2.99646392e-03]
 [ 3.08431824e+02  1.24127007e+01  3.37797119e+02  2.84349594e+01
   2.99644468e-03]]