[[ 3.85718243e+02  3.19417781e+02  4.45734577e+02  3.56179204e+02
   2.30156334e-01]
 [ 3.20606063e+02  2.47986877e+02  4.38508989e+02  2.80344239e+02
   1.49266735e-02]
 [ 6.97758336e+01  2.97011168e+02  1.18313049e+02  3.25250489e+02
   1.66876462e-01]
 [ 1.35344559e+02  3.02752808e+02  1.48878311e+02  3.29187195e+02
   2.48536535e-01]
 [ 1.02013557e+02  2.00173752e+02  3.09977669e+02  2.18283737e+02
  -1.00588426e-02]
 [ 3.46331467e+02  1.99904160e+02  3.94472976e+02  2.17433792e+02
  -1.00577940e-02]
 [ 2.18151801e-01  2.38865662e+02  1.40320825e+02  2.75825745e+02
   3.99853950e-03]
 [ 1.64672882e+02  2.47113495e+02  3.05549476e+02  2.70145782e+02
   8.80243139e-04]
 [ 9.20763388e+01  2.79304655e+02  1.71341386e+02  3.10420687e+02
   1.27841778e-01]
 [ 2.41170072e+02  4.14877096e+01  3.59022173e+02  7.59131236e+01
  -2.93792626e-02]
 [ 3.94570361e+02  3.62417721e+01  5.33985670e+02  7.07713619e+01
  -2.93792049e-02]
 [ 2.53658203e+02  1.00409767e+02  4.13604919e+02  1.25680565e+02
  -2.24369431e-02]
 [ 4.42119110e+02  9.55570526e+01  5.07638214e+02  1.23570419e+02
  -2.24367827e-02]
 [ 4.86806325e+00  1.57249146e+02  1.21663171e+02  1.76868500e+02
  -1.92326072e-02]
 [ 1.42426999e+02  1.47816742e+02  3.05985842e+02  1.74104584e+02
  -1.61259502e-02]
 [ 3.34623108e+02  1.45222534e+02  4.21420166e+02  1.65879578e+02
  -1.69847888e-02]
 [ 4.52222087e+02  1.48562409e+02  4.88945089e+02  1.64732544e+02
  -1.69842142e-02]
 [ 5.11551514e+02  1.40955429e+02  7.51491455e+02  1.60184128e+02
  -2.01059807e-02]
 [ 3.30411416e+02  1.80955429e+02  4.27701316e+02  1.98340164e+02
  -1.25902140e-02]]