[[ 4.26940961e+02  1.15662942e+01  4.68414630e+02  5.50714622e+01
   7.96326330e-02]
 [ 5.05853700e+02  1.95353967e+01  5.27332945e+02  5.65385398e+01
   1.34762697e-01]
 [ 5.05478318e+02  3.81701017e+02  5.93559143e+02  4.27598419e+02
   1.79496980e-01]
 [ 2.39012269e+02  9.61456345e+01  3.13664076e+02  9.52127182e+01
  -3.20598807e-01]
 [ 7.58524246e+01  3.39817780e+02  3.01146210e+02  3.71317657e+02
  -3.96245219e-03]
 [-4.41070270e+00  3.76690338e+02  3.91580335e+02  4.16797211e+02
  -9.17036926e-03]
 [ 1.54923782e+01  2.32533630e+02  9.09835587e+01  2.71692383e+02
   9.46184070e-02]
 [ 6.71471252e+01  1.77494522e+02  1.53183426e+02  2.28493362e+02
   2.00871638e-01]
 [ 1.76464456e+02  1.99484221e+02  2.15340841e+02  2.31996766e+02
   1.93145106e-01]
 [ 3.57785886e+01  3.30587799e+02  1.13583499e+02  3.40929413e+02
  -7.09770524e-03]
 [ 4.23710184e+00  3.55080841e+02  7.58724976e+01  3.71532684e+02
  -5.27285016e-03]]