[[ 4.70457197e+02 -1.07191558e+00  5.19992615e+02  1.99235401e+01
   1.56466854e-01]
 [ 3.79891216e+02  1.85926160e+02  4.33044514e+02  2.03821947e+02
   1.18376609e-01]
 [ 2.53035980e+02  2.35513840e+01  3.02200592e+02  4.00253410e+01
  -6.34368813e-02]
 [ 7.06421370e-01  1.71008933e+01  4.05863495e+01  5.10789261e+01
  -2.09735117e-01]
 [ 6.67219543e+01  3.20051498e+01  1.48239334e+02  6.74205627e+01
   5.44560067e-02]
 [ 1.77791061e+02  2.77376442e+01  2.47821305e+02  6.30954552e+01
   5.79202566e-02]
 [ 5.44055175e+02  2.57524530e+01  5.88490723e+02  3.63259772e+01
  -2.29220529e-01]
 [ 4.36254487e+02  1.18218758e+02  5.63892669e+02  1.43944641e+02
  -1.16173430e-03]
 [ 4.14150116e+02  1.51246979e+02  5.93499074e+02  1.74899780e+02
  -1.47708721e-03]
 [ 2.48106161e+02  5.62054514e+01  3.68962982e+02  8.21994705e+01
   5.34355233e-02]
 [ 3.91764160e+02  6.46809769e+01  4.07125671e+02  8.92872086e+01
   2.87675677e-01]]