[[ 8.25178757e+01  1.89201832e+01  1.30944833e+02  5.52067183e+01
  -1.95300905e-02]
 [ 8.34218043e+01  6.51985321e+01  1.32410479e+02  1.01481705e+02
  -1.95304183e-02]
 [ 1.48804550e+02  7.01947207e+01  1.84007950e+02  1.06159329e+02
  -3.60633567e-02]
 [ 2.35420026e+02  1.05518143e+02  3.00275469e+02  1.24771972e+02
  -2.94531597e-02]
 [ 3.75194701e+01  9.53440399e+01  1.15819031e+02  1.24926529e+02
   6.27276747e-02]
 [ 1.33499359e+02  1.04497086e+02  1.63185333e+02  1.27901611e+02
   6.27276061e-02]
 [ 3.78820801e+01  1.25328415e+02  1.35044193e+02  1.52890885e+02
   3.22803958e-02]
 [ 3.92159653e+01  1.55477188e+02  1.25682625e+02  1.80049850e+02
   1.30010654e-03]]