[[ 2.38905392e+02  1.41147339e+02  2.78526126e+02  1.62121216e+02
   1.01076166e-01]
 [ 5.24841980e+02  1.29849380e+02  5.94466980e+02  1.71806839e+02
   6.00388780e-02]
 [ 2.86330547e+01  1.96635773e+02  7.52944508e+01  2.27115143e+02
  -2.03035856e-02]
 [ 9.38800403e+01  1.95391556e+02  1.43371852e+02  2.25732742e+02
  -2.03033066e-02]
 [ 6.51316167e+01  2.79106170e+02  4.46484175e+02  3.62620698e+02
   1.01057087e-01]
 [ 1.23697495e+02  6.59217834e+00  2.41945694e+02  7.39663696e+01
   1.28644102e-01]
 [ 1.22691148e+02  7.95814053e+01  2.73877821e+02  1.28408127e+02
   2.69432034e-02]
 [ 4.38307098e+02  1.85716766e+02  4.60117462e+02  1.97160645e+02
  -7.20268915e-03]
 [ 4.77408478e+02  1.85367599e+02  5.02431061e+02  1.96800949e+02
  -1.10896244e-02]
 [ 2.99752777e+02  1.39108337e+02  3.81594391e+02  1.73526611e+02
   1.36684599e-01]
 [ 1.39521851e+02  2.36476440e+02  2.17364014e+02  2.53711212e+02
  -2.80689772e-02]
 [ 4.82351868e+02  1.46247238e+02  5.23258118e+02  1.64420181e+02
   1.40920967e-02]
 [ 2.25701269e+02  2.31310086e+02  4.50211436e+02  3.21749360e+02
   1.15772914e-01]
 [ 3.05103742e+02  7.60316452e+00  5.22596393e+02  7.36415407e+01
   8.49885355e-03]
 [ 4.18087402e+02  1.85757294e+02  5.13935547e+02  2.24649933e+02
   1.07093226e-01]
 [ 5.43403931e+02  1.86311752e+02  5.93887817e+02  2.13997513e+02
  -1.49313578e-03]]