[[ 2.75616867e+02  2.37273699e+01  3.69520828e+02  8.60874875e+01
   8.22480074e-02]
 [ 4.07920641e+02  3.74111696e+01  4.65907606e+02  9.26836180e+01
   1.06428182e-01]
 [ 1.21053772e+02  8.81595612e+01  2.63584717e+02  1.49939651e+02
   4.60655292e-02]
 [ 3.05290375e+02  9.66525560e+01  5.23834534e+02  1.56500613e+02
   4.60657283e-02]
 [ 3.44883327e+02  1.86685455e+02  3.80931614e+02  2.06405975e+02
   5.60671901e-03]
 [ 3.91462885e+02  1.86842331e+02  4.13403815e+02  2.06588059e+02
   5.60636505e-03]
 [ 4.24070007e+02  1.85869171e+02  4.90505310e+02  2.08069855e+02
   5.81715589e-03]
 [ 3.43719374e+02  2.17368393e+02  3.77632127e+02  2.38150223e+02
   1.20986335e-02]
 [ 3.87112989e+02  2.17749725e+02  4.08964525e+02  2.37499359e+02
   6.82513617e-03]
 [ 4.18030457e+02  2.26886917e+02  4.68618103e+02  2.39821426e+02
  -2.30368638e-01]
 [ 4.72979727e+02  2.21555679e+02  5.27384287e+02  2.39814224e+02
   8.54089634e-03]
 [ 5.38631195e+02  2.18854919e+02  5.70679473e+02  2.40501069e+02
   1.30595649e-02]
 [ 3.43593771e+02  2.48027100e+02  3.65056559e+02  2.68503967e+02
   5.13917499e-03]
 [ 3.76492181e+02  2.56540436e+02  4.23330328e+02  2.78854706e+02
   1.58615211e-02]
 [ 4.35292725e+02  2.49229553e+02  4.47889832e+02  2.70107239e+02
   8.33323838e-03]
 [ 4.58774689e+02  2.49531677e+02  4.81177643e+02  2.69675964e+02
   1.41921650e-02]
 [ 4.94392768e+02  2.48937530e+02  5.44643212e+02  2.71884430e+02
   1.83657821e-02]
 [ 1.45504816e+02  2.87517760e+02  2.01494574e+02  3.12608155e+02
   1.56480186e-01]
 [ 9.04806076e+00  2.49800964e+02  1.34596075e+02  2.88852295e+02
   8.21505919e-02]
 [ 3.90763641e+02  1.86528168e+01  4.08966156e+02  3.13613091e+01
   1.22033186e-01]
 [ 4.42572558e+02  2.05209165e+00  5.68800458e+02  6.94946198e+01
   1.44169264e-01]
 [ 5.93781873e+01  1.84367950e+02  2.12188828e+02  2.37137115e+02
   1.23082889e-02]
 [ 2.06130792e+02  2.55742888e+02  2.85562202e+02  3.01305635e+02
   1.66853169e-01]]