[[ 6.37354710e+01  1.74947617e+02  3.39153483e+02  2.21562119e+02
   2.70064798e-02]
 [ 4.47911988e+02  6.98553006e+01  4.96368407e+02  9.84323886e+01
   9.54959521e-03]
 [ 5.20532502e+02  6.06615064e+01  5.86777435e+02  9.92958148e+01
   9.54977007e-03]
 [ 2.13066376e+02  7.52016296e+01  2.82649933e+02  1.03261292e+02
   8.77401266e-03]
 [ 2.96405861e+02  7.80166562e+01  3.78802513e+02  1.01127173e+02
  -5.36753060e-02]
 [ 2.62420685e+02  1.10134444e+02  2.81396759e+02  1.34380632e+02
   7.76813243e-03]
 [ 2.97685181e+02  1.17561447e+02  3.44061768e+02  1.40194473e+02
   1.14533180e-02]
 [ 3.41172295e+02  1.60083221e+02  5.11813843e+02  2.36041565e+02
   1.10573585e-01]
 [ 5.45413147e+02  1.72728241e+02  5.98501160e+02  2.17851349e+02
   3.59278999e-03]
 [ 2.49137512e+02  7.10939980e+00  2.85737061e+02  2.87991047e+01
   1.55823128e-03]
 [ 3.11231476e+02  7.20615768e+00  3.85839874e+02  2.91467400e+01
   1.55823008e-03]
 [ 4.10742207e+02  7.16669079e+00  5.11089763e+02  2.95867730e+01
   3.49527372e-03]
 [ 1.46329498e+00  2.66951447e+01  1.19151482e+02  8.54747467e+01
   9.49679387e-03]
 [ 1.73378372e+02  3.19213713e+01  2.02052811e+02  8.62620699e+01
  -6.43668242e-03]]