[[ 4.60859314e+02  7.95888901e+00  5.86625061e+02  4.66294708e+01
   3.43213664e-02]
 [ 3.93536127e+02  3.14186798e+02  4.47729132e+02  3.38302460e+02
  -8.89139367e-03]
 [ 9.57522125e+01  2.60924194e+02  2.31156967e+02  3.44742188e+02
   3.76874597e-02]
 [ 6.63244019e+01  9.43318558e+00  1.53888306e+02  3.09469452e+01
  -8.64758139e-03]
 [ 6.90556259e+01  3.70546644e+01  1.68106232e+02  5.34466248e+01
  -1.50399761e-02]
 [ 7.17416012e+01  6.43653108e+01  1.19688025e+02  8.09094695e+01
  -2.24908720e-02]
 [ 1.32959763e+02  6.52920990e+01  1.55730515e+02  8.00987091e+01
  -2.24907843e-02]
 [ 4.94248143e+02  2.88210998e+02  5.74426636e+02  3.06517578e+02
   1.49741376e-02]
 [ 4.13874174e+02  3.37917969e+02  4.61414156e+02  3.57101746e+02
   4.26824003e-02]
 [ 2.24885269e+02  2.63526459e+02  2.49853317e+02  2.88944000e+02
   1.11103316e-02]
 [ 2.69218262e+02  2.64591858e+02  3.58679810e+02  2.96804932e+02
   1.08339357e-01]
 [ 2.85806061e+02  6.46235657e+00  3.78026398e+02  3.16530228e+01
   9.34582501e-03]]