[[ 1.98460511e+01  5.20509954e+01  7.78677875e+01  9.23412470e+01
  -1.14312481e-01]
 [ 9.35705945e+01  2.09024182e+01  2.60243996e+02  9.16120853e+01
  -6.06668502e-03]
 [ 1.08931298e+02  1.89348466e+02  2.54467262e+02  1.91620315e+02
  -1.00532715e-01]
 [ 1.83834198e+02  3.18141052e+02  3.23612213e+02  3.72355225e+02
  -4.10549042e-03]
 [ 3.85842590e+02  3.09366913e+02  4.96819763e+02  3.72662201e+02
   1.45573987e-02]
 [ 3.12095032e+02  1.43924057e+02  3.85865906e+02  1.75179337e+02
  -1.12972163e-02]
 [ 3.42557683e+02  9.15805802e+01  3.61029842e+02  1.29244722e+02
   2.52802345e-01]
 [ 5.83622332e+01  2.60992645e+02  2.32862368e+02  3.30577728e+02
  -4.72799976e-02]]