[[ 1.25294495e+01  3.07409912e+02  2.81926208e+02  3.43323242e+02
  -7.00965453e-02]
 [ 1.86864324e+01  1.66309873e+02  1.57247573e+02  2.34614413e+02
   1.56397775e-01]
 [ 2.78222656e+02  4.01021973e+02  5.91210693e+02  4.59282898e+02
  -1.19795060e-02]
 [ 2.30277487e+00  3.63036683e+02  3.49889541e+01  3.81755371e+02
  -4.09117528e-02]
 [ 4.50897839e+01  3.61285187e+02  7.52399967e+01  3.74169952e+02
  -4.09097813e-02]
 [ 8.60926975e+01  3.53517151e+02  1.33187278e+02  3.72488647e+02
  -4.59943415e-02]
 [ 5.74488854e+01  3.86374878e+02  8.93125854e+01  4.06624939e+02
  -1.59916166e-03]
 [ 6.76066954e+01  1.70694885e+02  1.13720972e+02  1.89649262e+02
   2.90435494e-02]
 [ 1.32093231e+02  1.62797043e+02  1.33562835e+02  1.98278306e+02
   4.91508524e-01]]