[[ 9.32079315e-01  1.40414276e+01  3.28638802e+01  3.99439392e+01
   7.76735036e-02]
 [ 4.62998810e+01  2.08928833e+01  9.83707733e+01  4.50423431e+01
   6.19882689e-02]
 [ 4.69649164e+02  1.67194277e+02  5.79779577e+02  1.92605894e+02
  -5.92004402e-02]
 [ 2.73698805e+02  2.31312637e+02  3.42930833e+02  2.47850052e+02
   2.46110000e-02]
 [ 2.55732330e+02  2.54920746e+02  3.31391704e+02  2.75962311e+02
   3.94477257e-02]
 [ 4.04642487e+01  1.14169464e+02  1.02184097e+02  1.43302124e+02
   2.30632071e-02]
 [ 1.65292130e+01  5.26800156e+01  4.31109924e+01  6.56371689e+01
  -4.42656014e-02]
 [ 1.67590001e+01  1.60659180e+02  3.10961825e+01  1.70139648e+02
  -2.97223449e-02]
 [ 4.74125925e+01  1.55718994e+02  9.18838210e+01  1.68332489e+02
  -2.97203472e-02]
 [ 1.16938118e+02  1.13472258e+02  1.24149742e+02  1.30977510e+02
   6.83432281e-02]
 [ 1.40988113e+02  1.18105522e+02  1.71017105e+02  1.30358154e+02
  -6.48552508e-04]]