[[ 2.26279315e+02  4.70059813e+01  3.99812604e+02  1.42967346e+02
   1.30030427e-02]
 [ 4.13528615e+02  7.26735493e+00  4.70814525e+02  2.68963414e+01
   3.27074633e-03]
 [ 4.96378286e+02  7.39753720e+00  5.53036174e+02  2.71652604e+01
   3.27061713e-03]
 [ 5.77763910e+02  7.57965086e+00  6.02121588e+02  2.73257981e+01
   3.27080032e-03]
 [ 4.13242494e+02  4.63591235e+01  4.28845152e+02  7.58356091e+01
   7.76302070e-02]
 [ 4.59747009e+02  4.64073029e+01  4.71834045e+02  7.65406570e+01
   1.13565743e-01]
 [ 4.99993591e+02  4.57872086e+01  5.70119324e+02  7.56447372e+01
   7.49871198e-03]
 [ 1.29124481e+02  1.62553040e+02  1.41950287e+02  1.81445526e+02
   7.77113222e-02]
 [ 1.64085183e+02  1.58036712e+02  2.64558341e+02  1.81932740e+02
   1.16481457e-02]
 [ 2.84176849e+02  1.60790741e+02  4.12391022e+02  1.89822968e+02
   1.66285429e-02]
 [ 4.30170929e+02  1.63470062e+02  4.56360931e+02  1.83179871e+02
  -7.56249760e-02]
 [ 1.67913879e+02  1.97861343e+02  1.97240967e+02  2.22022293e+02
   7.77782429e-03]
 [ 2.18023269e+02  1.99373840e+02  2.59924179e+02  2.22009186e+02
   2.34734523e-03]
 [ 2.79818542e+02  2.03267517e+02  4.20747559e+02  2.21976318e+02
  -5.00083601e-02]
 [ 9.09182240e+00  6.73837433e+01  3.62145054e+01  8.46870880e+01
   8.37917278e-03]
 [ 5.52732602e+01  5.96883468e+01  9.14001406e+01  8.42060013e+01
   7.85000164e-03]
 [ 1.09751315e+02  6.21460036e+01  1.56014432e+02  8.58248216e+01
   7.98217791e-03]
 [ 1.72563766e+02  6.16453285e+01  2.28585953e+02  8.54892273e+01
  -1.77808895e-02]
 [ 1.96284052e+02  1.46822433e+01  2.34139959e+02  3.48180618e+01
   2.24929972e-03]
 [ 2.53174957e+02  1.09438705e+01  3.25393463e+02  3.51878967e+01
   4.05281546e-03]
 [ 3.43302032e+02  1.10887566e+01  3.95706818e+02  3.54728775e+01
   4.05279080e-03]]