[[ 3.87257141e+02  3.15636261e+02  5.07170776e+02  3.06753632e+02
  -2.77812302e-01]
 [ 5.36564775e+01  1.26556549e+02  1.67863693e+02  1.57419128e+02
   8.88705874e-02]
 [ 5.63445740e+01  1.89418793e+01  1.52533020e+02  6.39863892e+01
   1.25247790e-03]
 [ 1.89642547e+02  2.12580358e+01  2.26070465e+02  6.45179957e+01
  -3.70488732e-02]
 [ 2.65678546e+02  2.10679320e+01  3.54059369e+02  6.54432069e+01
   7.22877959e-03]
 [ 1.83814880e+02  3.51482330e+02  3.52265137e+02  4.01783722e+02
   3.63976164e-02]
 [ 4.99830425e+02  8.30027923e+01  5.95253315e+02  1.17960388e+02
   1.66569774e-03]
 [ 7.71546631e+01  7.25410614e+01  2.40063721e+02  1.04854263e+02
  -4.61389078e-03]
 [ 5.12298340e+02  7.79134903e+01  5.55194946e+02  9.24600143e+01
  -5.40685375e-02]]