[[ 4.06786163e+02  1.35697155e+01  4.80446381e+02  2.99076481e+01
  -3.02690284e-02]
 [ 4.95580048e+02  2.98095490e+02  5.89134033e+02  3.13572479e+02
  -1.49755166e-01]
 [ 4.72174194e+02  2.02351776e+02  5.16128906e+02  2.09227356e+02
  -8.28946817e-02]
 [ 3.15644531e+01  1.22538345e+02  1.65897949e+02  2.13971176e+02
   5.90051878e-02]
 [ 1.51985363e+02  2.98623962e+02  2.28652974e+02  3.33190735e+02
   2.95638340e-02]
 [ 3.36317169e+02  6.15891571e+01  5.01410858e+02  1.87928070e+02
   3.39528973e-02]
 [ 6.03832245e+00  1.49745483e+01  2.09185561e+02  6.30832672e+01
  -1.66425280e-02]
 [ 3.89937973e+01  8.56599426e+01  1.90269562e+02  1.06522995e+02
  -6.24950145e-02]
 [ 8.60290388e+01  1.31622634e+02  1.60422797e+02  1.63450425e+02
   7.87662008e-02]
 [ 1.63010498e+02  1.30252975e+02  1.88075135e+02  1.55077653e+02
  -3.54425795e-01]
 [ 6.08623123e+00  3.29278381e+02  1.95748520e+01  3.47387451e+02
   1.43625914e-01]
 [ 3.37270414e+01  3.29470093e+02  7.80892428e+01  3.45500427e+02
   5.31438387e-03]
 [ 8.99434697e+01  3.30319183e+02  1.38369488e+02  3.45820709e+02
   5.31238927e-03]
 [ 1.48901445e+02  3.32711578e+02  2.33551375e+02  3.46898529e+02
   1.20576666e-02]
 [ 2.51926998e+02  3.77009277e+01  4.30221501e+02  9.01485139e+01
   1.64282206e-02]]