[[ 4.32116079e+02  2.73790832e+02  5.30911875e+02  3.11365052e+02
   3.08270149e-02]
 [ 4.33920532e+02  3.28552490e+02  5.47073364e+02  3.71069885e+02
   3.88587876e-02]
 [ 5.89550221e+01  1.58038894e+02  1.57826294e+02  1.79620499e+02
  -3.52467005e-02]
 [ 2.39482025e+02  2.63427948e+02  3.68224579e+02  2.79269806e+02
  -4.72162911e-02]
 [ 1.07685339e+02  3.13757782e+02  2.49713869e+02  3.70619110e+02
  -2.03279056e-02]
 [ 6.78333240e+01  1.97136551e+02  1.69903004e+02  2.25569412e+02
   5.86617910e-02]
 [ 2.57863976e+02  2.84142243e+02  3.55458961e+02  2.99402740e+02
  -7.95874909e-02]
 [ 4.40184200e+02  1.66314270e+02  4.91999698e+02  1.68021820e+02
  -6.62743788e-02]
 [ 4.14172485e+02  1.76886078e+02  5.16246704e+02  1.79764160e+02
  -7.39752006e-02]]