[[4.73014648e+02 9.26141357e+00 5.46014404e+02 3.74583588e+01
  4.47648528e-03]
 [9.98280945e+01 1.36658020e+01 2.87144348e+02 6.70327759e+01
  5.38368414e-04]
 [4.23617793e+02 3.71818542e+02 4.92500127e+02 3.99694946e+02
  2.72375646e-02]
 [4.97502793e+02 2.96471628e+01 5.81170424e+02 6.66266714e+01
  4.11075962e-02]
 [1.02725225e+01 1.78332825e+01 5.90539927e+01 5.11047287e+01
  1.11006574e-03]
 [2.07729666e+02 3.65597442e+02 2.61871012e+02 3.95906708e+02
  3.33343682e-02]
 [2.87712219e+02 3.68264557e+02 3.80561584e+02 3.98717255e+02
  2.67384846e-02]
 [4.03329529e+02 3.84050537e+02 4.14002563e+02 3.87390137e+02
  2.97070862e-02]]