[[-5.06833649e+00  2.58063141e+02  8.95569077e+01  2.92528961e+02
   1.61647299e-02]
 [ 2.93557772e+02  3.21776094e+01  5.80822783e+02  1.36734103e+02
   1.00510902e-01]
 [ 2.78121216e+02  1.33191772e+02  3.65245605e+02  1.80779846e+02
   1.41553406e-02]
 [ 3.97582382e+02  1.22694802e+02  5.76836625e+02  1.72052429e+02
  -2.49964565e-02]
 [ 2.42457977e+02  2.02636749e+02  2.58208130e+02  2.20720917e+02
   1.01341388e-03]
 [ 2.82078007e+02  2.01827957e+02  3.75659542e+02  2.22443375e+02
   4.76796522e-03]
 [ 4.16957703e+01  3.16876465e+02  1.23600861e+02  3.31470642e+02
   1.16674027e-02]
 [ 3.81295471e+02  3.06294312e+02  5.33016357e+02  3.01421143e+02
  -1.21816088e-01]
 [ 4.19590424e+02  3.24128082e+02  4.88243134e+02  3.28636993e+02
  -1.49720106e-01]
 [ 4.99757912e+02  3.10292240e+02  5.55010155e+02  3.20991757e+02
  -1.49489194e-01]
 [ 3.26075576e+02  3.65627688e+02  3.98016160e+02  3.72344907e+02
  -1.55582909e-01]
 [ 4.18002532e+02  3.50726553e+02  5.38000244e+02  3.54426575e+02
  -1.53167515e-01]
 [ 5.52082055e+02  3.30755072e+02  6.01200660e+02  3.40475153e+02
  -1.55582859e-01]
 [ 1.79379730e+02  2.66147705e+02  2.37431549e+02  2.83554810e+02
  -1.77302399e-01]
 [ 2.50136612e+02  2.57108917e+02  2.93514160e+02  2.83296234e+02
  -1.37718314e-02]
 [ 1.23745141e+01  4.81172938e+01  2.55246484e+02  1.61341660e+02
   4.06053417e-02]
 [ 1.75448205e+02  2.89792693e+02  1.97203589e+02  3.13592073e+02
   1.78616348e-01]
 [ 2.10530028e+02  2.96126465e+02  2.40172579e+02  3.21608948e+02
   1.78619545e-01]
 [ 4.03697501e+02  1.93607376e+02  5.49896005e+02  2.30993210e+02
  -2.94110702e-02]
 [ 4.41734558e+02  2.40999298e+02  5.21334412e+02  2.84062897e+02
   1.25169662e-02]]