[[ 7.76423685e+01  1.73144043e+02  3.10750301e+02  2.37001953e+02
   1.33368030e-03]
 [ 4.91209595e+02  8.38847656e+01  5.87909912e+02  1.41440247e+02
   1.02503050e-01]
 [ 4.93548492e+02  1.76384964e+02  5.72753906e+02  1.82736771e+02
  -2.31456343e-01]
 [ 1.29162201e+02  2.68490051e+02  1.80349335e+02  3.02284180e+02
   5.50738145e-02]
 [ 2.10487632e+02  1.61994689e+02  2.59321862e+02  1.86359071e+02
   6.60618344e-02]
 [ 2.70045650e+02  1.66779815e+02  3.30246465e+02  1.92669251e+02
   8.76436752e-02]
 [ 5.47616982e+02  2.35246506e+02  5.95435264e+02  2.54953018e+02
  -2.75643896e-02]
 [ 5.25489980e+02  3.05584961e+02  5.91995250e+02  3.31910034e+02
   2.67373584e-02]
 [ 7.96440863e+01  3.14142364e+02  1.81758621e+02  3.60002960e+02
   4.44531657e-02]]