[[ 2.88388977e+01  2.65488525e+02  1.67473663e+02  2.93865723e+02
   2.03095461e-02]
 [ 1.26477737e+02  1.91170792e+02  1.89076859e+02  2.02738144e+02
  -1.66425295e-01]
 [ 4.04687073e+02  3.57834442e+02  5.38679288e+02  3.97970309e+02
   8.01604345e-02]
 [-2.02254163e-01  3.21472138e+02  8.70018719e+01  3.45066559e+02
  -7.10291120e-02]
 [ 2.82525330e+02  7.41153412e+01  3.56929016e+02  1.04302338e+02
   2.92515567e-02]
 [ 3.92229355e+02  6.23611205e+01  5.21030013e+02  1.20301664e+02
   1.08232066e-01]
 [ 4.73949881e+02  1.95094360e+02  5.95397766e+02  2.28784241e+02
   4.28257693e-03]
 [ 1.84777069e+02  2.66747772e+02  2.58259863e+02  2.99287751e+02
   1.27216532e-01]
 [ 5.34572327e+02  3.78152924e+02  5.95831604e+02  4.08601410e+02
   7.61362174e-02]
 [ 8.25650330e+01  3.16965332e+02  1.34198273e+02  3.32434021e+02
  -7.79564399e-02]
 [ 3.04873230e+02  7.96181107e+00  3.83668091e+02  5.19722214e+01
   1.44850518e-02]
 [ 4.12686674e+02  1.89421687e+01  5.56229036e+02  5.44719777e+01
   1.44850944e-02]]