[[ 3.38183626e+02  2.62039551e+02  4.07707853e+02  2.87219299e+02
   1.52757771e-03]
 [ 4.33796082e+02  2.64085114e+02  5.15336914e+02  2.86747711e+02
  -4.50494096e-02]
 [ 3.99773309e+02  3.05683502e+02  4.85613166e+02  3.36207611e+02
   5.08758425e-03]
 [ 1.02612984e+02  3.12978058e+02  1.37485021e+02  3.29841523e+02
  -7.96938995e-02]
 [ 3.54139019e+02  1.89910293e+02  4.28971638e+02  2.21886521e+02
   2.76969700e-02]
 [ 4.42327972e+02  1.95086777e+02  4.74552338e+02  2.08241013e+02
  -5.88331099e-02]
 [ 2.60608381e+02  3.94637999e+02  4.11210589e+02  4.27219667e+02
   9.65773941e-02]
 [ 3.97985901e+02  3.61866119e+02  5.88543030e+02  3.90258392e+02
   7.84742778e-03]
 [ 3.59987854e+02  2.90864105e+02  5.53702881e+02  3.12067780e+02
  -3.93039176e-02]
 [ 4.54504520e+02  3.48403717e+02  4.94331112e+02  3.64403351e+02
   5.17691878e-03]]