[[ 2.14494291e+02  3.82547241e+02  5.91068972e+02  4.02928345e+02
  -6.46876453e-02]
 [ 3.32105347e+02  4.29134125e+02  5.04008484e+02  4.63522980e+02
  -2.03163720e-02]
 [ 1.47499191e+02  1.28396940e+01  2.60778870e+02  4.62682076e+01
  -5.72909384e-04]
 [ 2.82244263e+02  1.27679815e+01  3.53067444e+02  3.66723099e+01
  -4.68676028e-04]
 [ 1.49159836e+02  4.94901276e+01  2.36781967e+02  7.21087723e+01
  -6.53321239e-04]
 [ 2.54580256e+02  5.67245827e+01  3.26056966e+02  8.11040039e+01
  -6.05605727e-04]
 [ 3.46087311e+02  4.93727837e+01  3.90855072e+02  7.20081024e+01
  -6.53357235e-04]
 [ 6.42544327e+01  1.37167252e+02  1.26133919e+02  1.57057907e+02
  -4.71096631e-02]
 [ 3.24140184e+02  1.43771393e+02  4.44434767e+02  1.67450134e+02
   1.01223050e-02]
 [ 5.00568604e+02  1.48728195e+02  5.75671875e+02  1.68778580e+02
   1.01221283e-02]
 [ 6.46420135e+01  1.71309891e+02  1.70849380e+02  2.23515335e+02
   2.18375744e-05]
 [ 2.28937581e+02  4.12667694e+02  3.36146708e+02  4.48594818e+02
  -2.62303803e-02]
 [ 4.93554321e+02  6.35092163e+00  5.92149414e+02  7.51953583e+01
   1.64584039e-01]
 [ 2.51154537e+01  1.71236282e+02  1.86201725e+01  2.14937424e+02
   5.65131064e-01]
 [ 6.47582550e+01  1.65100418e+02  6.32491570e+01  2.22337631e+02
   5.44266892e-01]]