[[ 3.92013306e+02  3.23655624e+01  4.70499695e+02  4.83784866e+01
  -1.28924998e-01]
 [ 5.71142119e+01  1.06488599e+02  1.18337048e+02  1.52210070e+02
   3.85454667e-01]
 [ 7.94251251e+01  2.07877731e+01  1.15357315e+02  4.13638153e+01
   2.65119239e-02]
 [ 1.27807601e+02  2.20707969e+01  1.56268266e+02  4.34788704e+01
   2.65118035e-02]
 [ 1.69992569e+02  2.92011108e+01  2.19161453e+02  5.14793549e+01
   3.37140739e-02]
 [ 1.91237549e+02  1.12280899e+02  2.89529175e+02  1.36918594e+02
   2.42469518e-02]
 [ 2.37091064e+02  1.27912331e+01  3.14397461e+02  3.28780861e+01
  -4.62967599e-02]
 [ 5.61138794e+02  9.20706463e+00  5.98971069e+02  2.28739777e+01
  -2.43968822e-02]
 [ 5.55022535e+02  3.20708210e+01  5.91793016e+02  4.49921291e+01
  -2.48921859e-02]
 [ 3.34765991e+02  5.89856339e+00  3.91005310e+02  2.80097961e+01
   4.49421829e-02]]