[[ 7.55189590e+01  7.16275024e+01  1.02962944e+02  1.02807297e+02
   2.82547939e-01]
 [ 1.18554138e+02  3.01836319e+01  1.20884705e+02  5.23457184e+01
   5.41208713e-01]
 [ 1.38589355e+02  3.80071258e+01  1.97013367e+02  5.59709778e+01
   1.06481841e-01]
 [ 9.70825531e+01  6.04454769e+00  1.26203137e+02  2.51789249e+01
   7.56593579e-02]
 [ 1.45370097e+02  7.98346198e+00  1.59055410e+02  3.02651075e+01
   2.56916441e-01]
 [ 4.03393272e+02  1.11466966e+02  4.60214516e+02  1.23270461e+02
  -1.55008468e-01]
 [ 2.72968781e+01  2.93310383e+02  5.16733900e+01  3.51799359e+02
   2.62746790e-01]
 [ 7.73467678e+01  3.06872009e+02  1.59150760e+02  3.39365051e+02
  -2.88197488e-02]
 [ 1.75610168e+02  2.92637451e+02  3.34208008e+02  3.37284119e+02
  -2.18998214e-02]
 [ 4.51278353e+02  1.19468222e+01  4.80638090e+02  2.04150809e+01
  -2.75196489e-03]
 [ 4.89294525e+02  1.18849564e+01  5.01733124e+02  2.03570251e+01
  -2.75213159e-03]
 [ 4.59453032e+00 -1.21035024e-01  5.51060059e+01  2.80175808e+01
   2.32607537e-01]
 [ 4.05393646e+02  3.19290344e+02  4.47508026e+02  3.34386597e+02
  -2.04232376e-02]
 [ 4.60427940e+02  3.18166230e+02  4.94842812e+02  3.30210784e+02
  -2.04246882e-02]
 [ 3.80411595e+02  3.51291078e+02  5.00217677e+02  3.66185851e+02
  -4.09959486e-02]]