[[ 2.01009598e+02  2.90135437e+02  2.41873520e+02  3.13465637e+02
   1.77366668e-01]
 [ 1.97968170e+02  3.22802948e+02  2.37264374e+02  3.44558075e+02
   1.91249127e-01]
 [ 2.58239632e+01  2.78104248e+02  1.15903671e+02  3.05747742e+02
  -7.03026389e-03]
 [ 3.66479584e+02  1.92907083e+02  4.21479584e+02  2.55191641e+02
   7.31176808e-03]
 [ 4.63520628e+02  1.99622986e+02  5.73820558e+02  2.57544525e+02
   1.31885321e-02]
 [ 2.11577935e+02  2.54382935e+02  2.68770026e+02  2.81416260e+02
  -5.29865732e-03]
 [ 4.20352935e+01  1.99692139e+02  6.56947250e+01  2.16158020e+02
   8.12190275e-03]
 [ 8.30294800e+01  1.97730072e+02  1.61394012e+02  2.16935333e+02
   8.12174274e-03]]