[[ 3.21525461e+02  2.73433744e+02  4.20061270e+02  3.03028231e+02
   1.00796737e-01]
 [ 5.26821777e+02  1.89764145e+02  5.97433105e+02  2.11229996e+02
  -2.11033455e-02]
 [ 4.01612244e+02  3.08830627e+02  4.36724609e+02  3.26139771e+02
  -2.95641759e-02]
 [ 4.43498352e+02  3.07141174e+02  4.62422119e+02  3.27028992e+02
  -1.95430508e-01]
 [ 2.76908718e+02  2.61253448e+02  3.31216343e+02  2.80075776e+02
   9.56663762e-02]
 [ 2.34830073e+02  2.31036193e+02  3.04706732e+02  2.63759004e+02
   1.79686176e-01]]