[[ 4.53858765e+02  2.22497986e+02  5.94887573e+02  2.29676147e+02
  -7.93682213e-02]
 [ 2.37827606e+01  2.42899582e+02  1.96587173e+02  2.77464539e+02
  -6.29405623e-03]
 [ 2.22337820e+02  2.41053223e+02  3.60181589e+02  2.76434753e+02
  -6.29434086e-03]
 [ 3.79609299e+00  2.95641754e+02  1.08725677e+02  3.27894806e+02
  -3.59411388e-03]
 [ 1.31362088e+02  2.94876740e+02  2.82224094e+02  3.27271149e+02
  -3.59422669e-03]
 [ 3.13508301e+02  2.94166656e+02  4.15950073e+02  3.26790558e+02
  -5.36076207e-03]
 [ 4.04305834e+02  2.41587265e+02  5.30196791e+02  2.51192703e+02
  -3.37374890e-02]
 [ 4.59541336e+02  2.54418640e+02  5.32910889e+02  2.66282288e+02
  -1.02261194e-02]]