[[ 4.29111374e+00  5.23668623e+00  4.00049869e+01  2.16272221e+01
  -1.54582528e-03]
 [ 5.35466156e+01  7.20779419e+00  1.25998108e+02  2.25158424e+01
  -7.43336426e-02]
 [ 1.42548128e+02  4.96366790e+00  2.11231475e+02  2.64563942e+01
  -2.04753569e-03]
 [ 2.29144302e+02  4.78635931e+00  2.52523880e+02  2.23241978e+01
  -2.04759153e-03]
 [ 8.43938750e+00  3.48230591e+01  7.13065651e+01  5.17005844e+01
  -1.14426697e-03]
 [ 8.54430069e+01  3.47349396e+01  1.19641924e+02  5.16702347e+01
  -1.14442578e-03]
 [ 1.34257105e+02  2.96250401e+01  2.04362646e+02  4.76406021e+01
  -1.29811815e-03]
 [ 2.20047512e+02  3.04886704e+01  2.97076740e+02  5.15588074e+01
  -6.28056368e-04]
 [ 3.14428162e+02  3.14220543e+01  3.38234009e+02  4.75403786e+01
  -7.48710219e-04]
 [ 3.54357794e+02  2.93156967e+01  3.97381097e+02  4.74961014e+01
  -7.48665902e-04]
 [ 1.31934586e+01  5.29602737e+01  7.22262344e+01  7.74215164e+01
   9.11219811e-02]
 [ 8.78584974e+01  5.56356715e+01  9.66366198e+01  7.12506658e+01
  -1.11326704e-01]
 [ 1.10377222e+02  5.95556641e+01  1.49532355e+02  7.22130127e+01
  -3.88190871e-04]
 [ 1.64295410e+02  5.46016693e+01  2.00646179e+02  7.22178345e+01
  -2.72847860e-06]
 [ 4.79051178e+02  1.26383963e+01  5.42655029e+02  3.42117119e+01
  -1.14442540e-03]
 [ 4.18904332e+02  4.28009023e+01  5.55404139e+02  7.25105983e+01
   4.05837916e-02]]