[[ 2.23964942e+02  1.65888893e+02  2.83429138e+02  1.92894867e+02
  -7.36749184e-01]
 [ 2.73921894e+02  1.63275928e+02  3.34217450e+02  1.86675824e+02
  -7.78961932e-01]
 [ 3.20479095e+02  1.56483963e+02  3.64968109e+02  1.82910385e+02
  -8.03258916e-01]
 [ 1.69680786e+01  2.00184784e+01  1.19750610e+02  5.13294678e+01
   9.16244369e-02]
 [ 2.07084503e+01  1.18394333e+02  9.78243873e+01  1.47241562e+02
   1.53163102e-02]
 [ 4.87750782e+02  1.63406677e+02  5.53296215e+02  1.82621155e+02
   1.61056893e-02]
 [ 2.45604890e+02  1.46888596e+02  2.99670791e+02  1.63941208e+02
  -1.56159777e-02]
 [ 3.79475266e+02  1.62868195e+02  4.90074112e+02  1.81558441e+02
  -1.09127907e-02]
 [ 6.31673533e+00  4.99698339e+01  5.30225591e+01  6.01953196e+01
  -1.84510146e-01]]