[[ 3.25799042e+02  1.93183823e+01  3.59631317e+02  7.97901688e+01
   6.57585526e-01]
 [ 1.39214096e+02  1.35810394e+02  1.56654343e+02  1.49145813e+02
  -4.96572404e-03]
 [ 1.71170303e+02  1.35583618e+02  2.72480957e+02  1.49338867e+02
  -9.63501713e-03]
 [ 5.05225708e+02  8.05451660e+01  5.69424438e+02  1.03968292e+02
   4.48494442e-02]
 [ 3.99294037e+02  1.17704330e+02  4.50187103e+02  1.30605652e+02
  -8.58402365e-02]
 [ 4.57073638e+02  1.12617833e+02  4.70601166e+02  1.28848969e+02
  -1.90872195e-01]
 [ 3.86445310e+01  1.64771267e+00  1.40827087e+02  6.31457443e+01
   1.39950737e-01]
 [ 4.35671234e+00  1.32745209e+02  7.59503326e+01  1.44819946e+02
  -1.12675607e-02]
 [ 8.63593506e+01  1.36400803e+02  1.03566629e+02  1.39023056e+02
  -9.63613723e-03]]