[[ 5.09870148e+01  8.90271225e+01  8.57440948e+01  1.18207878e+02
   2.00611864e-01]
 [ 5.07417091e+02  8.21206338e+01  5.68277763e+02  1.42175283e+02
   9.61522727e-02]
 [ 1.35679771e+02  1.63425018e+02  3.65661294e+02  2.33060059e+02
   3.47155133e-02]
 [ 3.98193695e+02  3.29091553e+02  4.53846771e+02  3.61947021e+02
  -3.32811703e-02]
 [ 4.55962945e+02  3.93858664e+00  5.41087225e+02  4.41818205e+01
   8.83167799e-02]
 [ 4.88661194e+02  3.37059570e+02  5.66430969e+02  3.68710205e+02
   2.45404245e-03]
 [ 4.82268188e+02  1.04656845e+02  5.05724609e+02  1.28945953e+02
   2.29124888e-01]
 [ 4.84762594e+00  1.72100860e+02  1.46631542e+02  2.23505646e+02
   5.24201151e-02]
 [ 4.03491806e+02  3.15148804e+02  4.73250443e+02  3.32522216e+02
  -4.50869857e-02]
 [ 4.80163916e+02  4.30178052e+01  5.22157800e+02  7.05080966e+01
   7.66671859e-02]]