[[ 3.59840851e+02  3.14329620e+02  4.16241180e+02  3.60594940e+02
   2.00928100e-02]
 [ 4.48654907e+02  3.16890472e+02  5.49623596e+02  3.61243073e+02
   3.40184807e-02]
 [ 1.86722169e+01  1.86313370e+02  1.15604414e+02  2.05101303e+02
   5.12168686e-02]
 [ 3.06293869e+00  2.04109055e+02  6.24356733e+01  2.23237045e+02
   6.47325097e-02]
 [ 6.50190981e+01  2.12802124e+02  1.19386130e+02  2.28078308e+02
   4.03180506e-02]
 [ 1.05673004e+02  3.34218231e+02  2.28200500e+02  3.58353180e+02
  -7.01602528e-02]
 [ 2.48626993e+02  2.26691178e+02  3.61181905e+02  2.37468887e+02
  -2.10987227e-02]
 [ 1.27471970e+02  1.90298645e+02  1.28869675e+02  2.25271088e+02
   5.58586786e-01]
 [ 1.52601467e+02  2.01916168e+02  2.26336033e+02  2.22443024e+02
   6.66623251e-02]
 [ 1.52225060e+02  2.94047361e+02  2.40845497e+02  3.40186159e+02
   9.55218343e-02]]