[[ 2.20227542e+02  3.86148987e+01  2.62879712e+02  7.12453003e+01
  -1.02217494e-03]
 [ 2.91952938e+02  3.85415878e+01  4.50740787e+02  8.09039535e+01
  -1.02201422e-03]
 [ 4.83057307e+02  3.61516414e+01  5.21955383e+02  8.32774506e+01
   9.56086957e-02]
 [ 1.69070574e+02  1.08160133e+01  3.96667112e+02  4.56330034e+01
   4.71565144e-03]
 [ 4.28994037e+02  1.06411829e+01  4.77296917e+02  3.73373947e+01
  -1.05241571e-03]
 [ 5.04746187e+02  1.46435300e+01  5.66278135e+02  3.72437286e+01
  -1.05284271e-03]]