[[ 2.63203316e+01  3.18571453e+01  1.08910675e+02  9.22603760e+01
  -1.61589840e-02]
 [ 1.45232025e+02  2.99354884e+01  2.06713868e+02  9.15551275e+01
  -9.79422122e-02]
 [ 1.25638161e+01  1.88752411e+02  1.10813705e+02  2.03316742e+02
  -2.97952271e-02]
 [ 1.55077454e+02  1.82003860e+02  1.34561645e+02  2.13414689e+02
   8.86487228e-01]
 [ 1.69653590e+02  1.90107818e+02  2.25574773e+02  2.07080322e+02
   2.52066340e-02]
 [ 2.21820430e+02  3.42755509e+01  3.29238164e+02  7.60260696e+01
  -1.53636348e-02]
 [ 5.86489410e+01  1.08983902e+02  1.64700104e+02  1.53472763e+02
   1.64889439e-03]
 [ 1.90984512e+02  1.08504829e+02  2.34228012e+02  1.40749298e+02
  -4.28354890e-02]
 [ 2.66355560e+02  1.02656830e+02  4.00808319e+02  1.41668335e+02
  -4.67577368e-05]
 [ 1.50848389e+01  1.78353363e+02  1.01707336e+02  1.84700806e+02
  -3.40065809e-02]]