[[ 2.26084778e+02  9.90457382e+01  2.65007202e+02  1.14302330e+02
   5.52865949e-02]
 [ 2.82877289e+02  1.05176483e+02  3.30218109e+02  1.18457611e+02
   5.49797548e-02]
 [ 3.45517029e+02  1.07277985e+02  4.89712097e+02  1.29245071e+02
   5.37412875e-02]
 [ 4.92582703e+02  1.18295990e+02  5.42633728e+02  1.29879150e+02
   6.05956107e-02]
 [ 3.93228699e+02  2.60381500e+02  4.54592896e+02  2.72791534e+02
  -8.60252884e-02]
 [ 3.92781067e+02  3.10365448e+02  4.67393799e+02  3.30096100e+02
  -2.47262258e-01]
 [ 3.83628845e+02  3.69515015e+02  4.87769226e+02  3.84507324e+02
  -2.55308583e-01]
 [ 5.02427008e+02  3.45823438e+02  5.25524902e+02  3.72160522e+02
  -4.66788950e-01]
 [ 2.21686755e+02  1.12983672e+02  4.17768461e+02  1.48049410e+02
   5.61751290e-02]
 [ 6.65846252e+01  3.71477478e+02  3.54729095e+02  3.31778748e+02
  -2.39617488e-01]]