[[ 4.66402161e+02  2.77626991e+00  5.28827637e+02  2.68093739e+01
   1.25919982e-01]
 [ 2.49976101e+01  3.37920914e+01  5.93341922e+01  6.86763378e+01
  -1.88556124e-01]
 [ 8.68161264e+01  4.52891538e+01  1.80054815e+02  7.50108111e+01
   5.24240719e-02]
 [ 2.60990906e+02  2.32028923e+01  3.09510925e+02  3.81718864e+01
  -8.13641792e-02]
 [ 3.91741651e+01  2.49454284e+02  2.11006190e+02  2.76987244e+02
   7.34216511e-02]
 [ 1.86731865e+01  2.69535309e+02  1.36440146e+02  2.95397492e+02
   7.94327331e-02]
 [ 1.52457031e+02  2.80102203e+02  4.28815552e+02  3.18805145e+02
   7.52822787e-02]
 [ 7.71074955e+01  1.44610641e+02  1.71505432e+02  1.75607956e+02
  -1.40953681e-03]
 [ 2.04747299e+02  1.40332123e+02  3.07435730e+02  1.74404266e+02
  -1.37005827e-03]
 [ 4.63603902e+00  1.64247360e+01  2.37219493e+01  2.23966027e+01
   6.85574099e-02]
 [ 5.22893360e+01  3.17867653e+00  1.37560150e+02  3.76875343e+01
   6.44150609e-02]
 [ 1.68000582e+02  1.97874403e+01  2.43476957e+02  5.21059923e+01
   7.12658909e-02]
 [ 2.34149438e+02  2.09826370e+02  4.25477631e+02  2.53420090e+02
   4.26543296e-02]
 [ 4.40545776e+02  1.11887772e+02  4.92001160e+02  1.37887527e+02
  -1.35019883e-03]
 [ 5.14400085e+02  1.12860138e+02  5.88812805e+02  1.37774597e+02
  -1.11099943e-03]]