[[4.81722961e+02 2.33747711e+02 5.34051636e+02 2.60904205e+02
  3.39783539e-02]
 [7.77767158e+01 2.50401153e+02 2.81562930e+02 3.32593659e+02
  2.31503123e-02]
 [5.00938354e+02 8.14354782e+01 5.48147095e+02 1.16933922e+02
  1.80238919e-01]
 [4.55094421e+02 3.83800125e+00 5.88776550e+02 6.24386024e+01
  2.13782534e-02]
 [5.28480359e+02 3.38234283e+02 5.95133410e+02 3.66491852e+02
  2.57128334e-03]
 [5.22239532e+01 1.17736633e+02 1.29835571e+02 1.52717743e+02
  2.71475715e-01]
 [4.88671110e+02 2.11547649e+02 5.25162112e+02 2.38582474e+02
  1.23387645e-01]
 [9.63261414e+00 3.22836578e+02 1.19483124e+02 3.63871674e+02
  2.48677643e-02]
 [1.37148560e+02 3.25396850e+02 1.71610778e+02 3.58135316e+02
  6.15042015e-02]
 [4.70658020e+02 3.41753937e+02 5.31336975e+02 3.68007660e+02
  4.44405891e-02]]