[[ 3.96140656e+02  2.56007233e+02  4.47887177e+02  2.76014130e+02
  -1.77741871e-02]
 [ 2.50820178e+02  3.43301395e+02  4.78111645e+02  3.53205441e+02
  -2.50749014e-01]
 [ 3.28311005e+01  2.68463409e+02  6.42824478e+01  2.81022186e+02
  -3.50845182e-02]
 [ 2.42451668e+00  2.81355927e+02  4.59237693e+01  2.93314545e+02
  -4.33622204e-02]
 [ 5.52305756e+01  2.78230194e+02  6.79531631e+01  2.92689484e+02
   2.07262342e-02]
 [ 1.91948452e+00  2.94938630e+02  6.80167643e+01  3.05864959e+02
  -9.01782521e-02]
 [ 7.50656433e+01  2.89336487e+02  9.16289215e+01  3.01515930e+02
  -5.15593617e-02]
 [ 2.81160983e+02  1.12423338e+02  3.38819059e+02  1.33160661e+02
   5.68003968e-02]
 [ 3.57442946e+02  1.15600829e+02  4.71433335e+02  1.41126405e+02
   6.86096772e-02]
 [ 4.83876953e+02  1.28423859e+02  5.60850220e+02  1.47477417e+02
   5.40531112e-02]
 [ 5.34803238e+01  1.03708763e+02  9.86439601e+01  1.19796120e+02
   1.27629605e-02]
 [ 1.11883601e+02  9.86890029e+01  1.44876165e+02  1.20386192e+02
   1.27626449e-02]
 [ 6.02822571e+01  1.36758621e+02  1.25656921e+02  1.61032913e+02
   3.11071012e-02]
 [ 4.38890291e+02  3.57112983e+02  5.76196074e+02  3.59344842e+02
  -2.23817543e-01]
 [ 2.02621239e+01  2.50033616e+02  6.97066084e+01  2.68197265e+02
  -3.58413120e-02]]