[[2.26737915e+02 1.44250488e+01 3.78610718e+02 9.21485138e+01
  1.42216792e-01]
 [2.58468231e+02 1.35162674e+02 3.06047699e+02 1.60634567e+02
  1.62421095e-01]
 [3.09798986e+02 2.77230710e+02 4.74867640e+02 3.19545474e+02
  1.16398161e-01]
 [3.09917664e+02 3.19777649e+02 5.56309021e+02 3.83749512e+02
  1.14955677e-01]
 [4.77664001e+02 1.38190048e+02 5.51988831e+02 1.68672867e+02
  5.61565382e-03]
 [2.28433033e+02 1.76115890e+02 2.90362941e+02 1.97800766e+02
  8.68679072e-03]
 [1.04785587e+01 4.46703718e+00 2.24099812e+02 5.21750489e+01
  7.52833354e-03]
 [3.13074066e+02 1.39915588e+02 3.44457001e+02 1.61472992e+02
  1.36824690e-01]
 [3.63075776e+02 1.46459024e+02 3.66702300e+02 1.65754049e+02
  1.84406559e-01]
 [2.65560156e+01 2.53800169e+02 2.83512355e+02 3.33849307e+02
  1.06261396e-01]]