[[ 5.78180542e+01  1.13061409e+02  1.07615143e+02  1.32482941e+02
  -4.74731468e-04]
 [ 2.33216462e+00  5.38858719e+01  4.00626413e+01  6.02748184e+01
  -2.65176405e-01]
 [ 3.42002472e+02  2.56499725e+02  4.31131989e+02  2.72665192e+02
   5.24579994e-02]
 [ 5.22564453e+02  1.67183304e+02  5.81914917e+02  1.88319168e+02
   1.99200746e-02]
 [ 1.20886850e+01  1.31546967e+02  3.02599945e+01  1.42923615e+02
  -1.10247337e-03]
 [ 4.24922725e+01  1.25339836e+02  8.75014981e+01  1.47019684e+02
  -8.92331737e-04]]