[[ 3.23144867e+02  1.56542847e+02  3.75452972e+02  1.73226257e+02
  -7.02090005e-02]
 [ 3.99779816e+02  2.54980255e+02  4.69277008e+02  2.67929413e+02
   1.88667757e-03]
 [ 4.68449127e+02  2.54268661e+02  5.00116302e+02  2.66918030e+02
  -1.09161371e+00]
 [ 5.18424489e+02  6.97540198e+01  5.88191722e+02  5.14170923e+01
  -5.63237843e-01]
 [ 2.00759277e+02  1.05611755e+02  2.59859009e+02  1.29942551e+02
   1.16679994e-02]
 [ 7.54412384e+01  2.62640686e+02  1.52715775e+02  2.98900269e+02
  -7.13911138e-03]
 [ 1.88831219e+02  2.62573059e+02  3.09262878e+02  2.98169312e+02
  -5.14792244e-03]
 [ 5.39697571e+01  3.24710083e+02  1.87256348e+02  3.66683411e+02
  -1.48803738e-03]
 [ 2.33379787e+02  3.20970001e+02  4.13804356e+02  3.76990937e+02
   6.29102575e-02]
 [ 1.47920327e+01  5.09210936e+01  3.13207030e+01  7.57257723e+01
  -1.38810671e-01]
 [ 3.86076571e+01  4.34706728e+01  8.08365415e+01  7.17422789e+01
  -1.12044544e-01]
 [ 4.92689484e+02  2.22331787e+02  6.03091797e+02  2.32750397e+02
  -5.60271803e-02]
 [ 2.41409066e+02  2.21093994e+02  2.95416923e+02  2.39831970e+02
  -9.30885995e-03]
 [ 8.39331436e+01  3.53949661e+01  2.35432831e+02  8.29512939e+01
  -2.14641362e-02]]