[[ 3.91355350e+01  1.72724926e+02  1.78221436e+02  1.50827835e+02
  -2.81348946e-01]
 [ 6.24642454e+01  2.01257203e+02  1.90407474e+02  1.87376281e+02
  -2.82757206e-01]
 [ 1.58909863e+02  4.60448187e+02  2.51264331e+02  4.78171259e+02
  -3.12990336e-01]
 [ 8.49037846e+01  5.87393344e+00  2.33070336e+02  2.00768660e+01
  -1.38166995e-02]
 [ 9.25109389e+01  3.53135262e+01  1.21834322e+02  5.14966545e+01
  -3.53545835e-02]
 [ 1.36071574e+02  3.51204340e+01  1.89878316e+02  4.90899847e+01
  -3.53546183e-02]
 [ 2.03287526e+02  3.30462002e+01  2.57130748e+02  4.67112919e+01
  -3.53548007e-02]
 [ 9.83995728e+01  6.67895666e+01  1.72936212e+02  7.92597193e+01
  -5.74489067e-02]
 [ 1.85976151e+02  6.27936372e+01  2.10310531e+02  7.71102287e+01
  -5.74492036e-02]
 [ 2.75777191e+02  4.70634399e+02  3.32685028e+02  4.85122559e+02
  -7.22351917e-02]
 [ 3.43251144e+02  4.67917238e+02  3.84592911e+02  4.80053710e+02
  -8.43738369e-02]
 [ 1.06224075e+02  2.17257446e+02  1.24924545e+02  2.23989502e+02
  -6.46384238e-01]
 [ 1.36576231e+02  2.02851960e+02  2.16978639e+02  1.99844757e+02
  -2.68049297e-01]
 [ 2.06292663e+02  4.29394659e+02  2.45336732e+02  4.44156244e+02
  -3.32923366e-01]
 [ 2.53311890e+02  4.07430796e+02  3.33796692e+02  4.07089956e+02
  -3.27624348e-01]
 [ 3.33076804e+02  4.84536897e+02  3.66411355e+02  4.94998443e+02
  -9.36502922e-02]
 [ 3.71530143e+02  4.78271424e+02  4.05293892e+02  4.91715087e+02
  -8.23680749e-02]]