[[ 1.30080704e+02  3.42251053e+01  3.35864624e+02  9.57296677e+01
  -1.86568401e-03]
 [ 4.08940552e+02  3.44065067e+01  4.35976318e+02  9.46189602e+01
   9.91805111e-04]
 [ 1.98877975e+02  1.25363830e+02  4.11778581e+02  1.87885620e+02
   9.71598336e-03]
 [ 1.31082516e+02  2.22689178e+02  1.97747990e+02  2.73642609e+02
   8.31243976e-04]
 [ 2.64746824e+02  2.16019714e+02  4.91028567e+02  2.79458282e+02
   7.79052366e-03]
 [ 1.10147202e+02  2.89461792e+02  2.28573047e+02  3.64522217e+02
   2.20946999e-03]
 [ 3.07535431e+02  2.94628601e+02  4.80858063e+02  3.83118652e+02
   2.48232265e-03]]