[[ 5.11888092e+02  9.36596637e+01  5.90109589e+02  1.30395894e+02
   1.37911243e-01]
 [ 5.12771888e+02  3.37070435e+02  5.63955162e+02  3.67557007e+02
   2.51238999e-03]
 [ 4.79101339e+02  2.73538453e+02  5.70178690e+02  2.87000670e+02
  -2.26818248e-02]
 [ 4.66550842e+02  4.42335281e+01  5.36762146e+02  7.24242630e+01
   7.10611525e-02]
 [ 5.01085144e+02  2.17711777e+02  5.20231079e+02  2.45575027e+02
   3.14875232e-02]
 [ 5.10278503e+02  8.35478134e+01  5.44887268e+02  9.85023575e+01
   5.47938815e-02]
 [ 4.93747620e+02  3.00472046e+02  5.99281566e+02  3.26328675e+02
   2.40448263e-02]
 [ 4.83749731e+02  4.94853746e+00  5.43655909e+02  5.20837883e+01
   9.06364401e-02]]