[[4.40297180e+02 3.27106354e+02 4.73822021e+02 3.64380585e+02
  2.04725005e-01]
 [4.04012525e+02 2.55574066e+02 4.67819629e+02 2.76123505e+02
  8.18224274e-03]
 [1.91516743e+02 5.57371360e+01 2.41295116e+02 7.74795998e+01
  7.15295433e-02]
 [6.55557463e+01 3.38397552e+02 9.24138429e+01 3.50961091e+02
  5.06702979e-02]
 [1.03281822e+02 3.38161041e+02 1.52786729e+02 3.55870880e+02
  8.89352163e-03]
 [3.78605713e+02 1.47702774e+02 4.73937500e+02 1.68724319e+02
  1.22623603e-01]
 [3.51932220e+01 3.50293365e+02 9.63783875e+01 3.70608185e+02
  2.81157146e-02]]