[[ 4.20247430e+01  2.80208180e+00  1.68694580e+02  5.00944138e+01
   3.89099820e-02]
 [ 1.65306025e+02  2.68548126e+02  2.50596808e+02  2.81054779e+02
  -2.53901609e-02]
 [ 2.29298401e+02  6.43955841e+01  2.99082704e+02  8.96027832e+01
   2.44654973e-04]
 [ 2.31160672e+02  9.92473297e+01  2.54156772e+02  1.16916962e+02
   1.40460008e-02]
 [ 2.71907889e+02  9.52384795e+01  3.66670846e+02  1.18497528e+02
   1.40467520e-02]
 [ 4.09575033e+02  2.49981049e+02  4.60848735e+02  2.59466614e+02
  -2.19203182e-02]
 [ 5.13142822e+02  8.10336075e+01  5.83771484e+02  1.04612190e+02
   4.48495961e-02]
 [ 8.35107727e+01  8.16869507e+01  1.10549973e+02  1.15822144e+02
   3.82689732e-01]]