[[ 5.47829712e+02  2.10827961e+01  5.96761719e+02  3.16896496e+01
  -1.61519123e-01]
 [ 2.30297028e+02  2.08478287e+02  3.51492219e+02  2.52115891e+02
   5.62089341e-02]
 [ 4.53668454e+02  1.05494202e+02  5.03613772e+02  1.32736206e+02
  -1.03993536e-03]
 [ 5.24553894e+02  1.12848862e+02  5.94473083e+02  1.32611206e+02
  -1.11116499e-03]
 [ 4.26208505e+02  1.49208328e+02  4.88999869e+02  1.75057083e+02
  -1.70565800e-03]
 [ 5.08792969e+02  1.49083252e+02  5.92457397e+02  1.74901276e+02
  -1.45788131e-03]
 [ 2.49409790e+02  2.54513950e+01  2.90734680e+02  3.97864609e+01
  -9.11222178e-02]
 [ 2.27986575e+01  2.48368225e+02  1.97005113e+02  2.87325745e+02
   7.62394176e-02]
 [ 4.24373295e+01  1.39526398e+02  7.93785274e+01  1.54780792e+02
  -1.50611570e-03]
 [ 9.34117264e+01  1.39461273e+02  1.81409959e+02  1.54627136e+02
  -1.50618857e-03]
 [ 1.96561183e+02  1.36191452e+02  2.68569951e+02  1.59558731e+02
   6.92916236e-02]
 [ 2.85184556e+02  1.40221954e+02  3.74545424e+02  1.58373627e+02
  -1.37017756e-03]]