[[ 4.19147321e+02  3.67556674e+01  5.73147723e+02  9.60014126e+01
   6.86516203e-02]
 [ 2.91016222e+02  3.29346527e+02  3.36108290e+02  3.48572662e+02
   5.28065904e-03]
 [ 3.39883179e+02  2.43998840e+02  3.97242126e+02  2.70838684e+02
  -5.32101138e-02]
 [ 3.14754012e+02  1.61967756e+02  3.84025468e+02  1.27132555e+02
  -6.63351356e-01]
 [ 1.76538391e+01  2.99192123e+01  6.79353798e+01  6.31073685e+01
   6.68468105e-02]
 [ 9.20845032e+01  3.90035248e+01  1.78317810e+02  7.04970779e+01
   6.68466760e-02]]