[[ 2.25805328e+02  3.62203705e+02  3.04510590e+02  3.89331573e+02
   2.84794578e-02]
 [ 3.22178734e+02  3.65481964e+02  3.65571388e+02  3.91070893e+02
   2.84789976e-02]
 [ 3.82659821e+02  3.73411530e+02  4.54443573e+02  3.97673492e+02
   3.28566176e-02]
 [ 1.26604430e+02  2.23776321e+01  3.44036905e+02  5.59132309e+01
   6.00196182e-03]
 [ 2.78543977e+01  1.17730072e+02  2.23735997e+02  1.67165253e+02
   1.48026429e-02]
 [ 5.12904785e+02  7.96413022e+01  5.44067505e+02  1.14558574e+02
   5.18469954e-02]
 [ 1.67459793e+01  3.96086517e+02  9.70658493e+01  4.46465057e+02
   3.36193620e-02]
 [ 4.31248474e+00  1.98509445e+01  7.85212479e+01  4.71528397e+01
   5.03901775e-03]
 [ 9.81112059e+01  2.53490952e+01  1.16633454e+02  4.73448898e+01
  -9.49398789e-02]
 [ 6.61044071e+00  1.59733887e+02  2.14912312e+02  1.96252869e+02
   4.81471306e-02]
 [ 3.31281533e+01  4.26862030e+02  7.65124144e+01  4.43253998e+02
   1.33193245e-02]
 [ 9.32038104e+01  4.21721222e+02  1.53610641e+02  4.43897186e+02
   1.74784695e-02]]