[[ 3.75001719e+02  2.81179810e+02  4.47407400e+02  2.90669067e+02
   1.20524519e-03]
 [ 9.20284078e+01  4.07688137e+01  1.14037159e+02  6.41555638e+01
   1.00214540e-01]
 [ 1.42382385e+02  3.94804916e+01  3.43320435e+02  9.13437881e+01
   1.08426338e-01]
 [ 2.13863892e+02  3.16795654e+02  3.48334839e+02  3.25531433e+02
  -7.61155229e-02]
 [ 3.62725922e+02  3.05172516e+02  4.07981842e+02  3.20982635e+02
  -7.61154780e-02]
 [ 3.88665619e+02  5.80835762e+01  4.51103485e+02  7.30748138e+01
  -1.61895123e-02]
 [ 5.45295296e+01  2.32165451e+01  1.39579132e+02  2.91690407e+01
  -4.88918841e-02]
 [ 3.39963776e+02  2.69291534e+02  4.06722565e+02  2.78275604e+02
  -5.03949583e-02]
 [ 1.29162598e+00  1.22810883e+02  1.21207161e+02  1.43808380e+02
   6.66799940e-03]
 [ 3.31832528e+01  1.52642426e+02  2.17384155e+02  1.69080963e+02
   3.15641001e-03]
 [ 1.18112495e+02  2.70748623e+01  1.97655816e+02  3.23942711e+01
  -8.73660170e-02]]