[[ 2.00829217e+01  1.32620392e+02  1.09317547e+02  1.43783234e+02
   5.52187194e-03]
 [ 4.10203611e+01  1.51858353e+02  1.28664183e+02  1.58810745e+02
   3.25241671e-03]
 [ 5.55511322e+01  1.63782501e+02  1.42264465e+02  1.71718658e+02
   9.06161631e-04]
 [ 1.84913013e+02  3.65563561e+01  2.73308484e+02  7.78972877e+01
   1.77013401e-01]
 [ 3.56508667e+02  2.80812714e+02  4.51263672e+02  2.91720856e+02
  -1.67947710e-02]
 [ 1.31941437e+02  2.47799263e+01  2.13826630e+02  2.82023201e+01
  -8.56884151e-02]
 [ 3.95181290e+02  6.61020204e+01  4.44026535e+02  7.77122343e+01
  -1.05378672e-02]
 [ 3.26967865e+02  2.67689728e+02  3.62337921e+02  2.78838287e+02
   5.83676126e-02]]