[[ 4.28528015e+02  9.55616337e+01  4.47305481e+02  1.21574994e+02
   1.76594310e-02]
 [ 4.65619291e+02  1.01702289e+02  5.43452637e+02  1.16735718e+02
  -2.07931968e-01]
 [ 2.06300735e+01  4.59187225e+02  4.35169907e+01  4.70479523e+02
  -4.08048657e-03]
 [ 4.89386185e+01  4.58343170e+02  1.37260173e+02  4.73591583e+02
  -2.18456868e-03]
 [ 1.48707665e+02  4.53561126e+02  1.97024391e+02  4.75202058e+02
   1.13899025e-01]
 [ 2.08579997e+02  4.56471985e+02  2.67784092e+02  4.73096741e+02
  -1.10485799e-02]
 [ 2.77429643e+02  4.59592194e+02  3.53759078e+02  4.72735931e+02
  -9.09211481e-03]
 [ 6.52447510e+00  3.43666931e+02  1.16342499e+02  3.57327271e+02
  -4.17590807e-02]
 [ 1.28789243e+02  3.37818329e+02  1.69241183e+02  3.55116974e+02
  -4.17585689e-02]
 [ 2.97751887e+02  1.39579361e+02  3.58124273e+02  1.47586563e+02
  -7.57912397e-03]
 [ 2.82771299e+02  1.56117233e+02  3.11974184e+02  1.66109299e+02
   1.01221786e-02]
 [ 3.23191943e+02  1.58847641e+02  3.94665478e+02  1.66929977e+02
   5.25733281e-03]
 [ 8.92398834e+00  1.64506836e+02  7.29829941e+01  2.17704620e+02
   1.73444331e-01]
 [ 2.07700806e+02  3.76090729e+02  5.91680542e+02  4.60171844e+02
   8.98596373e-03]
 [ 2.01927396e+02  2.99174927e+02  2.94525301e+02  3.24910461e+02
  -6.59754114e-02]]