[[ 2.20226240e+02  1.51907410e+02  3.12786089e+02  1.72867370e+02
  -2.48686964e-02]
 [ 4.60241577e+02  1.62677704e+02  5.61089172e+02  1.93169861e+02
   2.38104557e-02]
 [ 8.95396996e+00  5.10524979e+01  4.62279377e+01  5.54275136e+01
  -2.42907659e-01]
 [ 3.60280312e+02  8.79574163e+01  3.78841820e+02  9.87165949e+01
  -1.56129850e-01]
 [ 3.82919891e+02  8.43007431e+01  3.93667328e+02  9.67586136e+01
  -1.28562249e-01]
 [ 3.98454846e+02  8.26106734e+01  4.42292529e+02  9.30029435e+01
  -7.70843542e-02]
 [ 4.48225067e+02  8.12722397e+01  4.75361115e+02  9.23045578e+01
  -8.00388484e-02]]