[[ 3.01197662e+01  1.79249191e+01  1.52052261e+02  6.02730560e+01
   6.29723125e-02]
 [ 3.30054851e+02  1.92452752e+02  3.45727986e+02  2.13624946e+02
   3.37226968e-01]
 [ 3.14271499e+02  2.17717609e+02  3.18706894e+02  2.49048321e+02
   5.10443383e-01]
 [ 2.72291199e+02  2.58124146e+02  3.17775940e+02  2.75844849e+02
  -3.44857513e-02]
 [ 4.30985630e+02  1.33929872e+02  5.86485866e+02  1.85780883e+02
  -4.65374312e-02]
 [ 1.67627777e+02  1.69333878e+01  2.00574524e+02  4.14781189e+01
   9.67371243e-04]
 [ 2.19000916e+02  9.27658463e+00  2.73994873e+02  4.17870483e+01
   4.20764672e-03]
 [ 2.95124190e+02  9.05173104e+00  3.70505632e+02  4.21931229e+01
   4.20748306e-03]
 [ 2.86365229e+02  1.89641998e+02  3.52443060e+02  2.33339631e+02
   1.38680338e-01]
 [ 4.78295813e+02  1.90937821e+02  5.32798975e+02  2.15823104e+02
  -2.46071739e-02]]