[[ 2.04246664e+02  3.68183444e+02  2.76668985e+02  3.80759000e+02
  -2.43574540e-01]
 [ 2.94009338e+02  3.46283722e+02  4.17967224e+02  3.44770721e+02
  -2.47557415e-01]
 [ 4.30700592e+02  3.09875244e+02  5.30060913e+02  3.16440125e+02
  -2.47555480e-01]
 [ 5.39334395e+02  2.85000309e+02  5.91242631e+02  3.00976741e+02
  -2.47559050e-01]
 [ 4.23345642e+02  1.09381470e+02  5.55891663e+02  1.35615524e+02
   5.80083815e-02]
 [ 9.13092041e+00  2.05371368e+02  2.17015579e+02  2.46234467e+02
   6.43214400e-02]
 [ 4.43997296e+02  3.38191777e+02  5.15676654e+02  3.53037227e+02
  -2.47558016e-01]
 [ 5.30347715e+02  3.27364381e+02  5.87074526e+02  3.31152953e+02
  -2.49055651e-01]
 [ 4.58094360e+02  3.73735718e+02  5.47591736e+02  3.76436829e+02
  -2.56332901e-01]
 [ 5.60969478e+02  3.60457206e+02  5.85570439e+02  3.72838509e+02
  -5.18637407e-01]
 [ 2.15691008e+02  1.08818115e+02  4.19570039e+02  1.37957596e+02
   7.23890917e-02]
 [ 2.20372675e+02  1.31651382e+02  3.24504705e+02  1.50156418e+02
   4.48083349e-02]]