[[ 4.87047302e+02  1.33800827e+02  5.95322083e+02  1.68714096e+02
   1.67170898e-02]
 [ 8.60866350e+01  1.38500212e+01  3.60503827e+02  6.31230320e+01
   3.12370238e-02]
 [ 2.75539096e+02  1.32950039e+02  3.78209805e+02  1.71134281e+02
   1.24975658e-01]
 [ 3.06846283e+02  1.74054367e+02  3.80317413e+02  2.01375229e+02
   4.57576272e-02]
 [ 1.34856340e+01  2.02087921e+02  9.69547272e+01  2.26820068e+02
  -5.44632754e-03]
 [ 4.22586365e+02  1.95800812e+02  5.79036709e+02  2.26779267e+02
   1.56369580e-02]
 [ 1.23140915e+02  2.79652039e+02  2.46336685e+02  3.26498962e+02
   1.06051365e-01]
 [ 2.86737640e+02  2.97060333e+02  3.54240448e+02  3.38025482e+02
   1.06242692e-01]
 [ 3.88020294e+02  3.07848541e+02  5.00161957e+02  3.53587067e+02
   1.06242171e-01]
 [ 1.32646698e+02  6.43860245e+01  3.10030192e+02  1.24089699e+02
   7.79851044e-03]
 [ 3.49493134e+02  8.00825500e+01  4.07947235e+02  1.12553818e+02
   1.30507027e-02]
 [ 1.14975394e+02  2.13370300e+02  1.52037751e+02  2.27706940e+02
  -2.04053434e-02]
 [ 1.65766525e+02  2.16675644e+02  1.99275101e+02  2.26742905e+02
  -2.04056299e-02]]