[[ 1.74480770e+02  3.81152258e+00  5.25299320e+02  1.16642242e+02
  -2.33066100e-02]
 [ 2.19424881e+02  1.70010315e+02  4.83505310e+02  2.25411438e+02
  -1.68878934e-02]
 [ 1.19678319e+02  2.81623381e+02  1.59974117e+02  3.05735566e+02
   1.08291753e-01]
 [ 1.12214918e+02  3.07105041e+02  1.96900499e+02  3.39492920e+02
   1.19795439e-01]
 [ 2.40176422e+02  3.52977356e+02  3.37775299e+02  3.84025879e+02
   3.19706903e-02]
 [ 1.38997031e+02  3.92473175e+02  3.06651459e+02  4.25427887e+02
   2.35179830e-03]
 [ 3.34302561e+02  3.93432556e+02  3.82294424e+02  4.25692505e+02
   5.75304081e-03]
 [ 3.80987252e+02  3.22482447e+02  4.45811088e+02  3.55274694e+02
   2.31986569e-01]
 [ 3.38795441e+02  2.65395355e+02  3.85950409e+02  2.85028412e+02
   4.86733594e-03]
 [ 4.03401004e+02  2.65842161e+02  5.85412109e+02  2.85999207e+02
  -4.83220591e-02]
 [ 1.52633989e+02  1.26229180e+02  2.19159834e+02  1.45951202e+02
  -2.31808222e-02]
 [ 2.52731704e+02  1.14306579e+02  5.74998901e+02  1.38837097e+02
  -2.02174852e-02]
 [ 3.21138246e+01  2.49921447e+02  1.38654053e+02  2.80633606e+02
   6.50658402e-02]
 [ 1.57796768e+02  2.53892029e+02  2.21035599e+02  2.72123108e+02
   3.56550273e-03]
 [ 2.39513824e+02  2.54124054e+02  2.66510529e+02  2.72285248e+02
   3.56586342e-03]
 [ 2.79790175e+02  2.55944339e+02  3.35374742e+02  2.71921201e+02
  -1.62429802e-01]]