[[ 1.95160583e+02  2.02503693e+02  2.60841461e+02  2.48102936e+02
   7.16885119e-02]
 [ 3.00782181e+02  1.89726546e+02  4.35887802e+02  2.46447831e+02
   6.33130899e-02]
 [ 2.57446289e+01  1.38245438e+02  6.64824982e+01  1.61538193e+02
   3.21876032e-02]
 [ 9.61742401e+01  1.30792038e+02  9.91083832e+01  1.64985092e+02
   2.47369358e-01]
 [ 2.42194785e+02  9.61517327e+01  4.94029633e+02  1.49085114e+02
   7.67835459e-02]
 [ 2.64525488e+02  3.33979285e+02  4.78780177e+02  3.43678674e+02
  -2.34574423e-01]
 [ 1.79076019e+02  2.64438354e+02  2.71920354e+02  3.06263672e+02
   8.70773231e-02]
 [ 7.91538239e+00  9.91839905e+01  8.20037537e+01  1.36476944e+02
   2.04937579e-02]
 [ 4.66462585e+02  1.05778427e+02  6.15569763e+02  1.52090439e+02
   1.38201459e-01]]