[[ 1.65139404e+02  1.95074417e+02  2.48326874e+02  2.35589279e+02
   1.18902135e-02]
 [ 1.43300371e+02  2.81809385e+02  1.94424574e+02  3.12044680e+02
   1.84149316e-01]
 [ 1.51241494e+02  2.57463928e+02  2.04905296e+02  2.76845215e+02
  -1.41352452e-02]
 [ 2.27942194e+02  2.56379702e+02  2.99158224e+02  2.81694455e+02
  -1.18282047e-01]
 [ 3.74871570e+02  1.40242562e+01  5.10949230e+02  9.19054161e+01
   1.24462592e-01]
 [ 5.53037422e+02  4.00389708e+01  5.80630547e+02  9.89853059e+01
   2.41172269e-01]
 [ 4.00357239e+02  1.13503113e+02  5.35228699e+02  1.74782532e+02
   6.26112065e-02]
 [ 4.03148376e+02  3.30810364e+02  5.26028564e+02  3.35080627e+02
  -1.50268915e-01]
 [ 5.47480360e+02  3.16980598e+02  6.12498644e+02  3.26954277e+02
  -1.54006707e-01]
 [ 2.74123474e+02  1.89483887e+02  3.49819824e+02  2.28652435e+02
   1.02159469e-02]
 [ 3.85252441e+02  1.89553726e+02  5.45213745e+02  2.30648666e+02
   1.02159793e-02]
 [ 3.76660980e+02  2.45298859e+02  4.89657928e+02  2.87303314e+02
   1.35628617e-02]
 [ 2.25979257e+02  7.24409166e+01  3.03633673e+02  1.14172762e+02
   6.53513497e-02]
 [ 3.33689575e+02  7.92341003e+01  3.77392151e+02  1.16605530e+02
   6.26250147e-02]
 [ 1.50843811e+01  1.21934235e+02  3.85751678e+02  1.72519196e+02
   1.93633194e-02]
 [ 3.65664246e+02  3.22477417e+02  3.81758423e+02  3.31027039e+02
  -1.49875315e-01]
 [ 3.93595728e+02  3.18856232e+02  4.65510595e+02  3.22622894e+02
  -1.48520171e-01]
 [ 4.76499573e+02  3.05924774e+02  5.09820251e+02  3.12278168e+02
  -1.49952172e-01]]