[[ 3.81526630e+02  9.55852445e+00  4.95450848e+02  3.53467948e+01
   5.28412511e-02]
 [ 1.10379822e+02  2.31539612e+01  1.81855469e+02  6.97751465e+01
   3.58795767e-03]
 [ 4.08891632e+02  2.48840881e+02  4.71345062e+02  2.72178406e+02
   6.46312285e-02]
 [ 7.87652206e+01  8.48601837e+01  1.05606117e+02  1.16464844e+02
   3.90148042e-01]
 [ 1.22978653e+02  1.34186081e+02  2.04622727e+02  1.50716690e+02
  -1.02904975e-02]
 [ 2.18839047e+02  1.36887817e+02  2.50464268e+02  1.52719849e+02
  -3.60396424e-03]
 [ 4.89223363e+02  3.15696918e+01  5.81936793e+02  6.53956631e+01
   1.05037978e-01]
 [ 1.58451221e+01  1.51085588e+01  1.14279573e+02  3.82046508e+01
  -1.04188976e-01]
 [ 1.39255829e+02  6.66439056e+00  1.75718445e+02  3.78491020e+01
   6.65105976e-04]
 [ 4.27201167e+02  6.98757169e+01  4.71083379e+02  9.07079318e+01
   6.43417277e-02]
 [ 1.11645403e+01  1.26889450e+02  1.58569593e+01  1.50418655e+02
   3.92263326e-01]
 [ 3.14166347e+01  1.29403427e+02  1.00047747e+02  1.43609054e+02
  -3.94131864e-02]]