[[ 1.60032990e+02  2.87564819e+02  2.44468414e+02  3.15297424e+02
  -2.34023812e-02]
 [ 2.67719360e+02  2.80964386e+02  3.10827881e+02  3.14632477e+02
   2.06514755e-02]
 [ 1.51390427e+02  3.34449707e+02  2.81835113e+02  3.69702332e+02
  -1.11815352e-03]
 [ 9.79759064e+01  8.97986412e+00  1.72013565e+02  2.52137165e+01
  -9.20573746e-02]
 [ 6.62820587e+01  7.68784561e+01  1.03125641e+02  9.90802536e+01
   1.26735012e-01]
 [ 3.07384738e+02  3.12855621e+02  5.72265897e+02  3.70005402e+02
   1.01021483e-02]
 [ 4.24854278e+02  1.58688421e+01  4.54675446e+02  2.60108299e+01
  -3.47906716e-03]
 [ 4.69730178e+02  1.19364148e+01  5.13408281e+02  2.58064937e+01
  -3.47908392e-03]]