[[ 2.82599640e+02  9.36296844e+00  3.96766144e+02  5.17256012e+01
  -1.87531902e-02]
 [ 4.29366786e+02  9.94311758e+00  5.95369664e+02  4.92522121e+01
  -1.25589449e-02]
 [ 2.84839033e+02  8.07188798e+01  3.98461260e+02  1.28536316e+02
  -8.66296144e-03]
 [ 2.09652405e+01  1.88720551e+02  1.46117004e+02  2.10224091e+02
   2.90974686e-02]
 [ 1.60045334e+02  1.96306488e+02  2.11572495e+02  2.11980957e+02
   1.83811360e-02]
 [ 7.38448179e+01  5.57261429e+01  1.48744049e+02  8.18978653e+01
  -8.66283146e-03]
 [ 1.67646355e+02  5.35564729e+01  2.44554543e+02  8.10678557e+01
  -1.27125057e-02]
 [ 2.66335815e+02  5.22389793e+01  3.40591980e+02  8.02358704e+01
  -8.66284240e-03]
 [ 3.65644806e+02  5.38802948e+01  3.94256256e+02  8.10530243e+01
   3.47519457e-02]
 [ 4.21666321e+02  5.97395706e+01  4.37067444e+02  8.09244156e+01
   8.07988372e-02]
 [ 8.61041347e+01  9.29650571e+01  2.06294761e+02  1.30878601e+02
   4.44526829e-02]
 [ 9.24669842e+01  1.33454956e+02  1.43435840e+02  1.57893494e+02
  -1.24254815e-03]
 [ 1.61594920e+02  1.34201569e+02  2.08611745e+02  1.58042816e+02
   2.29118735e-03]
 [ 2.29665344e+02  1.33076691e+02  3.15862976e+02  1.58288605e+02
   2.29160207e-03]
 [ 3.37937439e+02  1.42486343e+02  3.94066895e+02  1.58467819e+02
   2.29129590e-03]
 [ 4.15690683e+02  1.32903274e+02  4.68689566e+02  1.58638840e+02
   2.29150808e-03]]