[[ 2.98070221e+02  1.67776276e+02  3.16477020e+02  1.86223938e+02
   4.18060804e-02]
 [ 3.34668471e+02  1.73662948e+02  3.58817491e+02  1.87995072e+02
   4.17039300e-02]
 [ 1.79397125e+01  5.44796600e+01  1.42189224e+02  1.28600174e+02
   2.00971749e-01]
 [ 1.32853241e+01  1.21286835e+02  1.45431748e+02  1.97825470e+02
   1.75215967e-01]
 [ 3.71887938e+02  2.96494659e+02  4.60225527e+02  3.13029877e+02
  -5.04311316e-03]
 [ 2.50387147e+02  1.07427483e+02  2.90529495e+02  1.24843910e+02
  -3.06963156e-02]]