[[ 1.32485626e+02  1.01143974e+02  2.62623199e+02  1.15676247e+02
  -3.90412754e-02]
 [ 1.44815414e+02  3.78226089e+01  2.37231888e+02  7.17969971e+01
   1.48830125e-01]
 [ 8.35231628e+01  8.01572342e+01  1.10898392e+02  1.00225883e+02
   1.27735999e-01]
 [ 6.95395187e+01  3.38065671e+02  1.11869508e+02  3.72719363e+02
   1.57457807e-01]
 [ 1.27521135e+02  3.42052124e+02  3.38119703e+02  3.62489929e+02
  -4.63387210e-02]
 [ 1.13186679e+01  5.19051351e+00  6.13538094e+01  3.43996391e+01
   2.33011017e-01]
 [ 8.82072906e+01  4.25724487e+01  1.47560181e+02  5.76981583e+01
   5.13688117e-02]
 [ 1.28142242e+01  3.05502838e+02  2.73031006e+01  3.34699799e+02
   2.88151605e-01]
 [ 4.58036423e+01  3.05637909e+02  8.96413498e+01  3.26722198e+02
  -1.99946770e-02]
 [ 1.02633793e+02  3.03326477e+02  1.99120052e+02  3.24532959e+02
  -1.99947480e-02]
 [ 2.13553558e+02  3.00782959e+02  2.62932709e+02  3.23256958e+02
  -1.99937290e-02]
 [ 2.82498214e+02  3.00687928e+02  3.13512345e+02  3.22245483e+02
  -1.99944601e-02]]