[[ 2.79772949e+02  1.34430756e+02  3.11477661e+02  1.73914215e+02
   3.80839259e-01]
 [ 4.00684113e+02  1.66075516e+02  4.93604279e+02  1.90732803e+02
   5.13954699e-03]
 [ 9.90248416e+01  2.00317308e+02  1.98540954e+02  2.08642897e+02
  -1.06236483e-01]
 [ 1.86305954e+01  2.59912384e+02  2.57353451e+02  3.02389313e+02
   2.39483813e-02]
 [ 4.41623444e+02  1.96975082e+02  5.63795776e+02  2.18849777e+02
  -5.70153394e-02]
 [ 3.99911652e+02  4.07299194e+02  4.41597504e+02  4.25278870e+02
   9.61203187e-02]
 [ 4.60085628e+02  4.07314238e+02  5.03666569e+02  4.35191011e+02
   2.39795456e-01]
 [ 2.83347260e+02  1.47015533e+01  4.39647919e+02  1.34240265e+02
   1.64133006e-01]
 [ 5.01461304e+02  2.19558838e+02  5.94844604e+02  2.55945587e+02
   1.00614297e-01]
 [ 1.09619481e+02  6.66600261e+01  2.19658260e+02  1.12404702e+02
   4.22008323e-02]]