[[ 1.16286896e+02  1.37768448e+02  1.74000397e+02  1.57393173e+02
   4.91846997e-03]
 [ 1.83981493e+02  1.38101440e+02  2.27003644e+02  1.58322937e+02
   4.91795601e-03]
 [ 1.13881790e+02  3.57992287e+01  1.79877945e+02  8.41894073e+01
  -9.70410743e-02]
 [ 2.15521429e+02  3.37588274e+01  4.43727350e+02  8.55907972e+01
  -7.96885049e-03]
 [ 6.21648636e+01  2.86356598e+02  2.51764160e+02  2.89692719e+02
  -8.70986839e-02]
 [ 1.16418622e+02  3.13542450e+02  2.02010913e+02  3.29314422e+02
  -6.03433070e-02]
 [ 1.67041500e+01  3.51376495e+02  1.27856610e+02  3.71597870e+02
  -1.43454210e-02]
 [ 1.45542908e+02  3.45116089e+02  1.94850403e+02  3.65141052e+02
  -3.32643415e-02]
 [ 2.17257807e+02  3.40206940e+02  3.27791265e+02  3.60717193e+02
  -3.32666195e-02]
 [ 2.63719038e+01  1.36012085e+02  7.86621519e+01  1.58632904e+02
   1.65578445e-02]
 [ 9.24705963e+01  1.39938965e+02  1.20198441e+02  1.59320709e+02
   1.65572197e-02]
 [ 2.93942264e+02  1.52251770e+02  4.15388669e+02  1.70854279e+02
   1.24217494e-02]]