[[ 3.65928223e+02  1.84348206e+02  4.61960693e+02  2.00105591e+02
   8.99194470e-03]
 [ 2.26084819e+01  1.16586044e+02  4.72881570e+01  1.37456329e+02
  -1.34070258e-03]
 [ 6.76417243e+01  1.22856133e+02  1.18554900e+02  1.42503662e+02
  -1.39016700e-03]
 [ 2.88144379e+01  1.48563950e+02  1.68375397e+02  1.76111862e+02
   3.09221819e-02]
 [ 1.87890502e+02  1.50259994e+02  3.28136903e+02  1.71448837e+02
   5.89618885e-03]
 [ 2.72900745e+02  2.42549983e+01  3.09651990e+02  3.91508283e+01
  -8.23941852e-02]
 [ 4.62481323e+02  4.51967049e+00  4.73880249e+02  1.68086262e+01
   1.79254480e-01]
 [ 4.91023071e+02  4.98806381e+00  5.35311788e+02  2.79399986e+01
   1.79254486e-01]
 [ 1.75554737e+00  1.28180920e+01  2.33238875e+02  7.30155799e+01
   4.85306570e-02]
 [ 3.58211182e+02  1.44223465e+02  5.26158508e+02  1.68089249e+02
  -1.63994764e-03]
 [ 2.95879822e+02  2.12370941e+02  3.66052124e+02  2.34611694e+02
   6.06172154e-02]
 [ 2.67510225e+02  5.27322333e+01  3.60695158e+02  9.72385767e+01
   1.90838421e-01]
 [ 3.79805542e+02  6.69540253e+01  4.15903259e+02  8.75899811e+01
   5.93344975e-02]]