[[ 3.36257401e+01  2.16305511e+02  6.77664719e+01  2.29297638e+02
  -3.12162920e-02]
 [ 2.49446838e+02  2.02797974e+02  3.47272400e+02  2.26832520e+02
   2.84963905e-03]
 [ 3.64288952e+02  2.02212448e+02  3.95083973e+02  2.26968765e+02
   2.84952471e-03]
 [ 4.12074291e+02  2.03936905e+02  5.41962421e+02  2.27387344e+02
   2.84993648e-03]
 [ 1.49352804e+02  2.05157456e+02  1.74537638e+02  2.24025711e+02
  -2.02520314e-02]
 [ 4.43363647e+02  1.83724197e+02  4.81360229e+02  2.00858231e+02
  -5.92082661e-03]
 [ 4.97641553e+02  1.86080994e+02  5.18564227e+02  2.00637909e+02
  -5.92161458e-03]]