[[ 4.73412995e+01  1.54779902e+01  1.16577142e+02  7.12500305e+01
  -1.73292766e-03]
 [ 1.65862747e+02  1.30871868e+01  3.17652695e+02  7.12435455e+01
  -3.22691484e-05]
 [ 3.37287720e+02  2.92603035e+01  3.56470886e+02  5.28876228e+01
   1.82726037e-02]
 [ 3.74832566e+02  2.64662120e+01  4.39189468e+02  5.39097645e+01
   8.23497376e-02]
 [ 4.59166412e+02  2.91938705e+01  5.16571411e+02  4.84120102e+01
  -7.18390299e-04]
 [ 5.35031799e+02  2.82076035e+01  5.53117004e+02  5.09312973e+01
   1.22419697e-01]]