[[ 4.23814617e+02  1.74945954e+02  4.78101887e+02  1.93162811e+02
  -8.49114277e-03]
 [ 4.90815999e+02  1.78410388e+02  5.98616984e+02  1.93188703e+02
  -6.97173764e-02]
 [ 4.22628296e+02  2.04710403e+02  4.86841431e+02  2.28717819e+02
   2.48775934e-02]
 [ 5.01228484e+02  2.06177994e+02  5.57727449e+02  2.24586838e+02
   1.92603103e-03]
 [ 2.34120453e+02  1.82678314e+02  2.64584106e+02  1.96760193e+02
   6.56689715e-03]
 [ 2.83085342e+02  1.82999893e+02  3.43170944e+02  1.97055191e+02
   6.56692172e-03]
 [ 4.66838745e+02  1.44008255e+02  5.34744507e+02  1.70269150e+02
   3.82675958e-02]
 [ 2.79089905e+02  2.59894104e+02  5.82578437e+02  3.37748231e+02
   9.70969798e-02]
 [ 2.51414154e+02  1.40681747e+02  3.26451447e+02  1.68157516e+02
   1.03181759e-01]
 [ 2.42792841e+02  2.71323852e+01  4.12336202e+02  8.08883364e+01
   9.43218237e-03]
 [ 2.09394372e+02  2.08358597e+02  2.82307776e+02  2.34356308e+02
   5.59662216e-03]
 [ 2.98111603e+02  2.09418365e+02  3.47532990e+02  2.34721405e+02
  -3.30242740e-02]
 [ 3.64386017e+02  2.12252579e+02  4.00009186e+02  2.35015121e+02
   5.59733552e-03]
 [ 1.44496596e+02  2.38463242e+02  1.88753403e+02  2.58985901e+02
  -5.58571092e-02]
 [ 1.98863708e+02  2.37230957e+02  2.20305878e+02  2.51359436e+02
  -5.62970651e-02]
 [ 6.03041837e+01  2.83808472e+02  2.33859879e+02  3.54682556e+02
   1.06410127e-01]
 [ 3.28012908e+02  1.44865906e+02  3.83794953e+02  1.68797394e+02
   1.52750547e-01]
 [ 7.14167530e+01  2.08633976e+01  2.41366488e+02  6.82038726e+01
  -1.37941571e-02]]