[[ 4.46316681e+01  1.56484283e+02  3.71684265e+02  1.88137238e+02
  -1.92324468e-02]
 [ 4.49315613e+02  1.48700256e+02  5.48269470e+02  1.85550476e+02
  -1.92325687e-02]
 [ 8.01878510e+01  2.01755219e+02  4.24017239e+02  2.26507477e+02
  -9.79495662e-03]
 [ 2.17556883e+02  3.65432373e+02  4.55307129e+02  4.30279236e+02
   8.61775983e-03]
 [ 4.93384628e+02  3.70532349e+02  5.98662002e+02  4.28316956e+02
   2.11192744e-03]
 [ 3.67557983e+02  3.24236511e+02  4.31186462e+02  3.58936646e+02
   2.48149240e-01]
 [ 6.33319359e+01  8.32906647e+01  1.36932999e+02  1.03759552e+02
  -2.63862982e-02]
 [ 1.54961313e+02  8.03103021e+01  2.98014954e+02  1.05614288e+02
  -2.55480739e-02]
 [ 3.20934388e+02  8.49603670e+01  4.96972777e+02  9.75964567e+01
  -5.87901959e-02]
 [ 8.72285156e+01  1.14610596e+02  1.85563171e+02  1.31671753e+02
  -2.23153608e-02]
 [ 2.03001788e+02  1.14823914e+02  2.28067731e+02  1.30723098e+02
  -2.23160189e-02]
 [ 2.77835217e+02  2.38403777e+02  3.77389209e+02  2.63764802e+02
   4.52867449e-02]
 [ 3.90846261e+02  2.42681840e+02  4.73131095e+02  2.60672545e+02
  -4.12837027e-02]
 [ 4.85993225e+02  2.41139008e+02  5.82561951e+02  2.60921234e+02
   2.27176210e-03]
 [ 2.78417786e+02  2.66168060e+02  3.12488647e+02  2.89858734e+02
   1.13161059e-02]
 [ 3.26680081e+02  2.66409821e+02  3.60327976e+02  2.85931061e+02
   2.91913929e-03]
 [ 3.73365650e+02  2.66421356e+02  4.53290844e+02  2.86393646e+02
   4.97597126e-03]
 [ 1.00721645e+02  2.77762817e+02  2.03795422e+02  3.21876955e+02
   1.49660572e-01]]