[[ 1.26353051e+02  1.51800262e+02  2.71678711e+02  1.89266388e+02
   9.96324328e-03]
 [ 2.90267090e+02  1.53161960e+02  3.15644897e+02  1.82433529e+02
   1.29005790e-03]
 [ 2.44264221e+02  1.22373924e+01  2.64221325e+02  3.12175179e+01
   2.01996648e-03]
 [ 2.89160777e+02  7.17176434e+00  4.18155568e+02  4.53153992e+01
   1.55822821e-03]
 [ 4.42684775e+02  7.22203048e+00  5.66438852e+02  3.74344025e+01
   4.16370177e-03]
 [ 2.32740875e+02  5.53021850e+01  4.01041108e+02  1.33407135e+02
   4.48797567e-02]
 [ 3.60409180e+02  1.47717255e+02  4.54311646e+02  2.27625488e+02
  -3.55575418e-02]
 [ 5.13048950e+02  1.66504425e+02  5.68529419e+02  2.29765015e+02
  -1.14169789e-01]
 [ 4.54523966e+02  9.56074670e+01  5.46346274e+02  1.37464890e+02
   3.09830837e-02]
 [ 1.35832443e+01  8.20964890e+01  1.22682503e+02  1.12259377e+02
   2.67467530e-02]]