[[ 4.93364624e+02  2.87581879e+02  5.94285767e+02  3.19600433e+02
  -3.31618774e-02]
 [ 3.95618313e+02  1.96622757e+02  4.35795506e+02  2.12525680e+02
  -2.89457010e-02]
 [ 1.39585876e+01  2.95278137e+02  1.41093414e+02  3.34497681e+02
   1.10988971e-02]
 [ 2.65854309e+02  5.77850189e+01  5.13908875e+02  1.88352585e+02
   3.39532029e-02]
 [ 4.39530640e+02  1.87709869e+02  4.78540710e+02  1.99524261e+02
  -5.60469324e-02]
 [ 1.48333237e+02  3.22875549e+02  2.76567458e+02  3.45059937e+02
   4.76710211e-02]
 [ 3.89802856e+02  6.99225159e+01  4.63973511e+02  8.82710266e+01
  -4.80781143e-02]]