[[ 1.37973561e+02  2.76433899e+02  4.52179271e+02  3.26304870e+02
  -2.30190312e-02]
 [ 2.67327881e+00  1.80171600e+02  1.90574295e+02  2.12499725e+02
   3.78150871e-02]
 [ 3.17410767e+02  8.10567169e+01  3.84434509e+02  1.56095535e+02
   1.30772320e-02]
 [ 2.06127502e+02  3.50671356e+02  6.18136658e+02  4.52075043e+02
   6.93365176e-03]
 [ 2.78699563e+01  1.68035536e+02  8.40880649e+00  1.87126390e+02
   1.05371466e+00]
 [ 3.21769324e+01  1.73945679e+02  5.90479364e+01  1.81433472e+02
   1.81621552e-03]
 [ 6.57662430e+01  1.72757568e+02  1.25792732e+02  1.82016785e+02
   7.88722934e-03]
 [ 2.23349398e+01  7.04572597e+01  2.40231533e+02  1.65934663e+02
   6.81424316e-02]]