[[ 2.94281921e+02  9.87250366e+01  5.59083864e+02  1.51765488e+02
   6.47383593e-02]
 [ 3.36207581e+02  9.51132965e+00  4.28601379e+02  6.58712387e+01
   5.16249718e-02]
 [ 4.63620594e+02  2.95204996e+01  5.45020093e+02  7.07382971e+01
   4.96028145e-02]
 [ 2.31712219e+02  1.97018982e+02  3.38996887e+02  2.46153534e+02
   7.89656144e-02]
 [ 1.43725891e+01  6.05192661e+00  9.83023071e+01  8.59543915e+01
  -1.50940810e-01]
 [ 1.52470814e+02  9.74488019e+00  2.59870388e+02  7.12162411e+01
   4.20283861e-02]
 [ 3.84257199e+02  2.00471695e+02  5.48605106e+02  2.37051865e+02
   7.82001999e-02]
 [ 3.90911865e+02  1.52223923e+02  4.65537720e+02  1.70513657e+02
  -9.19871415e-03]]