[[ 2.47808468e+02  3.17228117e+02  3.00068668e+02  3.85199862e+02
   6.24802289e-01]
 [ 3.29079498e+02  3.74385437e+02  3.26832367e+02  4.02419983e+02
   6.97316798e-01]
 [ 1.19703751e+02  8.66779327e+00  1.54722946e+02  2.96093063e+01
   9.97470541e-02]
 [ 1.85735260e+02  1.58403053e+01  2.33221588e+02  3.36604805e+01
   1.01903471e-01]
 [ 3.80846938e+02  1.90779865e+02  4.75668809e+02  1.96781994e+02
  -2.30703891e-01]
 [ 3.28516882e+02  1.82532850e+02  3.39124048e+02  2.17461504e+02
   6.13002985e-01]
 [ 4.43811615e+02  1.68444458e+02  4.99919159e+02  1.70707336e+02
  -2.41717189e-01]
 [ 5.13255188e+02  1.55920395e+02  5.27976257e+02  1.61073746e+02
  -2.47860352e-01]]