[[ 4.03539855e+02  4.21553188e+01  5.17372707e+02  1.74106213e+02
   4.18445939e-01]
 [ 9.69747162e+01  7.99931564e+01  1.73730545e+02  1.14331917e+02
   1.94337630e-01]
 [ 7.93874594e+01  1.06619353e+02  1.61998466e+02  1.44374879e+02
   2.18599014e-01]
 [ 3.08138092e+02  3.41430206e+02  3.64509003e+02  3.63629547e+02
  -3.80343227e-02]
 [ 1.52200256e+02  1.75301178e+02  2.70908051e+02  1.55204315e+02
  -7.07508161e-01]
 [ 9.35462952e-01  1.92870140e+01  7.40625000e+01  4.44794121e+01
   3.48257583e-02]
 [ 4.17491974e+02  1.87581467e+02  4.68143280e+02  2.34912308e+02
   3.65635405e-01]
 [ 3.98910252e+02  2.35883794e+02  4.52917873e+02  2.77192302e+02
   3.89687855e-01]
 [ 4.41362483e+02  1.33824338e+02  5.21677612e+02  2.03451050e+02
   4.71063962e-01]
 [ 1.62256943e+02  1.31244125e+01  2.37224747e+02  4.56267853e+01
   1.56397563e-01]
 [ 1.44866524e+02  3.41485278e+01  2.28291435e+02  7.11451810e+01
   1.78406612e-01]
 [ 1.31329956e+02  5.83164825e+01  2.14633606e+02  9.77597504e+01
   1.80653826e-01]
 [ 2.99334106e+02  3.56985870e+02  3.25943054e+02  3.92794525e+02
   4.85976205e-02]
 [ 5.20969888e+02  2.55797467e+02  5.95679159e+02  2.52624103e+02
  -8.51609621e-01]]