[[ 1.67461838e+02  3.01666794e+01  2.14142136e+02  6.55764313e+01
   3.97767913e-01]
 [ 1.56391724e+02  5.04976273e+01  2.25881226e+02  9.63518295e+01
   3.92294393e-01]
 [ 2.72738068e+02  6.75712051e+01  4.35210968e+02  5.00105362e+01
  -2.94149767e-01]
 [ 2.64045389e+02  1.05425970e+02  3.76233542e+02  1.13709437e+02
  -2.36688783e-01]
 [ 5.99012909e+01  5.79890625e+02  1.33675354e+02  5.96374634e+02
   2.43763756e-03]
 [ 2.61805511e+02  1.53924225e+02  3.63238739e+02  1.66070404e+02
  -1.98920601e-01]
 [ 1.03956093e+02  4.95887329e+02  1.50597137e+02  5.05761780e+02
  -8.87164484e-02]
 [ 1.07198181e+02  5.19976563e+02  1.73311615e+02  5.27638306e+02
  -9.20136569e-02]]