[[ 3.34535095e+02  3.67383759e+02  4.53585205e+02  2.87187531e+02
  -8.37745330e-01]
 [ 3.94984951e+02  3.88157842e+02  4.73378697e+02  3.39137812e+02
  -9.16884116e-01]
 [ 5.12678955e+02  2.90390717e+02  5.45867310e+02  3.22315460e+02
   4.03162526e-01]
 [ 5.05122375e+02  3.05703064e+02  5.77652527e+02  3.58774414e+02
   4.20955864e-01]
 [ 3.66495605e+02  2.15593262e+02  4.51928467e+02  2.26630829e+02
  -2.13121693e-01]
 [ 1.80958613e+02  2.28318699e+02  3.16582952e+02  1.58466243e+02
  -6.47375084e-01]
 [ 3.33480128e+02  1.10712673e+02  4.03272435e+02  9.17713510e+01
  -6.50952191e-01]
 [ 2.10321758e+02  2.59293277e+02  2.64124653e+02  2.47026792e+02
  -6.56368697e-01]
 [ 2.86194615e+02  2.08877889e+02  3.21016018e+02  2.03294474e+02
  -6.54039956e-01]
 [ 3.38187334e+02  1.66569688e+02  5.20951660e+02  4.88729401e+01
  -6.88112866e-01]
 [ 4.48930733e+02  2.27913906e+02  5.15808830e+02  2.48386021e+02
   7.24079405e-02]
 [ 5.33060181e+02  2.37214111e+02  5.57097412e+02  2.51380890e+02
   7.24071723e-02]
 [ 2.35214467e+02  7.24517771e+00  3.00462901e+02  4.33138814e+01
   4.88011530e-02]
 [ 3.21980096e+02  9.71762463e+00  4.61815131e+02  4.63473969e+01
   5.27318209e-03]
 [ 5.12610840e+02  3.28571411e+02  5.84079346e+02  3.84292053e+02
   4.38172415e-01]
 [ 5.10078414e+02  3.51221946e+02  5.56165726e+02  4.01781655e+02
   4.92148028e-01]
 [ 3.42739258e+02  1.98592041e+02  3.74820251e+02  1.91198029e+02
  -6.59646036e-01]
 [ 3.75211487e+02  1.76138428e+02  4.20850830e+02  1.55130615e+02
  -7.45920817e-01]
 [ 4.19372314e+02  1.39368195e+02  4.84933899e+02  1.09650085e+02
  -6.57709102e-01]
 [ 4.83341980e+02  9.47784119e+01  5.08548279e+02  8.74867554e+01
  -6.59646815e-01]
 [ 3.85480308e+02  1.99610892e+02  4.14025246e+02  1.89010049e+02
  -6.61500201e-01]
 [ 4.15798107e+02  1.76008209e+02  4.31595386e+02  1.75268769e+02
  -6.61499781e-01]
 [ 4.31663571e+02  1.59209688e+02  4.86674380e+02  1.32253813e+02
  -6.62789114e-01]
 [ 4.84335693e+02  1.18198990e+02  5.10190369e+02  1.13897629e+02
  -6.62788191e-01]
 [ 1.99330690e+01  3.89965820e+01  2.74019989e+02  9.16565399e+01
   6.18517824e-03]]