[[ 8.00295876e+01  2.69583738e+02  9.07874900e+01  2.99161746e+02
   2.92462230e-01]
 [ 6.89512100e+01  3.06779144e+02  8.49423752e+01  3.38160553e+02
   2.95223261e-01]
 [ 5.05322495e+02  2.85496887e+02  5.57930542e+02  3.28737793e+02
   3.09941013e-02]
 [ 3.04050518e+02  1.75678115e+01  3.51405353e+02  3.71062913e+01
   1.24387092e-01]
 [ 3.68394897e+02  2.57306061e+01  4.33894104e+02  4.74200439e+01
   1.24386872e-01]
 [ 8.43718028e+01  2.43177247e+02  1.27772011e+02  2.59950438e+02
  -1.54443742e-01]
 [ 8.22181244e+01  2.82160156e+02  1.01178757e+02  3.19589478e+02
   2.79845978e-01]
 [ 4.85481689e+02  1.51379303e+02  5.49538330e+02  1.68397827e+02
  -3.21177633e-02]
 [ 4.83997803e+02  1.86366196e+02  5.91482422e+02  1.96630447e+02
  -3.22540484e-02]
 [ 3.88291538e+02  7.52791377e+01  3.97582241e+02  9.43956059e+01
   4.84429788e-01]
 [ 4.14319122e+02  8.81662750e+01  4.66782684e+02  1.17392487e+02
   3.45190811e-01]
 [ 4.03962902e+02  1.04556405e+02  4.35200184e+02  1.27213142e+02
   3.52507729e-01]
 [ 2.34633423e+02  2.70195618e+01  3.51044128e+02  7.46759338e+01
   1.18946024e-01]]