[[ 5.24039481e+02  2.94652828e+02  5.95713327e+02  3.37281254e+02
   3.98303651e-01]
 [ 5.15141235e+02  3.10304779e+02  5.76837402e+02  3.51032990e+02
   4.15251469e-01]
 [ 5.05348203e+02  3.27663085e+02  5.52629483e+02  3.63857557e+02
   4.33734664e-01]
 [ 4.94809570e+02  3.46052338e+02  5.70788353e+02  3.98897502e+02
   4.44325874e-01]
 [ 3.19966522e+02  2.20800873e+02  3.57025665e+02  2.40488129e+02
  -1.79195884e-01]
 [ 3.74915218e+02  2.18265595e+02  4.33990360e+02  2.33924255e+02
  -1.78208274e-01]
 [ 2.17707993e+02  2.03078705e+02  3.00213934e+02  1.65651527e+02
  -6.50438650e-01]
 [ 3.08809341e+02  1.37761990e+02  3.42427780e+02  1.33618687e+02
  -6.48058831e-01]
 [ 1.71341644e+02  2.88725006e+02  4.07345123e+02  1.32906281e+02
  -6.62817602e-01]
 [ 5.39767733e+02  2.08355775e+01  5.81906339e+02  4.14541488e+01
   1.87600320e-01]
 [ 5.38690450e+02  4.22417525e+01  5.83508524e+02  6.39400331e+01
   1.89589130e-01]
 [ 5.37573422e+02  6.44515298e+01  5.88083561e+02  8.78625419e+01
   1.91650036e-01]
 [ 5.36410767e+02  8.75315323e+01  5.81957886e+02  1.10608482e+02
   1.93789297e-01]
 [ 5.35202576e+02  1.11517792e+02  5.77609192e+02  1.34636810e+02
   1.96012761e-01]
 [ 5.33952209e+02  1.36434097e+02  5.94700012e+02  1.63968674e+02
   1.98324227e-01]
 [ 5.32639642e+02  1.62425109e+02  5.72571906e+02  1.86485170e+02
   2.00728156e-01]
 [ 4.41112183e+02  2.24860626e+02  5.79392273e+02  2.57366028e+02
   8.65006368e-02]]