[[ 4.60861524e-01  6.40099345e+01  9.41227875e+01  1.63103043e+02
  -2.92817885e-01]
 [ 1.09926056e+02  5.96196518e+01  2.54559845e+02  1.97548648e+02
  -1.52127760e-01]
 [ 5.20396709e+02  4.12697632e+02  5.90959126e+02  4.47432861e+02
   7.55547843e-03]
 [ 2.72246422e+02  5.75526772e+02  2.98365882e+02  5.92987632e+02
  -3.03774514e-01]
 [ 4.30963640e+02  1.41242804e+02  4.60947371e+02  2.21839563e+02
   1.05203623e+00]
 [ 8.46879016e+01  2.78111841e+02  1.47460785e+02  2.69433319e+02
  -4.42164439e-01]
 [ 8.43208297e+01  5.46985413e+02  1.93355386e+02  5.85894104e+02
  -2.23039599e-02]
 [ 4.21170780e+02  4.59231782e+02  4.69003048e+02  4.83641692e+02
  -2.33665602e-02]
 [ 4.77948792e+02  4.57129089e+02  5.08488525e+02  4.75318054e+02
  -1.12216876e-01]
 [ 5.13493469e+02  4.54190735e+02  5.56662048e+02  4.78438232e+02
  -8.24797235e-02]
 [ 5.62773193e+02  4.50116730e+02  6.00342285e+02  4.64966888e+02
  -1.12217663e-01]
 [ 4.72246320e+02  4.93267062e+02  5.34879656e+02  5.09657864e+02
  -1.67345441e-01]
 [ 5.41653987e+02  4.85710064e+02  5.63044621e+02  5.03290912e+02
  -2.50134603e-01]
 [ 2.70767602e+02  5.56559183e+02  2.92216773e+02  5.69281149e+02
  -3.05690006e-01]
 [ 4.46617182e+02  1.43945959e+02  4.65739080e+02  1.99490901e+02
   1.05341417e+00]
 [ 2.25648697e+02  4.44513367e+02  2.50122849e+02  4.59623047e+02
  -4.61234664e-01]
 [ 2.38369995e+02  4.69798553e+02  2.72614288e+02  4.88426849e+02
   5.68418611e-02]
 [ 1.07887566e+02  5.12344116e+02  1.68043427e+02  5.43785645e+02
  -2.28770081e-02]]