[[ 3.51324646e+02  2.46768341e+02  3.77574463e+02  2.84009369e+02
   3.57526607e-01]
 [ 1.45684492e+02  2.13429873e+02  2.54906725e+02  1.62509031e+02
  -7.42030187e-01]
 [ 8.41736521e+01  5.32116698e+01  1.24821289e+02  7.94003616e+01
   1.91411306e-01]
 [ 6.73269043e+01  7.53591537e+01  1.52554993e+02  1.13425438e+02
   2.04996140e-01]
 [ 1.32032476e+02  2.67631376e+02  1.81536341e+02  2.95330904e+02
   6.95661948e-02]
 [ 4.21551413e+02  1.97815792e+02  4.71244059e+02  2.32621769e+02
   3.63897559e-01]
 [ 4.15290915e+02  2.20104458e+02  4.63269998e+02  2.58411380e+02
   3.71427899e-01]
 [ 4.05113866e+02  2.40589464e+02  4.46045013e+02  2.73230286e+02
   3.89120942e-01]
 [ 3.00882610e+02  3.44896821e+02  3.63815144e+02  3.88634001e+02
  -7.06693177e-02]
 [ 1.63916386e+02  1.66700831e+02  2.20322567e+02  1.52838354e+02
  -7.08078213e-01]
 [ 2.22256851e+02  1.24036163e+02  2.47062576e+02  1.30767639e+02
  -6.10993332e-01]
 [ 8.83657608e+01  1.04227203e+02  1.20611931e+02  1.29311829e+02
   2.15794091e-01]
 [ 1.36642601e+02  1.22296324e+02  1.58729653e+02  1.37667513e+02
   2.15793285e-01]
 [ 6.90913391e+01  1.24876831e+02  1.55012726e+02  1.59719421e+02
   1.43941440e-01]
 [ 6.02450943e+01  1.45528320e+02  1.23915092e+02  1.77298706e+02
   2.30270463e-01]
 [ 5.38604955e+02  4.11048968e+01  5.81717311e+02  3.28845136e+01
  -7.31148003e-01]
 [ 5.58932425e+02  6.14636697e+01  5.99376779e+02  5.43307181e+01
  -7.51625511e-01]
 [ 4.05700341e+02  2.56687894e+02  4.36786903e+02  2.93218906e+02
   3.89119385e-01]
 [ 3.94676666e+02  2.84570068e+02  4.32148224e+02  3.36393616e+02
   5.49793689e-01]
 [ 3.80687408e+02  3.18041138e+02  4.25502899e+02  3.62493713e+02
   4.37281424e-01]]