[[ 3.91866167e+02  5.27965997e+02  4.33374738e+02  5.52593085e+02
   1.39952614e-01]
 [ 8.21062012e+01  3.88152618e+02  1.66419525e+02  3.99696869e+02
  -5.46593296e-02]
 [ 1.06402153e+02  4.11829957e+02  1.48248070e+02  4.24190795e+02
  -6.22761379e-02]
 [ 3.00617185e+02  2.00948495e+01  3.68590640e+02  1.63538695e+01
  -3.10351218e-01]
 [ 2.95742302e+02  5.13301035e+01  3.97339547e+02  4.01989492e+01
  -3.01362647e-01]
 [ 2.88185696e+02  8.47693111e+01  3.82431980e+02  8.76226262e+01
  -2.76895278e-01]
 [ 2.83476501e+02  1.22094254e+02  4.52256042e+02  1.09508850e+02
  -2.19871580e-01]
 [ 2.74797485e+02  1.64740723e+02  4.46108765e+02  1.74383667e+02
  -1.59075580e-01]
 [ 2.53857727e+01  3.43261719e+00  1.61145691e+02  2.16648293e+01
   1.27271786e-03]
 [ 3.62507599e+02  5.17742188e+02  4.08281219e+02  5.35150146e+02
   1.29901759e-01]
 [ 3.63799546e+02  5.42791746e+02  4.02094680e+02  5.64852419e+02
   1.39953573e-01]
 [ 1.12120857e+02  3.48540833e+02  2.14797363e+02  3.83828064e+02
  -5.02770520e-02]
 [ 1.16368851e+02  4.28258850e+02  2.08923111e+02  4.54999634e+02
  -6.29423417e-02]
 [ 1.18199854e+02  4.92903321e+02  2.04092077e+02  5.12239929e+02
  -8.36851297e-02]
 [ 1.21045815e+02  5.46204590e+02  2.02427948e+02  5.60215942e+02
  -1.00795267e-01]
 [ 3.58025130e+01  4.63525315e+01  1.49766544e+02  5.93963851e+01
  -2.30305244e-02]
 [ 3.66550409e+01  7.53328325e+01  1.57269733e+02  9.20770339e+01
  -3.13730348e-02]
 [ 7.76200092e+01  1.09492218e+02  1.24661149e+02  1.26895126e+02
  -4.31623367e-02]]