[[ 3.48205534e+02  1.70085981e+02  3.54687106e+02  1.97531909e+02
   8.11855843e-01]
 [ 4.78986145e+02  3.13580719e+02  5.82676575e+02  3.65981964e+02
   2.63758895e-01]
 [ 3.79238114e+02  2.15952602e+01  4.36381882e+02  5.34463886e+01
   2.49768063e-02]
 [ 3.35743042e+02  1.73744690e+02  3.39052002e+02  2.01290344e+02
   6.16225043e-01]
 [ 3.19201233e+02  1.98396912e+02  3.32685059e+02  2.33383362e+02
   6.71877985e-01]
 [ 1.16996078e+01  6.36954880e+01  1.30431098e+02  7.78656390e+01
  -1.79443177e-01]
 [ 1.39283490e+02  5.31546480e+01  1.96346027e+02  7.23886412e+01
  -6.59822300e-02]
 [ 3.85479788e+02  5.38030695e+01  4.70930979e+02  1.00755005e+02
   6.33612587e-02]
 [ 2.31757069e+01  3.48093474e+02  6.26480617e+01  3.75724825e+02
   2.59313297e-01]
 [ 1.73262367e+01  3.79028473e+02  5.57072563e+01  4.01176300e+02
   2.21007374e-01]]