[[ 1.09549942e+01  4.68182526e+01  1.27519234e+02  1.12952530e+02
   8.33474067e-02]
 [ 2.88120750e+01  1.38206801e+02  8.37228066e+01  1.70383684e+02
   2.34496002e-01]
 [ 9.48757118e+01  1.29788176e+02  1.70776395e+02  1.93494571e+02
   2.67806476e-01]
 [ 1.52334900e+02  5.12293030e+02  2.39823792e+02  5.44448059e+02
  -3.67172887e-02]
 [ 1.58591638e+02  5.56633850e+02  2.22902503e+02  5.91409851e+02
  -2.25964480e-03]
 [ 1.03640995e+02  2.70878698e+02  1.72040707e+02  2.55276819e+02
  -4.46000871e-01]
 [ 3.68364868e+02  5.23226990e+02  5.53187092e+02  6.17432316e+02
   2.13788238e-01]
 [ 4.41551603e+02  1.46008465e+02  4.85494356e+02  2.51401172e+02
   1.05876048e+00]
 [ 2.30748566e+02  4.45465302e+02  2.77867954e+02  4.77389496e+02
   1.39529825e-01]
 [ 1.10376648e+02  5.39558777e+02  1.94951538e+02  5.66033264e+02
  -1.31205027e-02]
 [ 2.18582489e+02  5.38347778e+02  2.60500519e+02  5.65173218e+02
  -1.31201069e-02]
 [ 4.73106766e+00  2.51935379e+02  9.80931854e+01  2.14373642e+02
  -5.31741244e-01]
 [ 5.28933525e+00  2.83906616e+02  5.48590398e+01  2.69805238e+02
  -5.32916272e-01]
 [ 7.04421058e+01  2.42467932e+02  1.10801363e+02  2.36839197e+02
  -5.32205649e-01]
 [ 4.23255188e+02  1.39583557e+02  4.55874207e+02  2.16726349e+02
   1.04633789e+00]]