[[ 1.18983894e+02  5.23269592e+02  2.16075279e+02  5.60336609e+02
  -1.54142657e-02]
 [ 3.71914490e+02  5.41110596e+02  4.34319702e+02  5.83563965e+02
   1.28531744e-01]
 [ 4.57705627e+02  5.52434875e+02  4.63671204e+02  5.92933411e+02
   3.94197777e-01]
 [ 4.63453674e+02  1.98828850e+01  5.69497864e+02  6.53263550e+01
  -1.15229671e-01]
 [ 4.77790619e+02  1.22237198e+02  6.04976807e+02  1.38515427e+02
  -2.59266240e-01]
 [ 4.85907196e+02  2.09738785e+02  5.85157227e+02  2.22429031e+02
  -3.90591216e-01]
 [ 5.02107801e+02  5.38350505e+02  5.33577284e+02  5.99222015e+02
   3.87293903e-01]
 [ 5.62476696e+02  5.56207611e+02  5.81737049e+02  6.01893707e+02
   3.73334669e-01]
 [ 2.21675044e+02  4.27268648e+02  2.44457616e+02  4.39130766e+02
  -7.24281004e-02]
 [ 2.41595612e+02  4.61432831e+02  2.66680206e+02  4.76401276e+02
   2.69764724e-02]]