[[ 4.35509097e+02  7.42643985e+01  5.47831848e+02  1.77880997e+02
   5.05244467e-01]
 [ 1.55468059e+02  1.75883030e+02  2.25712666e+02  1.39240505e+02
  -7.18652075e-01]
 [ 1.78263440e+02  1.99832430e+02  2.33838488e+02  1.73265317e+02
  -7.35435259e-01]
 [ 2.31241433e+02  1.53947624e+02  2.59819519e+02  1.50041870e+02
  -7.26673552e-01]
 [ 3.04941894e+02  3.32946228e+02  3.51224671e+02  3.57942627e+02
  -7.41830348e-02]
 [ 1.14301636e+02  4.83009796e+01  1.67878052e+02  7.86506653e+01
   1.87117038e-01]
 [ 9.37823019e+01  7.45681075e+01  1.57332902e+02  1.05159981e+02
   1.47201758e-01]
 [ 6.93727264e+01  1.05420441e+02  1.29659958e+02  1.37380463e+02
   1.49070785e-01]
 [ 5.75862865e+01  1.34027221e+02  1.32200674e+02  1.69749055e+02
   2.24926014e-01]
 [ 2.19781406e+02  2.67006471e+02  2.40502316e+02  2.81735655e+02
  -1.33052664e-01]
 [ 2.24087785e+02  2.91036837e+02  2.51625991e+02  3.04807584e+02
  -1.55885331e-01]
 [ 2.26228638e+01  2.63565491e+02  8.04413986e+01  2.98373962e+02
   6.57909869e-02]
 [ 4.00054108e+02  5.50681763e+01  4.23151764e+02  9.19889984e+01
   4.41771884e-01]
 [ 3.96414825e+02  9.27386475e+01  4.55210724e+02  1.51227859e+02
   5.37806286e-01]
 [ 3.92909088e+02  1.31636688e+02  4.30852936e+02  1.72884308e+02
   5.85521158e-01]
 [ 3.29807361e+02  3.51720337e+02  3.87603101e+02  3.91380066e+02
  -7.85638810e-03]
 [ 1.27412186e+02  1.49012146e+01  2.20292985e+02  6.87390672e+01
   1.77961099e-01]
 [ 2.04860927e+02  3.20941224e+02  2.63501530e+02  3.36795287e+02
  -1.87439970e-01]
 [ 2.13109238e+02  3.74209595e+02  2.69199829e+02  3.86800781e+02
  -2.11947372e-01]
 [ 1.28027050e+02  3.35463562e+02  1.80274521e+02  3.62987061e+02
   3.91231394e-02]]