[[ 5.15127246e+02  3.99790244e+01  5.72792188e+02  7.44713388e+01
   1.90716168e-01]
 [ 5.09743896e+02  1.05769928e+02  5.91633179e+02  1.50246582e+02
   2.32792268e-01]
 [ 5.06540342e+02  1.64484924e+02  5.92447571e+02  2.10803894e+02
   2.02534102e-01]
 [ 3.26565242e+02  3.64127537e+02  4.37275822e+02  3.37569851e+02
  -7.50078179e-01]
 [ 1.11140660e+02  3.13101559e+02  3.16340851e+02  2.02936462e+02
  -6.92928055e-01]
 [ 1.56991135e+02  3.47143219e+02  2.79586609e+02  2.99069489e+02
  -6.58256378e-01]
 [ 4.04768982e+01  4.97713928e+01  2.32773132e+02  8.54335480e+01
   3.46197618e-02]
 [ 2.65719523e+01  8.80452417e+01  1.44673518e+02  1.22204987e+02
   7.97740689e-02]
 [ 4.17792349e+02  2.37278045e+02  4.59260751e+02  2.64322694e+02
   7.17855924e-02]
 [ 1.77095581e+02  1.68388123e+02  2.74149658e+02  1.33216644e+02
  -6.55107143e-01]
 [ 4.84147583e+02  1.93434296e+02  5.83803833e+02  2.34830780e+02
   2.02971438e-01]
 [ 3.13573853e+02  1.98538910e+02  4.59233521e+02  1.10556610e+02
  -6.55219050e-01]
 [ 4.66614199e+02  8.09490724e+01  5.19792236e+02  5.98703079e+01
  -6.57488255e-01]]