[[ 4.82637726e+02  1.52433105e+02  5.45637085e+02  1.67580475e+02
  -3.21092631e-02]
 [ 5.60303371e+02  1.49950944e+02  5.99946506e+02  1.65836013e+02
  -3.21095800e-02]
 [ 4.80403015e+02  1.82781739e+02  5.15092193e+02  1.95454406e+02
  -3.23409925e-02]
 [ 5.30237649e+02  1.78385651e+02  5.82680075e+02  1.93267822e+02
  -3.23402852e-02]
 [ 3.49982816e+02  8.84271155e+01  3.90351779e+02  1.22713128e+02
   3.67474211e-01]
 [ 3.66512299e+01  9.82287140e+01  8.35082550e+01  1.15381454e+02
   2.79823724e-02]
 [ 9.35790401e+01  1.02834808e+02  1.15318665e+02  1.16280640e+02
   2.87890225e-02]
 [ 3.85533087e+01  1.15112366e+02  9.81544207e+01  1.38418884e+02
   2.65581660e-02]
 [ 1.05048826e+02  5.86109924e+01  1.34664139e+02  7.43924561e+01
   3.06566548e-02]
 [ 1.48818274e+02  6.00081174e+01  2.06819696e+02  7.66052249e+01
   3.06568041e-02]
 [ 1.03850520e+02  7.84376143e+01  1.86796453e+02  9.56916582e+01
   2.94107793e-02]
 [ 2.00875687e+02  8.13676910e+01  2.30014114e+02  9.69630890e+01
   2.94104149e-02]
 [ 1.32383713e+02  9.91933823e+01  1.50993912e+02  1.14322884e+02
   1.35089867e-02]
 [ 1.65040024e+02  9.99795456e+01  2.04159531e+02  1.15820885e+02
   2.81685305e-02]
 [ 1.04378854e+02  1.17935638e+02  1.67479698e+02  1.34391159e+02
   2.69298169e-02]
 [ 1.82506989e+02  1.20130951e+02  2.11649445e+02  1.35580902e+02
   2.69288131e-02]]