[[ 5.35202854e+02  3.81050215e+01  5.75119168e+02  2.87580156e+01
  -7.60190394e-01]
 [ 1.31098705e+02  3.28145508e+02  1.95586262e+02  3.51084106e+02
  -3.35993213e-02]
 [ 1.24506195e+02  3.70923798e+02  1.83811890e+02  3.91640045e+02
  -8.51023505e-02]
 [ 3.59036603e+02  2.52766778e+02  3.91696369e+02  2.84113105e+02
   3.52302630e-01]
 [ 4.92851574e+02  3.44253495e+02  5.90094360e+02  2.92216461e+02
  -9.14485711e-01]
 [ 1.54343867e+02  1.33153593e+01  2.15760595e+02  6.86415957e+01
   3.07188289e-01]
 [ 1.13214615e+02  6.71495895e+01  1.76702687e+02  1.13992425e+02
   2.02914149e-01]
 [ 7.45371094e+01  1.23502426e+02  1.37636169e+02  1.85837753e+02
   3.17257499e-01]
 [ 1.20621063e+02  2.67306610e+02  1.76654481e+02  2.88610992e+02
   4.68517074e-02]
 [ 1.11138115e+02  3.07870605e+02  1.56961060e+02  3.22956543e+02
  -1.27068089e-01]
 [ 5.13561570e+02  2.63984606e+02  5.49030349e+02  2.80095961e+02
  -8.28873155e-01]
 [ 5.29651851e+02  2.43499828e+02  5.84782231e+02  2.46334980e+02
  -8.35121802e-01]]