[[3.69360334e+02 2.38295714e+02 4.78972003e+02 2.65380769e+02
  8.78647218e-02]
 [5.21330892e+02 7.81063306e+01 5.71131510e+02 1.06804741e+02
  1.93639439e-01]
 [5.18696899e+02 1.04050491e+02 5.68590210e+02 1.31099533e+02
  1.95856782e-01]
 [5.20337769e+02 3.16054047e+02 5.88413818e+02 3.63265106e+02
  4.06982424e-01]
 [5.07168762e+02 3.39448425e+02 5.88089661e+02 3.93435120e+02
  4.43618182e-01]
 [5.04151098e+01 8.51458649e-02 7.50855313e+01 8.66390433e+01
  3.37369577e-01]
 [1.37348161e+02 4.72617396e-01 2.71709868e+02 8.25914550e+01
  4.96666124e-02]
 [4.42195496e+02 2.28249725e+02 5.27445618e+02 2.48421021e+02
  7.22841867e-02]
 [5.44625244e+02 2.39760284e+02 5.97802734e+02 2.53509186e+02
  7.07697754e-02]
 [5.10212097e+02 1.40653305e+02 5.94648010e+02 1.85294937e+02
  2.00224443e-01]
 [5.06911804e+02 1.80643372e+02 5.62304260e+02 2.16447571e+02
  2.03589035e-01]
 [2.73839340e+01 8.22146301e+01 5.49567108e+01 1.06968155e+02
  1.06587669e-01]
 [6.59621353e+01 8.44551849e+01 1.02331566e+02 1.06363495e+02
  7.13860713e-02]
 [1.14259277e+02 8.68697357e+01 1.71992340e+02 1.14584717e+02
  7.34707491e-02]
 [1.86191254e+01 1.05760941e+02 9.86678619e+01 1.32234299e+02
  8.90140217e-02]
 [1.16816551e+02 1.12556808e+02 1.20751259e+02 1.36230515e+02
  2.84015440e-01]]