[[ 4.09096527e+02  1.51457977e+02  4.90408844e+02  1.99966187e+02
   1.69230132e-01]
 [ 2.69927246e+02  3.67843536e+02  3.39506714e+02  3.89079926e+02
  -1.75645879e-02]
 [ 3.77955228e+02  1.96017336e+01  4.38045870e+02  5.04890638e+01
   2.23048368e-01]
 [ 3.91583159e+02  1.24906216e+02  4.76805085e+02  1.59128696e+02
   1.18297312e-01]
 [ 4.41148254e+02  3.78521362e+02  4.58814209e+02  3.95736389e+02
   2.36684971e-02]
 [ 4.65113402e+02  3.79689758e+02  4.88368348e+02  3.96436035e+02
   2.36679466e-02]
 [ 4.93899719e+02  3.78025452e+02  5.15373779e+02  3.98693665e+02
   5.36701160e-02]
 [ 5.20997864e+02  3.76866547e+02  5.32151917e+02  4.00401031e+02
  -1.60430701e-02]
 [ 5.36471862e+02  3.78041511e+02  5.58530091e+02  4.00546440e+02
  -2.33149501e-02]
 [ 2.15210709e+02  3.54126160e+02  2.93075867e+02  3.69090576e+02
  -3.29299476e-02]]