[[ 1.26202515e+02  3.38756806e+02  1.70898406e+02  3.58014984e+02
  -4.13119173e-02]
 [ 3.15247925e+02  3.61207977e+02  3.59059021e+02  3.94127716e+02
   3.77321642e-02]
 [ 5.08485460e+02  2.94765557e+02  5.98865492e+02  2.37875068e+02
  -1.04276814e+00]
 [ 1.21622771e+02  5.63324887e+01  1.56214303e+02  7.84300249e+01
   1.88061681e-01]
 [ 1.04963013e+02  7.75441513e+01  1.48481201e+02  1.02720528e+02
   1.92380910e-01]
 [ 8.06515755e+01  1.06505478e+02  1.46146215e+02  1.28926346e+02
   5.75355626e-02]
 [ 1.57775450e+02  1.21146972e+02  1.71418001e+02  1.35705933e+02
   2.13581455e-01]
 [ 6.97002029e+01  1.30862518e+02  1.12324669e+02  1.52696228e+02
   2.22024000e-01]
 [ 1.31005716e+02  1.37148390e+02  1.61629898e+02  1.64156723e+02
   2.27875310e-01]
 [ 3.95933726e+01  2.57699309e+02  8.82827070e+01  2.86676056e+02
   7.33368885e-02]
 [ 1.09778595e+02  2.62855743e+02  1.68321564e+02  2.90904633e+02
   7.33372452e-02]
 [ 2.96836090e+02  3.35420044e+02  3.55847626e+02  3.64020203e+02
  -6.17006120e-02]
 [ 5.14525085e+02  3.70432953e+02  5.81508484e+02  3.15997467e+02
  -1.11136548e+00]
 [ 5.61045349e+02  2.85715851e+02  6.12389709e+02  2.90004364e+02
  -8.44215706e-01]]