[[ 1.44538872e+02  4.90383973e+01  2.02785377e+02  8.52597442e+01
   1.87117041e-01]
 [ 1.10542038e+02  1.01308624e+02  1.86914505e+02  1.48688995e+02
   2.18034896e-01]
 [ 1.25756071e+02  2.03629518e+02  2.55447969e+02  1.59881010e+02
  -7.37948444e-01]
 [ 4.16639435e+02  2.37360748e+02  4.45158417e+02  2.69449707e+02
   3.87418399e-01]
 [ 4.04963972e+02  2.67233238e+02  4.33046404e+02  2.99537208e+02
   4.04870990e-01]
 [ 3.93324507e+02  2.96843071e+02  4.17122881e+02  3.27349373e+02
   4.12103221e-01]
 [ 3.82153137e+02  3.25590179e+02  4.09394592e+02  3.58290985e+02
   4.38904045e-01]
 [ 8.36666657e+00  6.45186424e+00  1.00742412e+02  2.79369259e+01
   2.76234981e-03]
 [ 2.05975798e+02  2.94791415e+02  2.61276933e+02  3.03699918e+02
  -1.40583726e-01]
 [ 2.12771212e+02  3.20872525e+02  2.75193909e+02  3.34314545e+02
  -1.67720244e-01]
 [ 2.16612793e+02  3.56146881e+02  2.90134125e+02  3.63388702e+02
  -2.06937658e-01]
 [ 6.51326286e+01  1.26126846e+02  1.30028198e+02  1.89789078e+02
   3.51985919e-01]
 [ 2.06160914e+01  1.78492339e+02  8.27195221e+01  2.40377442e+02
   2.73187022e-01]
 [ 3.82994904e+02  1.85399475e+02  4.19512726e+02  2.26648529e+02
   4.78591714e-01]
 [ 4.43072601e+02  2.11389740e+02  4.65215668e+02  2.38411346e+02
   3.67947963e-01]]