[[ 2.34660709e+02  4.66688544e+02  2.58786682e+02  4.83105286e+02
  -4.59661610e-01]
 [ 2.61148193e+02  4.66749786e+02  2.78286133e+02  4.83974884e+02
  -4.58483828e-01]
 [ 8.27931745e+01  2.76620640e+02  1.81929177e+02  2.64702480e+02
  -4.58948525e-01]
 [ 4.28549845e+00  1.85779000e+01  1.71945894e+02  8.02968138e+01
  -1.00230596e-01]
 [ 3.09718807e+01  1.12663449e+02  9.28282024e+01  1.64814365e+02
  -3.32361919e-01]
 [ 9.91651459e+01  1.08289810e+02  1.98138138e+02  1.88989120e+02
   1.58007206e-01]
 [ 2.76692927e+02  5.59203353e+02  2.96453374e+02  5.72615983e+02
  -3.07873340e-01]
 [ 3.81103661e+02  5.10998655e+02  4.40556862e+02  5.87899416e+02
   2.59403899e-01]
 [ 4.82822701e+02  5.35829143e+02  4.91260063e+02  5.92962971e+02
   3.86956173e-01]
 [ 5.27861145e+02  5.46860228e+02  5.43549255e+02  6.07702760e+02
   3.84363731e-01]
 [ 4.39824646e+02  1.46570389e+02  4.84486023e+02  2.54481400e+02
   1.05700860e+00]
 [ 4.31162184e+02  4.59080721e+02  6.02789323e+02  5.03273893e+02
  -1.47914674e-01]
 [ 3.20939362e+02  5.28711792e+02  3.70774628e+02  5.88162231e+02
   2.79577854e-01]]