[[ 1.86481936e+02  1.50012628e+02  2.11469419e+02  1.86507300e+02
   4.87435177e-01]
 [ 1.80918152e+02  1.87919525e+02  2.08004150e+02  2.23650055e+02
   4.06157876e-01]
 [ 2.42494873e+02  3.22101074e+02  3.13955200e+02  3.35070862e+02
   1.55597941e-02]
 [ 2.41670400e+02  3.48768097e+02  3.18394984e+02  3.63156830e+02
   9.78177102e-03]
 [ 4.97390518e+02  3.56816378e+02  5.47132279e+02  3.97689665e+02
  -2.80666230e-02]
 [ 3.83313526e+02  1.59457762e+02  4.62171520e+02  1.95475282e+02
   1.53728557e-01]
 [ 2.32995239e+02  3.73203156e+02  3.42418335e+02  4.06696869e+02
   8.04136278e-04]
 [ 5.09133452e+02  3.11370448e+02  5.88405762e+02  3.18471466e+02
  -1.75213038e-01]
 [ 3.75325165e+02  1.12647675e+02  4.32410004e+02  1.54470917e+02
   1.56078912e-01]]