[[ 4.67319458e+02  1.04444466e+02  4.97668091e+02  1.22289116e+02
  -3.95057054e-02]
 [ 5.06906738e+02  1.03117677e+02  5.51177765e+02  1.25032958e+02
  -3.35031779e-02]
 [ 5.60327065e+02  1.01327279e+02  5.88936729e+02  1.18681602e+02
  -3.95059764e-02]
 [ 4.89274658e+02  1.37312164e+02  5.71541992e+02  1.53505676e+02
  -5.06239482e-02]
 [ 2.62641323e+02  1.64410430e+02  2.93282013e+02  1.98261688e+02
   3.33796907e-01]
 [ 2.60648315e+02  1.99405182e+02  2.45495789e+02  2.43847626e+02
   8.65059384e-01]
 [ 4.38363266e+00  1.88555496e+02  8.47294376e+01  1.99545242e+02
  -1.46725018e-01]
 [ 8.00081303e+00  2.21862789e+02  2.31183162e+01  2.50339115e+02
   1.40130912e-01]
 [ 3.84529572e+01  2.18778412e+02  8.82333374e+01  2.36442657e+02
  -1.33331990e-01]
 [ 1.50219360e+02  4.31343936e+02  1.65158021e+02  4.53135495e+02
  -2.76162456e-02]
 [ 1.77297195e+02  4.49437286e+02  1.97069565e+02  4.75674103e+02
   5.89060861e-01]
 [ 5.23976236e+01  4.54731995e+02  8.86899580e+01  4.73364563e+02
  -1.74123843e-02]
 [ 3.05446532e+01  4.94951599e+02  1.11060888e+02  5.05005859e+02
  -2.32524394e-02]
 [ 5.44468446e+01  1.13518745e+01  9.77201157e+01  7.26367111e+01
   5.53293231e-01]
 [ 1.19561035e+02  5.67311780e+01  1.26688264e+02  6.69527056e+01
   3.86336092e-01]
 [ 1.47728104e+02  5.04885712e+01  1.77066818e+02  9.77144623e+01
   4.06191862e-01]
 [ 4.42992604e+02  6.40043653e+00  5.00593395e+02  3.51285056e+01
  -1.17599576e-02]
 [ 5.07436859e+02  6.23611259e+00  5.42406523e+02  3.46367577e+01
  -2.36189327e-01]
 [ 4.49820652e+02  3.92428442e+01  5.37068691e+02  6.77562021e+01
  -2.24251681e-02]
 [ 4.76278968e+02  6.91196536e+01  5.50160455e+02  1.01668020e+02
  -3.35027427e-02]
 [ 2.04307888e+02  1.73565413e+02  2.50159641e+02  2.22732713e+02
   3.56865413e-01]
 [ 8.74506246e+01  1.78765200e+02  1.91585539e+02  1.87511076e+02
  -1.53999725e-01]
 [ 5.05675260e+01  3.49614990e+02  1.12073557e+02  3.87635315e+02
  -7.60866018e-03]
 [ 4.80057755e+01  4.21842926e+02  1.16570122e+02  4.48608307e+02
  -1.25656484e-02]
 [ 1.71686314e+01 -5.34645245e-01  4.89734288e+01  3.93915103e+01
   1.48497602e-01]]