[[ 5.44579828e+02  5.04712807e+02  5.61786139e+02  5.23201012e+02
  -2.48980443e-01]
 [ 5.72655823e+02  4.98803802e+02  6.01417297e+02  5.15380371e+02
  -2.66700707e-01]
 [ 8.04994593e+01  5.18799012e+02  2.43702559e+02  5.89999084e+02
  -3.49836274e-02]
 [ 1.19191313e+02  2.72593389e+02  1.88412576e+02  2.56914302e+02
  -4.87640215e-01]
 [ 6.81653748e+01  1.01355118e+02  2.06672333e+02  1.74319138e+02
   1.74728172e-01]
 [ 2.35841980e+02  1.10304031e+02  3.43188110e+02  1.85683060e+02
   6.20115274e-02]
 [ 4.54957733e+02  1.62062866e+02  4.85238678e+02  2.40539612e+02
   1.06259899e+00]
 [ 3.17009316e+02  5.12175286e+02  3.86446800e+02  5.73116218e+02
   1.35855398e-01]
 [ 4.20886627e+02  5.33964783e+02  4.73424347e+02  6.15449036e+02
   3.58994022e-01]
 [ 3.58488312e+02  4.78516785e+02  4.26031097e+02  5.01227295e+02
  -1.33408525e-01]
 [ 4.37967868e+02  4.69299044e+02  5.41165311e+02  4.91682829e+02
  -7.36370905e-02]
 [ 4.39783325e+02  1.52663665e+02  4.68471680e+02  2.30871918e+02
   1.08369671e+00]
 [ 4.95005790e+02  5.43509764e+02  5.93016296e+02  6.02074463e+02
   2.12711208e-01]]