[[ 5.00152759e+02  2.78503752e+02  5.51783386e+02  3.41776276e+02
   1.48465859e-01]
 [ 3.21268359e+02  2.23452078e+00  3.92853223e+02  2.74410507e+01
   8.85117293e-02]
 [ 4.14897644e+02  9.51678467e+00  5.08125427e+02  4.93793945e+01
   1.62140988e-01]
 [ 8.78535835e+01  2.48210615e+02  1.30958679e+02  2.54231400e+02
  -2.84611899e-01]
 [ 7.57558712e+01  8.64796447e+01  1.41221798e+02  1.05195740e+02
   2.97842932e-02]
 [ 7.56425068e+01  1.11235962e+02  1.27077479e+02  1.28395050e+02
   2.72391112e-02]
 [ 1.39093506e+02  1.16937286e+02  1.63612305e+02  1.29397797e+02
   2.79819898e-02]
 [ 1.75712703e+02  1.14071228e+02  2.37148961e+02  1.31394043e+02
   2.72390266e-02]
 [ 5.36127510e+02  1.41019930e+02  5.82532768e+02  1.60723601e+02
  -3.18792563e-02]
 [ 5.32435849e+02  1.72707232e+02  5.67507022e+02  1.91938825e+02
  -3.21504465e-02]
 [ 2.35683908e+02  3.40373356e+01  3.44643240e+02  6.75365169e+01
   1.22766084e-01]
 [ 8.73234329e+01  2.72845642e+02  1.07294945e+02  3.23165405e+02
   2.74384920e-01]
 [ 3.19444427e+01  3.72677994e+01  1.65823578e+02  9.46699600e+01
   7.65927923e-02]]