[[ 3.73121816e+02  5.21713007e+02  4.30155527e+02  5.57309942e+02
   1.41981972e-01]
 [ 1.07058014e+02  5.04361542e+02  1.86956787e+02  5.21630005e+02
  -9.49535634e-02]
 [ 1.90761566e+02  2.23666573e+01  2.19520233e+02  4.95573235e+01
   4.01618037e-01]
 [ 1.81240494e+02  4.11448135e+01  2.09824478e+02  6.91715240e+01
   3.96628535e-01]
 [ 1.72354339e+02  6.18202298e+01  2.01823761e+02  9.13867252e+01
   3.94885931e-01]
 [ 1.55910547e+02  3.23222016e+02  2.08037146e+02  3.49165130e+02
  -2.95860067e-02]
 [ 1.56851562e+02  3.70648621e+02  2.13705505e+02  3.91659424e+02
  -5.28541810e-02]
 [ 1.56992905e+02  4.18458038e+02  2.29804642e+02  4.35168671e+02
  -6.05899811e-02]
 [ 5.63089267e+01  5.81607239e+02  1.23409427e+02  5.96606018e+02
   2.43852575e-02]]