[[ 3.80226174e+02  1.86261244e+02  4.18401268e+02  2.39206743e+02
   6.52749617e-01]
 [ 3.77627304e+02  2.16878374e+02  4.15286515e+02  2.69357771e+02
   6.89660617e-01]
 [ 3.76889648e+02  2.46438934e+02  4.07299255e+02  2.91954376e+02
   7.21426091e-01]
 [ 3.75381042e+02  2.72131927e+02  4.06981445e+02  3.18344208e+02
   7.48997928e-01]
 [ 1.50948944e+01  1.81797684e+02  1.33990326e+02  2.00758469e+02
  -7.49378652e-02]
 [ 1.60973358e+01  2.24385696e+02  1.94215851e+01  2.49474319e+02
   1.34661872e-01]
 [ 3.35269085e+01  2.23568771e+02  9.12247700e+01  2.38123093e+02
  -1.32586160e-01]
 [ 1.68419706e+02  4.23629973e+02  2.32876101e+02  4.86574861e+02
   5.89061136e-01]
 [ 1.83699814e+02  4.67387146e+02  2.30071945e+02  5.14979187e+02
   6.06595138e-01]
 [ 1.17317452e+01  1.14195809e+02  1.49791951e+02  1.38338531e+02
  -1.04759790e-01]]