[[ 4.00350396e+02  1.27582612e+01  4.88498481e+02  8.08569197e+01
   1.95823033e-01]
 [ 4.73437317e+02  3.06849701e+02  5.86785339e+02  3.75718475e+02
   3.38093689e-01]
 [ 4.19427240e+02  3.55797087e+02  4.63995489e+02  3.96542696e+02
   2.80337896e-01]
 [ 2.57859070e+02  3.19528625e+02  3.06799140e+02  4.00567206e+02
   7.23156109e-01]
 [ 3.88662537e+02  5.99938431e+01  4.22731567e+02  8.67303085e+01
   9.82376799e-02]
 [ 3.85495723e+02  9.60150217e+01  4.35187199e+02  1.25832619e+02
   1.40516180e-01]
 [ 2.63115642e+02  2.65791657e+02  4.65626912e+02  2.89457733e+02
  -2.26090990e-02]]