[[ 3.50733566e+00  1.83039368e+02  4.17008743e+01  1.96311829e+02
  -1.48632056e-01]
 [ 5.39688721e+01  1.76893188e+02  9.89007721e+01  1.87369141e+02
  -2.00338015e-01]
 [ 1.00336853e+02  1.79346695e+01  2.71866945e+02  5.73284531e+01
   3.10774795e-02]
 [ 3.66440796e+02  3.72291412e+02  4.42714233e+02  3.44180573e+02
  -8.88899700e-01]
 [ 4.29921326e+02  3.01843323e+02  4.70858337e+02  3.09511841e+02
  -9.19135906e-01]
 [ 5.43934404e+02  1.07899506e+01  5.90353438e+02  3.70786407e+01
   1.85494741e-01]
 [ 5.23004700e+02  2.94357681e+01  5.93028381e+02  6.65473633e+01
   1.89659474e-01]
 [ 2.93655682e+01  5.48580780e+01  3.16035748e+01  8.73230896e+01
   3.31995025e-01]
 [ 4.86220066e+01  5.44771729e+01  1.58433661e+02  9.09087829e+01
  -3.17596994e-03]
 [ 5.21755235e+02  1.02911344e+02  5.84611220e+02  1.41303271e+02
   1.96483007e-01]
 [ 5.17158813e+02  1.44771255e+02  5.81002197e+02  1.85356949e+02
   1.97999829e-01]]