[[ 1.06740386e+01  5.60461856e+00  6.56419251e+01  1.86901588e+01
  -4.63053029e-03]
 [ 8.06563110e+01  5.10348511e+00  1.40507751e+02  1.66976814e+01
  -1.78677717e-02]
 [ 1.51739078e+02  1.83665410e+00  1.87711881e+02  2.25253797e+01
   1.97730500e-01]
 [ 1.06951668e+02  2.36562683e+02  1.15767296e+02  2.68367401e+02
   2.94651046e-01]
 [ 9.55150909e+01  2.72798981e+02  1.05323059e+02  3.05168793e+02
   2.79846452e-01]
 [ 5.15868958e+02  2.90985077e+02  5.45157898e+02  3.27245514e+02
   1.28780184e-01]]