[[ 3.20984863e+02  5.42910004e+00  4.01084534e+02  4.99386902e+01
   1.23422516e-01]
 [ 3.07759598e+01  1.09360626e+02  9.78674137e+01  1.64695252e+02
   1.41312741e-01]
 [ 3.47512878e+02  9.35523682e+01  3.88549988e+02  1.20702301e+02
   2.77516287e-01]
 [ 4.27904053e+02  1.83893112e+02  5.57575928e+02  2.04890274e+02
  -4.85993279e-02]
 [ 2.11645905e+02  1.08143997e+01  3.31872406e+02  6.76185608e+01
   1.25635511e-01]
 [ 4.38894704e+01  5.66844787e+01  9.87995555e+01  7.72595368e+01
   3.04072343e-02]
 [ 1.13879253e+02  6.48290175e+01  1.43544662e+02  7.86205368e+01
   3.04070868e-02]]