[[ 4.07244867e+02  1.84898969e+02  4.72268194e+02  2.36504626e+02
   3.66508512e-01]
 [ 3.97566710e+02  2.10112335e+02  4.55335329e+02  2.54108735e+02
   3.66792767e-01]
 [ 2.85701722e+00  9.22516630e+00  6.14130639e+01  3.33347397e+01
   7.22847341e-02]
 [ 7.87134247e+01  7.81861496e+00  8.64180603e+01  3.15989952e+01
   2.24641201e-01]
 [ 5.33759191e+02  3.57448653e+01  5.80136195e+02  2.98514711e+01
  -7.35055489e-01]
 [ 5.62790815e+02  6.66480412e+01  6.02111162e+02  6.79499813e+01
  -7.38307355e-01]
 [ 1.95352570e+02  3.40528534e+02  2.88878632e+02  3.63566803e+02
  -1.79430617e-01]
 [ 4.85126519e+02  3.24931896e+02  6.01120796e+02  2.85470448e+02
  -9.93810717e-01]
 [ 3.25700958e+02  4.01238823e+01  3.80341461e+02  6.13337135e+01
  -6.40101883e-02]
 [ 4.19129303e+02  2.72286163e+02  4.39995453e+02  3.00042145e+02
   3.94208129e-01]
 [ 4.11796474e+02  2.93743467e+02  4.24709691e+02  3.17296328e+02
   4.15422841e-01]
 [ 3.82820892e+02  3.07058075e+02  4.30259247e+02  3.47865448e+02
   4.29143974e-01]
 [ 3.91785797e+02  3.38841431e+02  4.11711518e+02  3.67150452e+02
   4.42671076e-01]
 [ 1.97958525e+02  2.97148499e+02  2.53425538e+02  3.14290588e+02
  -1.61392599e-01]]