[[ 3.86651093e+02  4.50387573e+00  4.81831879e+02  5.99162598e+01
   6.33614043e-02]
 [ 3.82051670e+02  5.30290190e+01  4.70725918e+02  1.10454883e+02
   1.18673842e-01]
 [ 2.50042419e+02  3.06859589e+02  2.71193604e+02  3.78736542e+02
   7.09461824e-01]
 [ 3.10265100e+02  3.62270930e+02  3.19667945e+02  4.08297002e+02
   6.24802290e-01]
 [ 5.50504735e+02  4.06527693e+01  5.79427028e+02  9.05624140e+01
   5.76214423e-01]
 [ 4.16447084e+01  3.26464994e+02  6.83581755e+01  3.50240877e+02
   3.17810959e-01]
 [ 3.98149902e+02  1.80587341e+02  4.83874573e+02  1.77228149e+02
  -3.43610757e-01]
 [ 5.09484924e+02  1.49188354e+02  5.25871643e+02  1.67047119e+02
  -3.38924146e-01]
 [ 5.81716142e+01  6.45449143e+01  9.20804915e+01  8.17705153e+01
  -6.97631680e-02]
 [ 1.07359167e+02  5.94677894e+01  2.12374476e+02  7.33647759e+01
  -6.97634416e-02]
 [ 3.89393341e+02  1.02087265e+02  4.30339996e+02  1.36557938e+02
   1.20240269e-01]
 [ 5.17659302e+02 -1.64396286e+00  5.60179810e+02  5.71916695e+01
   5.32571955e-01]
 [ 5.91765991e+02  3.99594269e+01  5.85288940e+02  6.58125229e+01
   6.44537283e-01]
 [ 5.28476135e+02  4.41357880e+01  5.40285601e+02  9.08829176e+01
   6.51030941e-01]
 [ 3.26583160e+02  3.36155731e+02  4.13457123e+02  3.88655975e+02
   2.72102857e-01]
 [ 4.38436157e+02  3.65310730e+02  4.44659363e+02  3.91422241e+02
   4.18097107e-01]
 [ 2.49853012e+01  3.42135161e+02  4.84079465e+01  3.66821625e+02
   1.94220001e-01]
 [ 1.99314880e+01  3.71696564e+02  5.66649628e+01  4.01391449e+02
   2.21005268e-01]]