[[ 2.71064419e+02  5.68926379e+02  2.95179173e+02  5.84710584e+02
  -3.04154888e-01]
 [ 8.29698029e+01  2.81755432e+02  1.87998886e+02  2.56471619e+02
  -4.21373718e-01]
 [ 8.85684204e+00  3.67419220e+02  2.05782913e+02  3.05521149e+02
  -4.82449556e-01]
 [ 4.60153168e+02  5.40577698e+02  4.80972321e+02  5.87739075e+02
   3.88745145e-01]
 [ 5.12272791e+02  5.45208360e+02  5.37749940e+02  6.00258326e+02
   3.79813550e-01]
 [ 5.62861708e+02  5.68150111e+02  5.72370958e+02  5.97121618e+02
   3.74971601e-01]
 [ 5.07231159e+02  4.24357039e+02  5.82169598e+02  4.77293779e+02
  -2.38259442e-01]
 [ 3.20438911e+01  4.07593633e+02  1.55069054e+02  3.64334346e+02
  -5.37763350e-01]
 [ 2.99324646e+02  5.10820374e+02  3.60926819e+02  5.58566223e+02
   2.10041872e-01]]