[[ 4.44918213e+02  1.45480286e+02  4.82220093e+02  2.32864563e+02
   1.06846521e+00]
 [ 2.30448825e+02  4.62216009e+02  2.67121521e+02  4.83480896e+02
  -4.58741719e-01]
 [ 1.59420285e+01  7.13367236e+01  1.53170902e+02  1.46832397e+02
  -1.56856008e-02]
 [ 3.78226397e+02  4.65373101e+02  5.98589478e+02  4.85399536e+02
  -1.45393218e-01]
 [ 3.48901245e+02  5.19001282e+02  4.12192749e+02  5.64762878e+02
   2.13789048e-01]
 [ 4.39748260e+02  5.27337463e+02  4.43477264e+02  5.70074402e+02
   3.98305850e-01]
 [ 4.66008355e+02  5.36663390e+02  5.42958747e+02  5.89756776e+02
   2.28803161e-01]
 [ 5.58651917e+02  5.60529419e+02  5.69555359e+02  5.99356079e+02
   3.75251541e-01]
 [ 4.76344543e+02  4.90984589e+02  5.20907410e+02  5.10302399e+02
  -1.64882004e-01]
 [ 5.27440405e+02  4.85272465e+02  6.02573389e+02  4.96713619e+02
  -1.64883364e-01]
 [ 4.12200051e+02  5.60171261e+02  4.54382042e+02  6.02195927e+02
   1.65339337e-01]
 [ 4.74393233e+02  5.69477444e+02  4.72780717e+02  6.02915622e+02
   3.90775609e-01]]