[[ 5.28967724e+02  2.90073069e+02  5.91051197e+02  2.96425222e+02
  -1.98191653e-01]
 [ 5.31038344e+02  3.22087900e+02  5.82564195e+02  3.32886344e+02
  -1.88922043e-01]
 [ 3.85107971e+02  1.29690125e+02  4.55909851e+02  1.73778656e+02
   1.41914244e-01]
 [ 4.86489014e+02  3.60712860e+02  5.32777222e+02  3.91662262e+02
   3.37355091e-02]
 [ 5.46424499e+02  3.72476479e+02  5.56333069e+02  4.00851096e+02
  -2.80647796e-02]
 [ 5.35507507e+02  3.44003693e+02  5.96240295e+02  3.44524506e+02
  -1.97133629e-01]
 [ 3.61930627e+02  1.59142455e+02  4.91474951e+02  2.07317414e+02
   1.41183269e-01]
 [ 4.30913052e+02  2.07200714e+02  4.77050632e+02  2.37176514e+02
   1.10640153e-01]
 [ 4.22410456e+02  2.45096648e+02  4.67058965e+02  2.78602937e+02
   1.58070330e-01]]