[[ 3.38952547e+01  1.15559040e+02  7.59237859e+01  1.78779796e+02
  -3.13064986e-01]
 [ 8.27264271e+01  1.22911505e+02  1.40650177e+02  1.81728485e+02
  -2.92210041e-01]
 [ 4.96201004e+02  4.76254947e+02  5.64635880e+02  5.12735776e+02
  -1.79751966e-01]
 [ 1.76470969e+00  8.46782614e+01  4.06357422e+01  1.21223991e+02
  -3.47796381e-01]
 [ 3.84616921e+01  8.08476715e+01  8.92860649e+01  1.27750549e+02
  -2.87880581e-01]
 [ 9.48764465e+01  8.15619049e+01  2.46594257e+02  1.46672958e+02
   1.26598475e-02]]