[[2.38540484e+01 3.16299666e+01 1.46359192e+02 6.78915710e+01
  8.79484859e-02]
 [2.28506660e+01 6.99953079e+01 5.67162072e+01 9.08731156e+01
  2.94729766e-02]
 [7.50496249e+01 7.06198958e+01 1.21534527e+02 9.27840654e+01
  2.94730081e-02]
 [2.26477356e+01 1.02787415e+02 5.35165253e+01 1.23430664e+02
  2.74246663e-02]
 [7.16443481e+01 1.04250313e+02 1.37993713e+02 1.25748024e+02
  2.74247853e-02]
 [2.26096709e+01 1.34535065e+02 1.04979984e+02 1.57224487e+02
  2.53866520e-02]
 [3.52639343e+02 9.66854324e+01 3.95288147e+02 1.22621773e+02
  2.27298781e-01]
 [5.03662537e+02 2.64953857e+02 5.55675124e+02 3.36668581e+02
  1.58877100e-01]]