[[ 2.62372023e+01  5.82910278e+02  1.13892528e+02  5.94204834e+02
  -1.73609083e-02]
 [ 1.59909912e+02  2.50694672e+02  2.23387299e+02  2.82162689e+02
  -1.65726182e-02]
 [ 1.59253265e+02  2.96696289e+02  2.25030396e+02  3.23820068e+02
  -3.04666547e-02]
 [ 1.59095974e+02  3.42944672e+02  2.16905277e+02  3.62129913e+02
  -3.60470006e-02]
 [ 1.58327457e+02  3.75369477e+02  2.20891110e+02  3.95635833e+02
  -5.43006023e-02]
 [ 1.58084122e+02  4.13126495e+02  2.17547165e+02  4.31199738e+02
  -5.88783845e-02]
 [ 4.91738930e+01  1.62758217e+01  9.11774445e+01  2.75834999e+01
  -9.15632959e-03]
 [ 2.33651841e+01  3.36183281e+01  9.09227455e+01  4.92552986e+01
  -1.13592531e-02]
 [ 4.94390146e+01  5.20238076e+01  1.01540783e+02  6.43788451e+01
  -2.46570588e-02]
 [ 2.60203400e+01  6.90972748e+01  1.43231369e+02  8.91058502e+01
   1.01162129e-02]
 [ 2.18892121e+01  9.51078187e+01  1.37513505e+02  1.11911316e+02
  -3.63442416e-02]
 [ 3.68651063e+02  5.38143912e+02  4.28079833e+02  5.81134164e+02
   2.88946968e-01]
 [ 3.47197227e+02  2.68203889e+02  4.26490762e+02  2.87302337e+02
  -9.86454771e-02]
 [ 3.50700714e+02  2.94883362e+02  4.22887238e+02  3.39088379e+02
   1.43220277e-01]
 [ 3.78969652e+02  3.35887635e+02  4.44646314e+02  3.64672058e+02
  -3.91415940e-02]
 [ 1.09560272e+02  4.77480896e+02  1.77895294e+02  4.89666077e+02
  -7.16166697e-02]
 [ 1.09611709e+02  5.00457672e+02  1.65326859e+02  5.09966400e+02
  -9.05041086e-02]
 [ 1.11974871e+02  5.14808228e+02  1.66079870e+02  5.23855346e+02
  -9.05067998e-02]
 [ 1.86103500e+02  5.11165527e+02  2.02233780e+02  5.20227661e+02
  -9.15124551e-02]
 [ 1.13403247e+02  5.34632325e+02  1.63252202e+02  5.39990112e+02
  -9.68687215e-02]
 [ 1.14225094e+02  5.47604188e+02  1.68224346e+02  5.54603453e+02
  -1.01022765e-01]
 [ 1.14801758e+02  5.64168579e+02  2.01156067e+02  5.64962646e+02
  -1.47469956e-01]
 [ 3.63570644e+02  5.16965148e+02  4.17830357e+02  5.46197449e+02
   1.29531850e-01]
 [ 2.76744751e+02  5.79246483e+01  3.74431152e+02  5.25824928e+01
  -3.00818757e-01]
 [ 2.70913024e+02  8.58258986e+01  3.53654542e+02  8.03092637e+01
  -2.79991784e-01]
 [ 2.48773728e+02  1.28361791e+02  3.93399856e+02  1.04450541e+02
  -3.20120800e-01]]