[[ 7.67530498e+00  1.24453576e+02  1.34611574e+02  1.58557892e+02
  -1.50695395e-01]
 [ 2.13303033e+02  2.33666926e+02  2.52020392e+02  2.78867742e+02
   6.78604867e-01]
 [ 1.95820526e+02  2.41414124e+02  2.53847137e+02  3.04348328e+02
   6.79244280e-01]
 [ 1.74479401e+02  2.49171661e+02  2.26376038e+02  3.09889557e+02
   6.81274915e-01]
 [ 2.11384010e+01  1.90238953e+02  1.50610626e+02  2.10952087e+02
  -1.18489631e-01]
 [ 6.37251983e-01  2.22116562e+02  8.92030190e+01  2.47985519e+02
  -6.89966873e-02]]