[[ 4.25046265e+02  2.21106888e+02  4.73932190e+02  2.51268478e+02
   1.26681218e-01]
 [ 1.48728615e+02  5.68935732e+01  1.22157126e+02  1.19559777e+02
   1.03925886e+00]
 [ 5.15096497e+02  3.59683258e+02  5.61887878e+02  3.93269684e+02
   1.10741245e-01]
 [ 4.73939633e+02  2.52988770e+01  5.31855106e+02  4.77932632e+01
   2.02673516e-01]
 [ 2.33215515e+02  3.18136169e+02  3.10933472e+02  3.36031738e+02
   1.53518459e-02]
 [ 2.27917438e+02  3.53052917e+02  2.97556576e+02  3.71499512e+02
   1.16473116e-02]
 [ 2.33248586e+02  3.83595856e+02  3.19122202e+02  4.01083893e+02
   1.95877715e-03]
 [ 5.40362427e+02  3.25971924e+02  5.97371582e+02  3.26693481e+02
  -2.15621618e-01]]