[[ 3.63733276e+02  1.16045563e+02  4.09925232e+02  1.73886902e+02
   5.38999944e-01]
 [ 6.77644014e+00  4.78779694e+02  7.50872188e+01  5.07423370e+02
  -7.22160803e-04]
 [-2.09670639e+00  1.24928795e+02  4.26691628e+01  1.44387390e+02
  -6.94973662e-01]
 [ 4.80930289e+01  1.13677307e+02  1.16927322e+02  1.36543716e+02
  -1.09965953e-01]
 [ 4.60562378e+02  5.51019287e+00  5.16673645e+02  5.22943382e+01
  -2.13622938e-01]
 [ 4.39838257e+02  9.59084396e+01  5.18579529e+02  1.45960419e+02
  -3.05467125e-02]
 [ 5.24621155e+02  9.33177872e+01  5.70954285e+02  1.42965302e+02
  -2.34450876e-01]
 [ 4.60479858e+02  1.93903076e+02  6.01231201e+02  2.44455383e+02
  -6.48532794e-02]
 [ 1.64087034e+02  4.40610289e+02  2.06155703e+02  4.80804933e+02
   5.89061240e-01]
 [ 3.41730576e+01  3.79412079e+02  1.05619606e+02  4.12143707e+02
   9.97659188e-03]
 [ 5.03496241e+01  8.96195995e+01  1.45554864e+02  1.10516814e+02
  -1.31937172e-01]
 [ 8.86305389e+01  1.42101028e+02  1.78235855e+02  1.63110184e+02
  -7.87462662e-02]
 [ 4.24879578e+02  5.47873535e+01  5.71140747e+02  8.82834167e+01
  -5.25634482e-02]]