[[ 1.34203800e+02  2.45612009e+01  1.70838803e+02  5.61075689e+01
   1.76190948e-01]
 [ 1.30659073e+02  4.62660065e+01  1.25778244e+02  8.85688782e+01
   5.98515220e-01]
 [ 1.11183410e+02  7.26252114e+01  1.10841220e+02  1.24368727e+02
   5.89917371e-01]
 [ 3.78471280e+02  1.90436400e+02  4.28356296e+02  2.31169282e+02
   3.75394895e-01]
 [ 2.01291286e+02  2.80997651e+02  2.39805943e+02  3.01861846e+02
  -1.51480228e-01]
 [ 2.12451539e+02  3.53015048e+02  2.53620543e+02  3.74316007e+02
  -1.93208543e-01]
 [ 7.40604092e+01  1.08751465e+02  1.74550339e+02  1.53293366e+02
   2.21448149e-01]
 [ 5.64551849e+01  1.36016693e+02  1.28136826e+02  1.80092499e+02
   2.74305413e-01]
 [ 4.07635069e+02  2.48566454e+02  4.43143191e+02  2.83412428e+02
   3.84579085e-01]
 [ 4.03965693e+02  2.81525449e+02  4.22979376e+02  3.09806338e+02
   4.02076837e-01]
 [ 3.92503510e+02  3.10794220e+02  4.11213470e+02  3.39150360e+02
   4.19284201e-01]]