[[ 2.49441460e+02  3.23167170e+02  2.89907183e+02  3.75969312e+02
   6.22119835e-01]
 [ 3.12138720e+02  3.68128286e+02  3.23675795e+02  3.98910532e+02
   6.22120555e-01]
 [ 3.45974419e+02  1.60053597e+02  3.53070381e+02  2.03259971e+02
   7.63267987e-01]
 [ 3.21190406e+02  1.94540768e+02  3.30272729e+02  2.35696384e+02
   6.63458177e-01]
 [ 5.05536093e+02  2.83090813e+02  5.87414713e+02  3.15310004e+02
   1.72166395e-01]
 [ 3.54889343e+02  3.41363007e+02  4.85513733e+02  4.01617828e+02
   2.80902262e-01]
 [ 2.81173090e+02  2.61153076e+02  3.23751532e+02  2.70721618e+02
  -2.57841766e-02]
 [ 3.33256061e+02  2.60040314e+02  4.36681561e+02  2.68384918e+02
  -2.02093153e-02]
 [ 4.46538513e+02  2.57787964e+02  4.94713684e+02  2.66312683e+02
  -2.57820691e-02]
 [ 2.79480438e+02  2.69555145e+02  3.44210602e+02  2.77999481e+02
  -2.46474877e-02]
 [ 2.75010666e+02  2.77597504e+02  4.17276443e+02  2.85793670e+02
  -2.85465055e-02]
 [ 3.72802887e+02  1.89555252e+02  4.19659454e+02  1.96537979e+02
  -2.38300596e-01]
 [ 4.38044373e+02  1.72951782e+02  5.20797119e+02  1.79466949e+02
  -2.34297103e-01]
 [ 1.57156894e+02  6.11048108e+00  2.24313748e+02  2.93949739e+01
   1.65367943e-01]
 [ 2.97572449e+02  1.98029907e+02  3.04502869e+02  2.31915344e+02
   6.32479762e-01]]