[[4.32346893e+02 3.79782837e+02 4.41729095e+02 4.02234802e+02
  2.56550669e-02]
 [4.62085144e+02 3.78131042e+02 5.23132080e+02 4.04710938e+02
  1.09941344e-02]
 [2.28337646e+02 3.71062683e+02 3.25036682e+02 4.05974121e+02
  2.29540282e-02]
 [3.81006238e+02 2.58509019e+02 4.22787280e+02 3.31359999e+02
  6.64340817e-01]
 [1.97338143e+02 1.47530712e+02 2.21924705e+02 1.85327748e+02
  5.01298227e-01]
 [1.90038712e+02 2.07178131e+02 2.19051193e+02 2.35402557e+02
  3.90449273e-01]
 [1.45873917e+02 5.44047852e+01 1.99645584e+02 1.07856873e+02
  4.94253711e-01]
 [9.66522675e+01 8.36858368e+01 1.36565079e+02 1.43369507e+02
  6.20745693e-01]
 [2.21997864e+02 3.30695557e+02 2.69522095e+02 3.60354919e+02
  1.02556809e-02]
 [3.46208094e+02 2.11807765e+02 3.59826452e+02 2.90424047e+02
  7.90492550e-01]
 [1.77531784e+02 1.61794769e+02 2.06306717e+02 2.00245544e+02
  4.54005550e-01]]