[[ 4.43539814e+02  3.67066770e+02  5.63611554e+02  4.11316531e+02
   6.59953307e-02]
 [ 5.33762817e+02  2.81117493e+02  5.90311523e+02  2.85600281e+02
  -2.20611988e-01]
 [ 5.34666757e+02  3.10246441e+02  5.91935171e+02  3.13780842e+02
  -2.17272537e-01]
 [ 5.36642059e+02  3.36620368e+02  5.96290681e+02  3.40966424e+02
  -1.95311073e-01]
 [ 2.42574188e+02  3.13766663e+02  3.17462372e+02  3.38161255e+02
   1.49340463e-02]
 [ 2.41304954e+02  3.57754394e+02  3.37556802e+02  3.87966980e+02
   1.07244594e-02]
 [ 3.70970585e+02  1.22228481e+02  4.68701290e+02  1.97808842e+02
   1.54474431e-01]
 [ 5.51885348e+02  3.47873602e+02  5.92850003e+02  3.53973505e+02
  -2.12540175e-01]
 [ 3.29207947e+02  7.57300034e+01  3.72304504e+02  1.05285316e+02
   9.23152533e-02]
 [ 3.19646719e+02  1.12321776e+02  3.60768015e+02  1.44618654e+02
   1.32491249e-01]
 [ 3.08972764e+02  1.55332990e+02  3.59855727e+02  1.92091540e+02
   1.61235971e-01]]