[[3.08637878e+02 2.13818634e+02 3.50643127e+02 3.05201447e+02
  6.44052397e-01]
 [1.87899287e+02 1.78920499e+02 2.16057134e+02 2.07137850e+02
  4.33451920e-01]
 [2.32335754e+02 3.25797241e+02 3.12328064e+02 3.59036133e+02
  1.71805324e-02]
 [3.30894059e+02 1.16084974e+02 4.46167342e+02 1.57249315e+02
  1.33210319e-01]
 [3.21347768e+02 1.55015456e+02 4.49177988e+02 2.03972154e+02
  1.59726733e-01]
 [1.73753189e+02 2.01120743e+02 2.01980576e+02 2.36632889e+02
  1.15295714e-01]
 [2.64684570e+02 3.62631500e+02 3.26502319e+02 3.83862213e+02
  5.52072766e-03]
 [3.52766517e+02 7.55050941e+01 3.85972802e+02 9.55188470e+01
  1.01061184e-01]]