[[ 4.21598592e+02  6.99569498e+01  4.86912028e+02  1.28376272e+02
   4.74817561e-01]
 [ 5.14792660e+02  2.91597348e+02  5.60918888e+02  3.08962467e+02
  -8.14780636e-01]
 [ 5.29854773e+02  2.62265328e+02  5.87685510e+02  2.66986197e+02
  -8.44563208e-01]
 [ 3.03342773e+02  3.32228118e+02  3.31584045e+02  3.68097443e+02
   2.65881177e-02]
 [ 3.49680481e+02  3.39051666e+02  3.63055054e+02  3.56876739e+02
   5.48415428e-03]
 [ 4.06412835e+02  2.34158383e+02  4.47928778e+02  2.74505435e+02
   4.17045509e-01]
 [ 1.19388970e+02  2.15472584e+02  2.16506172e+02  2.13623913e+02
  -4.79606046e-01]
 [ 1.98872559e+02  3.14769501e+02  2.80479645e+02  3.48993866e+02
  -1.75722528e-01]
 [ 4.12345398e+02  4.87949982e+01  4.68130737e+02  9.31522369e+01
   1.65369560e-01]
 [ 4.06982644e+02  8.77147556e+01  4.67215171e+02  1.53198483e+02
   4.86983198e-01]
 [ 5.37141897e+02  3.62474380e+02  6.14502268e+02  3.06342697e+02
  -9.91703997e-01]
 [ 3.42074615e+02  3.63100616e+02  3.70533112e+02  3.90199799e+02
   4.09480195e-04]
 [ 3.75314911e+02  1.78960236e+02  4.65683258e+02  2.57815369e+02
   4.46537433e-01]
 [ 1.93778687e+02  2.64197815e+02  2.57816528e+02  2.80560303e+02
  -1.34122938e-01]]