[[ 3.50421478e+02  2.20445328e+01  4.25740265e+02  3.44925690e+01
  -1.08584622e-01]
 [ 3.54608526e+02  5.73941676e+01  4.14882318e+02  7.44684881e+01
  -1.03359743e-01]
 [ 1.88248749e+02  5.90970383e+01  2.32900024e+02  8.01555862e+01
   9.82801669e-02]
 [ 2.64759125e+02  6.66408310e+01  2.94007233e+02  8.44723434e+01
   9.82800805e-02]
 [ 1.85848496e+02  9.22901219e+01  2.70026215e+02  1.13428749e+02
   7.21848174e-02]
 [ 1.46180320e+02  1.22034439e+02  3.06653328e+02  1.47298600e+02
   5.81364455e-02]]