[[ 1.69691478e+02  5.47055358e+01  2.11000844e+02  7.08356400e+01
   1.96733390e-02]
 [ 1.70314505e+02  6.82876113e+01  2.11198130e+02  9.24562242e+01
   1.70474735e-01]
 [ 1.68889584e+02  8.51441573e+01  1.94363407e+02  1.00832466e+02
   2.28124223e-02]
 [ 1.68493016e+02  1.00176658e+02  2.25738032e+02  1.16593712e+02
   2.43649044e-02]
 [ 2.88367599e+02  5.46329420e+01  3.44041703e+02  8.29105303e+01
   1.14997476e-02]
 [ 7.93346158e+01  1.09027737e+02  1.43806910e+02  1.54558117e+02
   3.76802623e-01]
 [ 1.97143835e+02  1.46733891e+01  2.46747644e+02  4.42700885e+01
   3.42665218e-02]
 [ 2.47293442e+02  2.30885345e+02  2.90655334e+02  2.36528473e+02
  -2.06826736e-01]
 [ 2.51021310e+02  2.54726535e+02  2.81115882e+02  2.70458524e+02
  -7.85447460e-02]
 [ 2.50839123e+02  2.79021302e+02  2.83973759e+02  2.87412353e+02
  -2.15572763e-01]
 [ 2.53508095e+02  2.43432611e+01  3.52294884e+02  3.73791434e+01
  -1.60888301e-01]]