[[ 1.90209045e+02  2.23121243e+01  2.41194305e+02  5.15549088e+01
  -4.33152962e-02]
 [ 5.34728943e+02  9.40211563e+01  5.83646179e+02  1.20832039e+02
   2.00829765e-01]
 [ 5.28908350e+02  1.31710166e+02  5.77066992e+02  1.61806588e+02
   2.24074131e-01]
 [ 5.24804932e+02  1.79283051e+02  5.89027832e+02  2.13646179e+02
   1.11188950e-01]
 [ 5.18070801e+02  2.26081604e+02  5.67196045e+02  2.65015869e+02
   2.65052705e-01]
 [ 2.83221543e+02  1.26597742e+02  3.45082228e+02  1.67531561e+02
   3.85949301e-01]
 [ 2.59475098e+02  1.35576523e+02  3.28208313e+02  1.86803299e+02
   3.94643952e-01]
 [ 3.19351959e+02  9.56931305e+00  3.83406219e+02  6.17874908e+01
   1.93543976e-02]
 [ 3.58684268e+02  7.28415184e+01  3.68580320e+02  1.45709431e+02
   5.66466598e-01]
 [ 4.77272880e+02  1.75662750e+01  5.38054879e+02  5.02672592e+01
   1.82939269e-01]
 [ 4.69196472e+02  5.17428360e+01  5.35954590e+02  9.04736557e+01
   1.99304083e-01]
 [ 2.31698363e+02  1.45027557e+02  2.96655946e+02  1.93231781e+02
   4.13710777e-01]
 [ 2.94620849e+02  2.37033845e+01  3.24947266e+02  5.56132048e+01
  -3.79824742e-02]
 [ 1.80831360e+02  8.68370361e+01  2.24285217e+02  9.59464111e+01
  -7.14356012e-02]
 [ 1.65180456e+02  1.06620972e+02  2.20924250e+02  1.16540298e+02
  -6.96949316e-02]]