[[ 5.94485749e+01  2.51326293e+02  1.80201312e+02  2.78392213e+02
   4.63752951e-02]
 [ 4.52287286e+01  2.87517578e+02  8.72599188e+01  3.08203918e+02
  -2.06996155e-03]
 [ 1.03583267e+02  2.82896484e+02  1.46248505e+02  3.03177917e+02
  -1.80835513e-03]
 [ 9.51157074e+01  2.56089706e+01  1.57032242e+02  7.71116562e+01
   4.10898652e-01]
 [ 8.23517609e+01  6.73346634e+01  1.53360428e+02  1.23875694e+02
   3.74022307e-01]
 [ 5.76161041e+01  1.20408020e+02  1.77611511e+02  1.88882080e+02
   3.29381824e-01]
 [ 3.64920654e+01  1.75019730e+02  1.37031448e+02  2.43431625e+02
   2.74486134e-01]
 [ 3.84830780e+02  6.87342072e+01  5.21867310e+02  1.08034256e+02
  -4.00639436e-03]
 [ 3.52604726e+02  1.41815689e+02  5.51442515e+02  1.74993515e+02
  -5.52064686e-03]
 [ 2.65103821e+02  2.65328335e+02  2.86550354e+02  2.90110325e+02
   1.32183384e-02]
 [ 2.60271393e+02  3.12469421e+02  2.91095795e+02  3.21957336e+02
  -2.40502485e-01]
 [ 3.67942474e+02  2.96567939e+02  4.00815216e+02  3.29216790e+02
  -1.34314085e-02]
 [ 4.23384070e+02  2.98210998e+02  5.87060205e+02  3.37294129e+02
   2.67483284e-02]
 [ 3.97796350e+02  2.64243799e+02  4.36093848e+02  2.86766455e+02
  -7.74602173e-01]
 [ 4.45203888e+02  2.61346863e+02  5.69727783e+02  2.85678589e+02
  -2.74497754e-04]
 [ 1.97066604e+02  2.91164032e+02  2.59772156e+02  3.22117584e+02
  -8.16979957e-04]
 [ 2.23197328e+00  2.71660339e+02  6.51675876e+01  2.88387451e+02
  -2.12313372e-03]
 [ 7.45148926e+01  2.74168823e+02  1.07792465e+02  2.88296997e+02
  -2.12216563e-03]
 [ 3.68156776e+02  1.85104035e+02  4.13748376e+02  2.07112518e+02
  -6.22458219e-03]
 [ 4.22466248e+02  1.84869872e+02  4.38897095e+02  2.06955903e+02
  -1.52768360e-02]
 [ 4.47595978e+02  1.84653244e+02  4.73053619e+02  2.06743210e+02
  -6.22659661e-03]
 [ 4.81652717e+02  1.84565323e+02  5.29266015e+02  2.09920669e+02
  -1.95922751e-02]
 [ 3.68512878e+02  2.16578964e+02  3.95073486e+02  2.41803024e+02
  -1.13135741e-02]
 [ 4.03800720e+02  2.15304214e+02  4.53528503e+02  2.41393570e+02
  -7.00426882e-03]
 [ 4.62358032e+02  2.26079956e+02  4.69453857e+02  2.29079834e+02
  -6.72856083e-03]
 [ 4.78248059e+02  2.15828781e+02  5.54970080e+02  2.36621078e+02
  -6.91246269e-03]
 [ 2.55171082e+02  2.91086208e+02  2.61541748e+02  3.09175510e+02
   1.51894696e-02]
 [ 2.68167481e+02  2.86692037e+02  2.80486633e+02  3.07412883e+02
   1.35845228e-02]
 [ 3.00488220e+02  2.54780502e+02  4.05618408e+02  2.72776550e+02
  -1.98359344e-02]]