[[ 8.47381578e+01  2.72760254e+02  1.83558420e+02  3.03564392e+02
   1.20370010e-02]
 [ 6.76880248e+01  4.33450966e+01  1.40288544e+02  9.49732350e+01
   3.91985304e-01]
 [ 5.64464264e+01  7.01182556e+01  1.73612564e+02  1.47755264e+02
   3.85170438e-01]
 [ 4.21531554e+01  1.01487959e+02  1.05042859e+02  1.51439165e+02
   3.39038278e-01]
 [ 3.53255033e+02  3.01579590e+02  4.43702974e+02  3.32391541e+02
   3.31999108e-02]
 [ 7.02404022e+01  1.53283661e+02  1.32676651e+02  1.87438721e+02
   3.19292661e-01]
 [ 6.33857727e+01  1.77422607e+02  7.85409393e+01  2.02749908e+02
   2.93168689e-01]
 [ 1.06312759e+02  1.91588821e+02  1.54116928e+02  2.25563766e+02
   2.93168034e-01]
 [ 5.42868870e+01  2.07260742e+02  8.85577513e+01  2.47940554e+02
   3.98500727e-01]
 [ 4.63896545e+02  2.97936249e+02  5.13448486e+02  3.24328583e+02
   4.14187761e-03]
 [ 5.30163086e+02  2.96778809e+02  5.76394531e+02  3.26633911e+02
  -7.52115101e-02]]