[[ 4.02460480e+01  5.71286011e+02  1.30348755e+02  5.88843140e+02
  -1.74898415e-02]
 [ 3.34437897e+02  3.00872314e+02  4.35213104e+02  3.40595764e+02
  -4.73711977e-04]
 [ 3.34495711e+02  3.63607208e+02  4.35369523e+02  4.02953705e+02
  -3.57428929e-03]
 [ 2.75906355e+01  4.64674866e+02  1.35179337e+02  5.08540955e+02
   3.55669682e-02]
 [ 4.83494030e+00  1.76384308e+02  1.75210900e+02  2.63765869e+02
   1.34926729e-03]
 [ 5.75613559e+00  3.32540466e+02  1.75966360e+02  4.18293762e+02
  -6.18713861e-03]
 [ 1.35431549e+02  4.71088194e+02  2.21156342e+02  5.00245546e+02
   9.30320905e-02]]