[[ 2.18199051e+02  2.78715973e+02  2.91248169e+02  3.01682159e+02
  -5.86654666e-04]
 [ 2.34021851e+02  3.11837280e+02  3.21223572e+02  3.40021545e+02
   2.53630732e-02]
 [ 1.75870188e+01  3.77331726e+02  7.79803793e+01  3.92941406e+02
  -3.01855057e-02]
 [ 3.15614939e+02  3.76639526e+02  3.77612661e+02  3.91465149e+02
   2.24814084e-02]
 [ 5.56430626e+01  1.41841064e+02  1.03452425e+02  1.35800936e+02
  -6.80503973e-01]
 [ 2.73893127e+02  2.56073517e+02  3.92870728e+02  2.94619781e+02
  -5.10644552e-03]
 [ 4.69392700e+01  1.90900528e+02  8.48122745e+01  2.10951584e+02
   7.81228003e-02]
 [ 4.44516009e+01  2.18567550e+02  8.72822363e+01  2.39364334e+02
   9.58544818e-02]
 [ 4.51129254e+01  2.46162231e+02  7.74493267e+01  2.66142518e+02
   1.06717321e-01]
 [ 4.25684357e+01  2.77559998e+02  8.19491501e+01  2.94034363e+02
   1.12731632e-01]]