[[ 3.74245819e+02  6.04500999e+01  4.52638397e+02  8.15652618e+01
  -1.05829917e-01]
 [ 1.71017227e+02  2.22448868e+02  2.42425278e+02  2.38845169e+02
   6.00820631e-02]
 [ 1.80993564e+00  9.01488912e-01  6.72127542e+01  5.72759021e+01
   3.72175175e-01]
 [ 5.70553589e+00  5.38298569e+01  6.41607819e+01  9.63376846e+01
   3.36634109e-01]
 [ 1.48569309e+02  2.65195952e+02  1.70044460e+02  2.77959382e+02
   4.81344075e-02]
 [ 1.47600769e+02  2.85976928e+02  1.71568268e+02  2.97893433e+02
   3.70832757e-02]
 [ 3.40893799e+02  9.44438744e+00  3.74817932e+02  3.81416931e+01
  -6.97254369e-02]
 [ 3.43105910e+02  5.06629122e+01  3.82362047e+02  6.54630796e+01
  -1.05035064e-01]
 [ 3.46802399e+02  8.60928650e+01  3.71065826e+02  1.00647964e+02
  -1.00425600e-01]]