[[ 8.54944550e+00  4.36381619e+02  1.61442932e+02  4.36136017e+02
  -2.00694229e-01]
 [ 3.27872115e+01  4.74186218e+02  1.10602677e+02  4.73502930e+02
  -1.99336583e-01]
 [ 4.83013733e+01  5.00301638e+02  1.12341541e+02  4.99349668e+02
  -2.07340414e-01]
 [ 6.31353278e+01  5.21521424e+02  1.26651324e+02  5.18222717e+02
  -2.14007565e-01]
 [ 1.80619659e+02  3.23324249e+02  2.21685822e+02  3.60974823e+02
   5.13188445e-01]
 [ 2.74889707e+02  2.22762763e+01  3.35030154e+02  1.56286462e+01
  -2.68662063e-01]
 [ 2.46605560e+02  4.69685440e+01  3.20576447e+02  3.78831329e+01
  -2.56329017e-01]
 [ 3.29923981e+02  2.51312408e+01  4.00556305e+02  1.75388565e+01
  -2.56329148e-01]
 [ 2.43937633e+02  6.53999415e+01  2.92161015e+02  6.40392675e+01
  -2.43279068e-01]
 [ 2.99889509e+02  5.15129666e+01  3.58180315e+02  4.81901431e+01
  -2.43279157e-01]
 [ 2.41151795e+02  8.47129322e+01  2.95675613e+02  8.31840099e+01
  -2.29452936e-01]
 [ 3.02336426e+02  6.79981461e+01  3.90150452e+02  6.19465103e+01
  -2.21412490e-01]
 [ 2.37849960e+02  1.02639496e+02  3.04807922e+02  1.02385757e+02
  -2.06245480e-01]
 [ 3.13790833e+02  8.84913788e+01  3.80979858e+02  8.64279633e+01
  -2.14784573e-01]
 [ 2.49960419e+02  1.23270378e+02  3.51537872e+02  1.15789085e+02
  -1.99202252e-01]
 [ 2.61497772e+02  1.42471558e+02  3.36434052e+02  1.43001678e+02
  -1.72954262e-01]
 [ 1.82549591e+02  3.44579926e+02  2.13234985e+02  3.76251678e+02
   5.00819838e-01]
 [ 2.24528688e+02  1.84376149e+02  2.92927489e+02  1.92297038e+02
  -1.56048715e-01]
 [ 3.11631430e+02  1.78285463e+02  3.32395975e+02  1.84279814e+02
  -1.43955483e-01]
 [ 2.20425719e+02  2.15477387e+02  2.94146119e+02  2.27776977e+02
  -1.15815002e-01]
 [ 3.12047791e+02  2.08405823e+02  3.38417786e+02  2.19320526e+02
  -1.18194329e-01]]