[[ 7.24205342e+00  3.76472778e+02  4.40675321e+01  3.92207519e+02
  -5.26595785e-03]
 [ 6.10420771e+01  3.76102860e+02  6.17327032e+01  3.96247543e+02
   6.55229118e-02]
 [ 1.01476196e+02  3.10725830e+02  1.84521698e+02  3.44477600e+02
   2.38457592e-01]
 [ 9.60864204e+01  3.31012114e+02  1.86280396e+02  3.63962799e+02
   2.27122482e-01]
 [ 5.07896973e+01  3.66403290e+02  1.33866827e+02  3.83992889e+02
  -1.82712701e-03]
 [ 3.39782316e+02  4.07613926e+02  4.06897555e+02  4.28262844e+02
  -1.08922636e-01]]