[[ 4.61004944e+02  7.79655762e+01  5.36716003e+02  8.95015869e+01
  -1.91123857e-01]
 [ 1.90293365e+02  1.73508835e+01  2.59198517e+02  6.14207230e+01
   1.01268973e-01]
 [ 1.53691880e+02  7.28304430e+01  2.71950042e+02  1.15955386e+02
   9.09754672e-02]
 [ 5.10307678e+02  1.04248909e+02  5.93854675e+02  1.12192589e+02
  -1.69034284e-01]
 [ 5.17448425e+02  1.32398849e+02  5.76834290e+02  1.43227524e+02
  -1.50275695e-01]
 [ 5.22289020e+02  1.58746222e+02  5.73960004e+02  1.68448419e+02
  -1.45228620e-01]]