[[ 3.00120880e+02  2.28534393e+02  3.75395905e+02  2.35347137e+02
  -1.33168646e-01]
 [ 4.14724997e+01  3.21193359e+02  1.46967560e+02  3.44127991e+02
  -7.14323726e-03]
 [ 2.59288440e+02  4.12667572e+02  3.59558728e+02  4.29947296e+02
   8.49282425e-03]
 [ 6.14780692e+01  4.06759155e+02  1.21631798e+02  4.41014160e+02
   1.85837905e-02]
 [ 4.58859825e+01  3.46354889e+02  1.33153198e+02  3.58040924e+02
  -5.55384919e-02]
 [ 4.26139711e+01  3.75742493e+02  8.88529173e+01  3.96446349e+02
  -6.59367799e-02]
 [ 2.89314270e+02  1.15939514e+02  3.51443115e+02  1.36337341e+02
   3.39234312e-02]
 [-4.19289398e+00  4.02633972e+02  6.64743652e+01  4.45159607e+02
   2.51220410e-02]
 [ 3.38412283e+02  3.39341004e+02  3.69778086e+02  3.50744934e+02
  -1.21369301e-02]]