[[ 3.78118149e+02  3.52539703e+02  4.60265884e+02  3.78856965e+02
   3.38528646e-02]
 [ 4.79485718e+02  3.51488678e+02  5.80406250e+02  3.62736969e+02
  -6.54517205e-02]
 [ 3.64102196e+02  3.87025971e+02  4.17170326e+02  4.08603912e+02
  -8.99750256e-03]
 [ 4.31732649e+02  3.86641907e+02  5.22188555e+02  4.07658874e+02
  -8.99820251e-03]
 [ 7.09247963e+01  1.47205444e+02  1.38531144e+02  1.83015869e+02
   6.73859221e-03]
 [ 7.08317566e+01  2.01374084e+02  1.39332184e+02  2.42062012e+02
   3.96996998e-03]
 [ 1.68369019e+02  1.99989714e+02  2.08488647e+02  2.42987062e+02
   6.05233846e-03]
 [ 1.25931984e+01  3.50277863e+02  4.51291813e+01  3.62028412e+02
  -1.08337919e-01]
 [ 5.47133289e+01  9.07344969e+01  1.60333146e+02  1.39907257e+02
   3.99203363e-02]]