[[ 2.15466338e+02  8.69162703e+00  2.55081178e+02  3.17177663e+01
  -5.12910804e-01]
 [ 2.86586426e+02  1.50078278e+01  5.48094482e+02  1.30549698e+02
   2.13578156e-01]
 [ 2.93846191e+02  8.78203125e+01  4.49083313e+02  1.71931885e+02
   2.79490518e-01]
 [ 3.02165344e+02  1.46240280e+02  4.35277100e+02  2.18713974e+02
   2.89045395e-01]
 [ 1.17719284e+02  1.12991095e+01  1.65757645e+02  1.63402557e+01
  -1.43112969e-01]
 [ 1.78847977e+02  2.81529198e+01  2.23017868e+02  4.23741417e+01
   7.46698431e-04]
 [ 3.37413879e+02  1.91661194e+02  3.94110840e+02  2.29745636e+02
   3.08697472e-01]
 [ 4.22915924e+02  2.25947220e+02  4.42249115e+02  2.45669571e+02
   3.12420378e-01]
 [ 1.19714249e+02  2.27607403e+01  1.70389816e+02  3.18188000e+01
  -7.64102000e-02]
 [ 1.29638760e+02  2.55565375e+02  1.60738800e+02  2.80537292e+02
  -3.33446101e-01]]