[[ 2.21952585e+01  2.38912018e+02  1.10131661e+02  2.47400665e+02
  -2.07233700e-01]
 [ 4.32313538e+02  6.32819977e+01  5.26353149e+02  1.34449005e+02
   2.48824164e-01]
 [ 3.22499542e+02  1.01304382e+02  4.63173615e+02  1.74623413e+02
   2.78776384e-01]
 [ 5.09028205e+02  1.50297149e+02  5.76215936e+02  2.06979431e+02
   2.78776134e-01]
 [ 1.18620737e+00  3.13002353e+02  8.89621081e+01  3.02691068e+02
  -2.65575810e-01]
 [-4.15104885e-01  3.34168094e+02  1.00224378e+02  3.21673458e+02
  -2.71939206e-01]
 [-1.15659503e+00  3.58531312e+02  1.10518602e+02  3.46948974e+02
  -2.87244704e-01]
 [ 1.61087017e+01  3.55598335e+01  7.37813339e+01  4.32270164e+01
  -1.87637559e-01]
 [ 1.69361992e+01  7.04671631e+01  4.96737710e+01  8.11099399e+01
  -1.89155990e-01]
 [ 6.59547838e+01  5.83226746e+01  1.00630436e+02  7.12826378e+01
  -1.88900282e-01]
 [ 3.65903350e+02  1.92688186e+02  4.75871186e+02  2.42200638e+02
   2.31068748e-01]
 [ 1.13555501e+02  1.97033858e+02  1.66552706e+02  2.18902909e+02
   7.82200316e-02]
 [ 1.16878353e+02  2.11862369e+02  1.40046330e+02  2.28510434e+02
  -3.32165688e-01]
 [ 1.39964459e+02  2.12897552e+02  1.67323657e+02  2.30559418e+02
   4.48100133e-02]
 [ 1.21603119e+02  2.23532333e+02  1.52235291e+02  2.41370071e+02
   1.06777904e-01]
 [ 1.53107967e+02  2.26061343e+02  1.69179905e+02  2.43186277e+02
  -3.09204358e-01]
 [ 2.22328766e+02  3.44582550e+02  2.71372253e+02  3.41993317e+02
  -3.06063720e-01]]