[[ 1.10730804e+02  2.56867371e+02  1.41704254e+02  2.90007446e+02
   1.03841316e-01]
 [ 4.66551926e+00  3.68407624e+02  6.10376801e+01  3.91566864e+02
  -4.39922107e-02]
 [ 5.31024866e+01  1.31705096e+02  9.02872992e+01  1.35858136e+02
  -4.23287442e-01]
 [ 1.35370117e+02  1.92097397e+01  3.31773621e+02  9.84412003e+01
   1.01712105e-01]
 [ 2.85125410e+02  2.76254395e+02  3.44388323e+02  2.91396301e+02
  -7.42038804e-03]
 [ 3.57971062e+02  2.76700409e+02  3.92812019e+02  2.91037018e+02
  -1.64003014e-02]
 [ 2.88128418e+02  3.02966003e+02  3.37501953e+02  3.13305115e+02
   3.01611760e-04]
 [ 3.50817669e+02  2.98807770e+02  3.80825703e+02  3.13617462e+02
   7.20940132e-03]
 [ 2.95093624e+02  3.19624298e+02  3.35303471e+02  3.33079926e+02
   1.17731993e-02]
 [ 3.48304022e+02  3.23904876e+02  3.64895197e+02  3.33685883e+02
   1.42008333e-02]
 [ 3.65381616e+01  4.21609255e+02  6.69705740e+01  4.39308043e+02
  -1.07862667e-01]
 [ 3.60630188e+01  4.60458374e+02  7.06529694e+01  4.77956482e+02
  -1.13086874e-01]
 [ 3.52970515e+01  5.00977847e+02  6.93572454e+01  5.19570981e+02
  -1.24923116e-01]
 [ 8.08232193e+01  1.16318649e+02  1.14590736e+02  1.25681335e+02
  -4.52545502e-01]
 [ 2.46671600e+02  1.16118851e+02  2.91534821e+02  1.65154404e+02
   1.02484675e-01]
 [ 3.45517728e+02  1.41403351e+02  3.73576144e+02  1.76722382e+02
   1.14832844e-01]
 [ 3.51355316e+02  3.40469421e+02  3.90877472e+02  3.59551880e+02
   5.66890726e-02]
 [ 3.20952606e+00  4.67341309e+02  4.31354065e+01  4.93450989e+02
  -5.31680455e-02]
 [ 4.05929511e-01  5.10809052e+02  3.67832710e+01  5.37504882e+02
  -9.06871864e-02]
 [-2.03757130e+00  5.58093815e+02  4.10144237e+01  5.84969295e+02
  -1.10058987e-01]]