[[ 3.81697754e+02  2.01137146e+02  5.16635986e+02  2.04910919e+02
  -1.19830192e-01]
 [ 3.78988475e+02  2.28934922e+02  4.17157887e+02  2.47558242e+02
  -4.28980834e-02]
 [ 4.44833435e+02  2.21210632e+02  5.19368103e+02  2.35834381e+02
  -1.00843378e-01]
 [ 5.21096508e+02  5.71503480e+02  5.96864429e+02  5.96830383e+02
  -1.11186137e-02]
 [ 2.41976226e+01  1.95717179e+02  1.69790690e+02  2.59794128e+02
  -4.14069778e-02]
 [ 1.88543701e+01  3.12848328e+02  1.68785538e+02  3.81102173e+02
  -1.06225295e-01]
 [ 4.63097195e+02  2.47447556e+02  5.86475221e+02  2.61368347e+02
  -9.71091066e-02]
 [ 4.86368530e+02  2.75540192e+02  5.66040039e+02  2.87532867e+02
  -1.78230995e-01]
 [ 5.20664185e+02  5.56868713e+02  5.87396973e+02  5.83059265e+02
   1.33021856e-01]
 [ 3.57183445e+02  1.39496365e+02  4.48659451e+02  1.66988956e+02
   1.17363268e-01]
 [ 1.22402687e+02  2.74737518e+02  2.29936401e+02  3.28767670e+02
  -7.79036915e-02]]