[[ 5.25451219e+01  1.26280498e+02  1.13541292e+02  1.41059901e+02
  -4.89359278e-01]
 [ 2.56014500e+01  4.47902405e+02  8.00244217e+01  4.62925842e+02
  -8.69177725e-02]
 [ 2.47586334e+02  2.54329788e+02  3.96549896e+02  2.71390198e+02
  -2.71349297e-02]
 [ 2.57658713e+02  2.90053009e+02  3.69170267e+02  3.05006012e+02
  -8.82477841e-03]
 [ 2.63812469e+02  3.16923035e+02  2.91597626e+02  3.32184998e+02
   1.01303453e-02]
 [ 3.15014984e+02  3.18832947e+02  3.87067108e+02  3.34139832e+02
   2.04732010e-02]
 [ 2.75047699e+02  3.44582336e+02  3.04979767e+02  3.56653198e+02
   2.93649985e-02]
 [ 3.26814213e+02  3.43963775e+02  3.89893612e+02  3.59797578e+02
   2.79235469e-02]
 [ 3.95441050e+01  1.73768585e+02  6.81541677e+01  1.93697083e+02
   5.44201917e-02]
 [ 3.79512780e+01  1.93942152e+02  7.47686851e+01  2.23278307e+02
   2.50560332e-01]
 [ 2.53608494e+01  4.78394714e+02  8.34629440e+01  4.81335449e+02
  -1.43702286e-01]
 [ 2.11817596e+02  3.08417694e+02  2.69173492e+02  3.22208282e+02
   1.37994704e-02]
 [ 2.18149872e+02  3.28280975e+02  3.28009438e+02  3.42376129e+02
   9.96492383e-03]]