[[ 2.30624878e+02  2.24560089e+02  3.24553040e+02  2.83310913e+02
   4.19748898e-01]
 [ 2.20075762e+02  2.43639002e+02  2.71053523e+02  2.84571026e+02
   4.27670511e-01]
 [ 2.87635089e+02  2.74207239e+02  3.04677350e+02  2.99896887e+02
   4.27668950e-01]
 [ 5.02907959e+02  1.20098495e+01  5.93750732e+02  5.74054031e+01
   1.83865606e-01]
 [ 1.25801191e+02  3.38749174e+02  1.60664690e+02  3.99276766e+02
   5.98936033e-01]
 [ 2.57323724e+02  7.77473429e+00  3.44630255e+02  5.32239000e+01
   3.22210465e-02]
 [ 4.43975334e+02  3.82371156e+02  4.84615974e+02  3.88083434e+02
  -1.84109086e-01]
 [ 4.41767857e+02  4.05740087e+02  4.88361293e+02  4.09275172e+02
  -1.88142643e-01]
 [ 2.93592748e+01  2.44972229e+02  6.12210017e+01  2.57031433e+02
   5.16344372e-02]
 [ 3.03887657e+01  2.69462555e+02  6.08553367e+01  2.81139191e+02
   4.97469353e-02]]