[[ 2.83854675e+02  4.68288727e+02  3.32427551e+02  5.08342377e+02
  -2.11609891e-01]
 [ 3.66039856e+02  4.63637085e+02  5.18542969e+02  5.29544006e+02
   8.74673369e-02]
 [ 3.12348633e+02  3.88981598e+02  5.06986633e+02  4.11387665e+02
  -7.51490086e-03]
 [ 1.30805969e+00  3.14509033e+02  1.30900101e+02  3.57998596e+02
   5.95578449e-02]
 [ 2.00877367e+01  3.66942871e+02  1.43772951e+02  4.02780273e+02
   4.17547257e-02]
 [ 3.49087982e+01  4.13054138e+02  1.41281860e+02  4.41037292e+02
   2.18799414e-02]
 [ 4.81696167e+01  4.55770691e+02  2.10191711e+02  4.75655640e+02
   1.68832088e-02]
 [ 5.82524307e+01  4.84773956e+02  9.57918541e+01  5.02969452e+02
   1.34832411e-02]
 [ 1.15216248e+02  4.82783691e+02  2.07498535e+02  5.04222839e+02
   1.13905115e-02]
 [ 6.78083571e+01  5.10372742e+02  1.27096413e+02  5.28901306e+02
   8.34613575e-03]
 [ 1.45581238e+02  5.12858215e+02  2.17483582e+02  5.29079407e+02
  -1.32836154e-02]
 [ 2.72321340e+02  1.89909155e+02  3.73976512e+02  1.52105036e+02
  -5.18062455e-01]
 [ 3.03561249e+02  2.00012192e+02  3.85757111e+02  1.79138321e+02
  -5.20008027e-01]
 [ 3.37931335e+02  2.18538452e+02  4.41689819e+02  1.84394318e+02
  -5.50290592e-01]
 [ 3.87208649e+02  2.41056244e+02  4.97593231e+02  1.96390320e+02
  -5.89849671e-01]]