[[ 4.18760193e+02  2.56319550e+02  4.96475098e+02  2.98565765e+02
  -2.07695409e-01]
 [ 1.40420493e+02  2.07697782e+02  2.44397072e+02  2.64158419e+02
   2.95926530e-01]
 [ 2.46629578e+02  2.47025513e+02  3.18820740e+02  2.89406006e+02
  -1.05973796e-01]
 [ 1.30318176e+02  2.02468643e+01  1.62344910e+02  3.98936081e+01
   1.74088287e-02]
 [ 1.27076403e+02  4.37202569e+01  1.64392157e+02  6.24929999e+01
  -2.45331395e-02]
 [ 1.76069763e+02  4.79309082e+01  2.01544464e+02  6.47568665e+01
   2.69765193e-02]
 [ 3.88312897e+02  2.95054199e+02  4.38147064e+02  3.16256653e+02
  -1.02435127e-03]
 [ 6.18831619e+01  3.00894875e+02  1.23113710e+02  2.66219505e+02
  -7.31648325e-01]
 [ 9.26800537e+01  3.10280640e+02  1.48832901e+02  2.75594360e+02
  -7.48796586e-01]
 [ 1.12449652e+02  3.15460763e+02  1.73020197e+02  2.78289969e+02
  -7.51008938e-01]
 [ 1.09574272e+02  1.76363279e+02  1.75885787e+02  2.21262059e+02
   2.86239599e-01]
 [ 7.93619843e+01  6.08578300e+00  1.31214722e+02  2.57799377e+01
   4.94621864e-02]
 [ 1.44062515e+02  5.87597466e+00  1.66424118e+02  2.52714996e+01
   1.15113847e-02]]