[[ 3.32034271e+02  2.97298676e+02  4.12155670e+02  3.52792877e+02
   2.74590624e-01]
 [ 1.39530941e+01  2.92483518e+00  2.56956757e+02  9.31750183e+01
   4.78701667e-02]
 [ 3.04484070e+02  4.89079742e+01  3.61281616e+02  5.46976471e+01
  -3.14796952e-01]
 [ 3.10013123e+02  7.67106476e+01  3.57405457e+02  8.46127014e+01
  -2.93625086e-01]
 [ 7.56091188e+00  1.95561310e+02  1.17726145e+02  2.42736878e+02
   3.62859564e-02]
 [ 2.03916291e+02  3.89509871e+00  2.14395782e+02  2.00810003e+01
   1.84423680e-01]
 [ 2.32665283e+02  2.25236507e+00  3.15107605e+02  2.49914017e+01
   7.04962814e-02]
 [ 3.32353607e+02  6.35537910e+00  4.20580719e+02  2.08467293e+01
   4.04280976e-03]
 [ 6.78224218e+01  1.84100571e+02  1.55243519e+02  2.07686844e+02
  -4.34163751e-02]]