[[ 3.39144183e+02  5.59537598e+02  3.99353315e+02  5.85284301e+02
  -1.11973593e-02]
 [ 4.89349647e+01  3.27193970e+02  2.00965525e+02  3.97589050e+02
  -6.30486461e-04]
 [ 4.79952745e+01  4.46214783e+02  1.90767936e+02  5.14842163e+02
   8.71732973e-04]
 [ 1.00804604e+02  2.20538330e+02  1.98522430e+02  2.63264282e+02
  -1.19559493e-01]
 [ 1.97237396e+00  5.74659882e+01  1.00818085e+02  9.72710266e+01
   1.44799479e-01]
 [ 1.37789917e+00  1.01281532e+02  3.55420151e+01  1.35181366e+02
  -3.95071629e-03]
 [ 6.51964111e+01  1.00995201e+02  1.17958130e+02  1.23494942e+02
  -4.12641126e-03]
 [ 2.49553680e+00  1.42471872e+02  3.44197617e+01  1.76521720e+02
  -5.51700081e-04]
 [ 6.52435303e+01  1.42275024e+02  1.15889862e+02  1.64821106e+02
  -3.48583834e-03]
 [ 1.17171986e+01  1.81677185e+02  1.13859492e+02  2.06163055e+02
  -2.84629688e-03]
 [ 1.46171406e+00  2.25041733e+02  7.77749040e+01  2.47596146e+02
  -2.20568907e-03]
 [ 8.16436487e+01  2.67276154e+02  1.47657873e+02  2.89313995e+02
  -9.75734859e-02]]