[[ 4.14427441e+02  4.37307891e+01  5.47927875e+02  1.09584488e+02
   1.67742002e-03]
 [ 3.49481567e+02  2.59949127e+02  5.99710205e+02  3.01163239e+02
  -3.57920887e-02]
 [ 1.38639971e+01  2.52324157e+02  8.55848002e+01  2.94341553e+02
   7.38676744e-02]
 [ 8.97483749e+01  3.25189331e+02  1.90726227e+02  3.37176575e+02
  -5.52081312e-02]
 [ 2.14925262e+02  3.18819763e+02  2.51485016e+02  3.33818726e+02
  -5.52081646e-02]
 [ 2.73707489e+02  3.15122223e+02  4.69197784e+02  3.22636383e+02
  -5.08016574e-02]
 [ 4.77062653e+02  3.05625977e+02  6.01904297e+02  3.14452881e+02
  -5.52079590e-02]
 [ 4.85041627e+01  2.81979674e+02  8.54353095e+01  3.12080751e+02
   9.31476807e-02]]