[[ 1.16502419e+01  3.46090027e+02  6.25776319e+01  3.63383667e+02
   2.83122316e-02]
 [ 7.37064362e-01  3.72673157e+02  5.53248672e+01  3.84790405e+02
  -2.04623410e-04]
 [ 3.53610504e+02  2.32317734e+00  4.15368134e+02  3.49734688e+01
   1.28202082e-01]
 [ 3.50686951e+02  3.71390305e+01  4.02852051e+02  7.81313095e+01
   2.58679448e-01]
 [ 5.35133057e+02  6.32872391e+01  5.65958740e+02  7.45007706e+01
   5.05614668e-03]
 [ 4.85160203e+01  1.04469894e+02  1.71541078e+02  1.85212814e+02
   4.93093211e-03]
 [ 3.62233032e+02  3.54866608e+02  4.95909180e+02  3.94964142e+02
  -3.29186216e-02]
 [ 5.41872011e+02  1.43039727e+01  5.87976500e+02  3.03525634e+01
  -4.02622764e-02]
 [ 5.38902549e+02  3.84512754e+01  6.01396523e+02  5.61040987e+01
  -1.37144965e-02]
 [ 7.38860596e+01  2.00498718e+02  1.98265732e+02  2.41153198e+02
   1.99591932e-03]
 [ 4.61058228e+02  3.96679688e+02  5.02799194e+02  4.11426636e+02
  -3.91987754e-03]
 [ 5.21155875e+02  3.94384949e+02  5.81713265e+02  4.11117249e+02
  -3.92094709e-03]]