[[ 2.08593201e+02  6.09729919e+01  3.99527832e+02  1.44361053e+02
   5.50466575e-02]
 [ 2.98265998e+02  3.64452271e+02  3.73440301e+02  3.76857238e+02
  -1.49670751e-02]
 [ 6.11871109e+01  1.21678093e+02  1.10924995e+02  1.30953949e+02
  -4.89359909e-01]
 [ 4.00733343e+01  3.50591461e+02  7.57686533e+01  3.69810273e+02
   3.15060360e-02]
 [ 2.55317444e+02  3.17864441e+02  3.59773010e+02  3.42476624e+02
   6.68266069e-02]
 [ 8.86911965e+01  3.14500986e+01  2.18777737e+02  9.86837839e+01
  -5.18169363e-02]
 [ 2.99245310e+02  3.77818024e+02  3.90366628e+02  3.88578521e+02
  -2.65172910e-02]
 [ 2.27306309e+01  3.81082581e+02  7.22463608e+01  3.91440491e+02
  -5.50395487e-02]
 [ 2.74308597e+02  2.39021714e+02  3.75163815e+02  2.68698974e+02
  -2.20862141e-02]
 [ 2.87443726e+02  2.90419128e+02  3.95517761e+02  3.19535828e+02
   1.09546904e-02]
 [ 2.97547703e+02  3.37259490e+02  3.92947903e+02  3.60955170e+02
   2.38778038e-02]]