[[ 2.73364655e+02  1.94488815e+02  3.69961029e+02  1.61434250e+02
  -5.20528431e-01]
 [ 6.86924896e+01  4.20440521e+02  2.20460037e+02  4.51070892e+02
   2.10963166e-02]
 [ 8.43485718e+01  4.62018646e+02  2.07490601e+02  4.86786407e+02
   1.34838801e-02]
 [ 9.37987174e+01  4.97022156e+02  1.98922623e+02  5.17819946e+02
   9.74812542e-03]
 [ 9.74195404e+01  5.26924744e+02  1.84618546e+02  5.44819519e+02
   8.55142949e-03]
 [ 1.07094986e+02  5.52923401e+02  1.91457657e+02  5.68366394e+02
   5.47719032e-03]
 [ 3.50960180e+02  4.70718808e+02  4.89572901e+02  5.36139347e+02
   1.36941574e-01]
 [ 3.07777191e+02  2.27863693e+02  3.92238739e+02  2.07156082e+02
  -5.45972241e-01]
 [ 3.10154836e+02  3.30566469e+02  3.61931773e+02  3.64273924e+02
  -1.55008717e-01]
 [ 3.96002298e+02  3.23904331e+02  4.39829428e+02  3.59627163e+02
  -7.95171661e-02]]