[[ 3.59793427e+02  4.29728363e+02  4.01910797e+02  4.46745453e+02
  -2.10562609e-02]
 [ 3.34558868e+00  3.86051819e+02  7.40449142e+01  4.08608154e+02
   1.44903846e-02]
 [ 1.03404217e+02  2.31033015e+02  1.96221509e+02  2.83176334e+02
   2.75808202e-01]
 [ 5.79669189e+01  2.59896759e+02  1.91230927e+02  3.14943939e+02
   2.45817075e-01]
 [ 3.57311920e+02  3.90558838e+02  3.91544342e+02  4.04833069e+02
  -8.96738158e-02]
 [ 3.53337830e+02  4.15881744e+02  3.87853455e+02  4.29159515e+02
  -1.08017750e-01]]