[[ 2.12102570e+02  2.15760002e+01  2.54334412e+02  3.46236496e+01
   1.50557878e-02]
 [ 2.17444855e+02  4.04436607e+01  2.41791840e+02  5.33522224e+01
  -1.42342208e-03]
 [ 2.24209284e+02  5.99985924e+01  2.48466711e+02  7.32680969e+01
  -1.19414964e-02]
 [ 2.30014855e+02  8.04567262e+01  2.55418342e+02  9.40095213e+01
  -2.29715823e-02]
 [ 2.37460815e+02  1.01774765e+02  2.64936463e+02  1.15550400e+02
  -3.45485535e-02]
 [ 2.44886551e+02  1.24970970e+02  2.85150146e+02  1.37485504e+02
  -4.67135384e-02]
 [ 8.85404205e+00  3.41321030e+01  4.60776939e+01  5.36878662e+01
   3.83609604e-04]
 [ 8.88976288e+00  6.47412949e+01  4.09174767e+01  7.75743332e+01
   1.90895190e-02]
 [ 8.92065037e+00  9.12062225e+01  3.47340585e+01  1.03849442e+02
   1.73758027e-02]
 [ 8.94790677e+00  1.14568848e+02  3.57654454e+01  1.30200684e+02
   1.56659393e-02]
 [ 8.98220869e+00  1.43961151e+02  3.78218151e+01  1.59541596e+02
   1.47468422e-02]
 [ 2.21231140e+02  2.65397369e+02  2.59228333e+02  2.80145050e+02
   1.63525409e-02]
 [ 2.18327678e+02  2.83990600e+02  2.47582479e+02  2.98831299e+02
   2.28594568e-02]
 [ 7.85772018e+01  2.84161606e+01  1.26777855e+02  3.39749603e+01
  -3.68785216e-01]
 [ 8.37471237e+01  5.84062462e+01  1.39642618e+02  6.14697552e+01
  -3.15376329e-01]
 [ 8.85807840e+01  8.49639804e+01  1.34039642e+02  9.38350449e+01
  -3.08420165e-01]
 [ 1.03903526e+02  1.08148576e+02  1.35651620e+02  1.24543227e+02
  -1.95812998e-01]
 [ 9.84342117e+01  1.42079058e+02  1.47192421e+02  1.50900587e+02
  -2.25493320e-01]
 [ 1.33109370e+02  4.68542982e+01  1.70051427e+02  1.04755472e+01
  -1.00551955e+00]
 [ 1.39685100e+02  8.06608330e+01  1.74748799e+02  5.40332741e+01
  -9.33607791e-01]
 [ 1.46387065e+02  1.14098996e+02  1.85843922e+02  8.95169858e+01
  -8.51293451e-01]
 [ 5.23797045e+01  3.90587738e+02  1.03515910e+02  4.02901275e+02
  -5.98081417e-02]
 [ 6.72367630e+01  4.19314056e+02  9.56999893e+01  4.26013824e+02
  -3.21056264e-01]
 [ 4.09272461e+01  1.60600830e+02  7.97847824e+01  1.86246277e+02
   1.20611362e-02]
 [ 4.08968277e+01  1.99862396e+02  7.66488571e+01  2.25313324e+02
   9.51342917e-03]
 [ 9.05001831e+00  4.01733063e+02  4.85214272e+01  4.24444000e+02
  -1.03779308e-01]]