[[ 3.95213989e+02  2.97800446e+01  4.18346436e+02  6.91528168e+01
   1.59927947e-02]
 [ 4.47395221e+02  3.01445159e+01  5.00449261e+02  6.99909212e+01
   1.15058752e-02]
 [ 5.24398132e+02  3.04094772e+01  5.49151184e+02  7.05513229e+01
   7.82909983e-03]
 [ 1.97539017e+02  9.09128475e+00  2.48355057e+02  2.59499435e+01
  -6.19638590e-03]
 [ 2.62358856e+02  8.96485424e+00  2.74976349e+02  2.57849922e+01
  -1.84581988e-02]
 [ 1.83940201e+02  3.27500916e+01  2.89440247e+02  5.17081375e+01
  -7.77348107e-03]
 [ 1.05774175e+02  2.69559671e+01  1.69330317e+02  5.50908469e+01
  -1.32302078e-02]]