[[ 1.43847595e+02  2.50735641e+02  2.00945892e+02  2.35630600e+02
  -4.91231682e-01]
 [ 1.54119827e+02  2.64294769e+02  2.15519669e+02  2.45246887e+02
  -5.02776870e-01]
 [ 2.64511910e+02  2.91503933e+02  3.20443473e+02  3.40567784e+02
   1.85755438e-01]
 [ 2.65029332e+02  2.15020966e+01  4.12176112e+02  5.12102523e+01
   5.71336066e-02]
 [ 4.28837646e+02  2.69019547e+01  5.17016174e+02  4.60149536e+01
   2.12692319e-02]
 [ 2.66429169e+02  4.76624374e+01  3.27935394e+02  6.65925217e+01
   6.26353087e-03]
 [ 3.45473216e+02  4.90195312e+01  4.23445729e+02  6.71653138e+01
   2.26104654e-03]
 [ 4.40103149e+02  5.03992920e+01  5.59318298e+02  6.80417480e+01
   6.26323523e-03]
 [ 1.16124664e+02  7.79937592e+01  1.26972397e+02  1.23791870e+02
   8.13892451e-01]
 [ 3.92543335e+02  9.67643738e-01  4.52251831e+02  2.60607872e+01
   6.74678294e-02]
 [ 4.63879454e+02  3.58856005e+00  5.17504396e+02  2.31225167e+01
   3.70565803e-02]
 [ 5.27731750e+02  7.13585281e+00  5.46743835e+02  2.37762909e+01
  -8.93876338e-03]
 [ 5.57400330e+02  8.40572929e+00  5.69605164e+02  2.48635120e+01
  -5.16492344e-03]]