[[ 2.76727173e+02  1.22407547e+02  3.50652954e+02  1.71731216e+02
   3.85229568e-01]
 [ 2.52552124e+02  1.49472504e+02  2.92640686e+02  1.91282196e+02
   4.02451368e-01]
 [ 1.65013687e+02  1.14311422e+02  2.70411499e+02  1.22865456e+02
  -6.34972457e-02]
 [ 1.54504178e+02  1.29471420e+02  2.34420748e+02  1.41470688e+02
  -5.91665003e-02]
 [ 4.91321766e+02  8.18042104e+01  5.68116860e+02  1.33687208e+02
   3.35608556e-01]
 [ 2.93579376e+02  5.50818634e+00  3.67267853e+02  5.56649780e+01
   9.71080938e-02]
 [ 1.92948279e+02  4.48171387e+01  2.53945153e+02  6.58181229e+01
   5.93501278e-04]
 [ 1.39794403e+02  3.41589432e+01  1.63215851e+02  5.24086380e+01
   6.19499384e-02]
 [ 4.71915649e+02  2.12469330e+01  5.50035782e+02  5.77624234e+01
   1.85060727e-01]
 [ 4.63377258e+02  5.69266739e+01  5.46567589e+02  9.64311951e+01
   2.00829819e-01]
 [ 3.84692230e+02  1.98724213e+01  3.93804413e+02  4.41997528e+01
   7.20269921e-03]
 [ 4.01613159e+02  2.04918747e+01  4.28164795e+02  4.72232132e+01
   4.01572383e-02]
 [ 1.84267605e+02  1.84146648e+01  2.31085056e+02  4.90609364e+01
   1.10380028e-01]]