[[ 4.41118164e+01  2.88535126e+02  9.13906250e+01  3.21509613e+02
   1.74377586e-01]
 [ 1.10142221e+02  2.91446837e+02  1.68721579e+02  3.18536074e+02
   8.25934672e-02]
 [ 3.58132858e+01  3.19618408e+02  1.27047005e+02  3.46916443e+02
   3.83947152e-02]
 [ 1.42852715e+02  3.24588043e+02  2.81983894e+02  3.52868195e+02
   3.83953947e-02]
 [ 4.04831965e+02  2.77300231e+02  4.46092107e+02  2.93879578e+02
   1.49346679e-02]
 [ 3.35278305e+02  2.88803436e+02  5.05711868e+02  3.98353363e+02
  -4.24709535e-03]
 [ 3.36432556e+02  1.37260406e+02  5.56328438e+02  1.94369934e+02
   3.44525953e-03]
 [ 1.70883270e+02  2.77573761e+02  2.87698273e+02  3.25080048e+02
   3.42085279e-02]
 [ 2.29220038e+02  1.99656697e+01  3.62022271e+02  7.54924468e+01
  -3.82153843e-03]]