[[ 9.14220123e+01  4.07536865e+02  1.11435638e+02  4.48772461e+02
   3.80535132e-01]
 [ 8.82937247e+00  8.86100535e+01  1.55847337e+02  1.77830460e+02
   3.27978338e-01]
 [ 3.95017352e+00  1.56401289e+02  1.48807890e+02  2.32233692e+02
   2.96928528e-01]
 [ 3.92278993e+00  2.12741361e+02  1.17880855e+02  2.73179782e+02
   2.71293202e-01]
 [ 3.41413857e+00  2.57453339e+02  8.50184479e+01  2.99410919e+02
   2.50626087e-01]
 [ 3.53878784e+00  2.92763245e+02  1.48559603e+02  3.53141114e+02
   2.66906408e-01]
 [ 1.60673981e+01  3.89527008e+02  8.78250732e+01  4.17652252e+02
   4.70999528e-02]
 [ 3.49452279e+02  3.90246126e+02  4.02110649e+02  4.14626615e+02
  -9.79875463e-02]
 [ 3.41778533e+02  4.35383915e+02  4.00529817e+02  4.56775143e+02
  -1.08922820e-01]
 [ 4.13419617e+02  5.05600510e+01  4.44886292e+02  6.55501938e+01
  -9.91397886e-02]
 [ 4.59887119e+02  4.59369953e+01  5.12906644e+02  5.98176662e+01
  -9.83912104e-02]
 [ 3.72181517e+02  8.55924455e+01  4.97252137e+02  9.48732680e+01
  -7.37680139e-02]
 [ 5.15602442e+02  7.84542190e+01  5.59796728e+02  8.99943894e+01
  -8.47009386e-02]
 [ 4.25559205e+02  1.12973421e+02  4.77185241e+02  1.31029921e+02
  -4.78102119e-02]
 [ 3.64687620e+02  1.47113861e+02  4.93061770e+02  1.67168793e+02
  -2.04427048e-02]
 [ 5.13832920e+02  1.50116715e+02  5.52554897e+02  1.65719924e+02
  -3.25945409e-02]
 [ 4.92808605e+01  3.32615753e+02  1.06711788e+02  3.54080293e+02
   2.20339889e-01]
 [ 1.32919285e+02  3.47190610e+02  1.65995113e+02  3.66846865e+02
   2.16203036e-01]
 [ 4.70605237e+01  3.73316772e+02  1.03010231e+02  3.89045227e+02
  -2.74682219e-03]
 [ 4.25915113e+02  2.40850298e+02  5.19077594e+02  2.73627492e+02
  -1.28109329e-01]
 [ 5.62116516e+02  2.44160767e+02  5.93644348e+02  2.76731873e+02
   3.49239846e-02]]