[[ 1.02353621e+01  4.32982086e+02  1.58040486e+02  4.64699310e+02
  -7.04371930e-03]
 [ 4.19680481e+01  4.97842560e+02  1.32956329e+02  5.43956909e+02
  -1.12680363e-02]
 [ 1.34535828e+02  3.26346130e+02  2.07439606e+02  3.18309082e+02
  -3.02645801e-01]
 [ 2.54040680e+02  2.42030060e+02  2.97664703e+02  1.79662170e+02
  -1.18690200e+00]
 [ 2.67466214e+02  2.78903023e+02  3.04810275e+02  2.16454490e+02
  -1.23833862e+00]
 [ 1.20733564e+02  7.48619769e+00  1.66284073e+02  4.70730247e+01
   2.71598552e-01]
 [ 1.79450699e+02  2.59777813e+01  1.89865402e+02  5.36399556e+01
   3.02684145e-02]
 [ 3.17598190e+01  1.69247856e+01  6.58794632e+01  5.48439369e+01
   2.45293750e-01]
 [ 8.15798837e+01  3.63902121e+01  1.12426784e+02  6.64963541e+01
   2.45293834e-01]
 [ 1.25983666e+02  4.26356107e+01  1.62066017e+02  7.89227847e+01
   2.45293889e-01]
 [ 1.76443939e+02  5.67933807e+01  2.12698669e+02  9.15978851e+01
   2.45293586e-01]
 [ 3.06805725e+01  5.39783325e+01  1.28150787e+02  1.04694992e+02
   2.18414188e-01]
 [ 1.42593399e+02  8.11127319e+01  2.04061661e+02  1.21543762e+02
   2.18413933e-01]
 [ 2.15444321e+02  9.86210785e+01  2.37616867e+02  1.28991501e+02
   2.44028888e-02]
 [ 8.82861176e+01  1.04147903e+02  1.97228592e+02  1.52599686e+02
   1.90980890e-01]
 [ 1.28813832e+02  1.47471312e+02  1.75782139e+02  1.81918702e+02
   1.63019197e-01]
 [ 1.46886139e+01  2.73584412e+02  2.24288040e+02  3.00113159e+02
  -2.47387026e-02]
 [ 1.90177947e+02  3.48274536e+02  2.36763551e+02  3.77039856e+02
   4.47557362e-02]]