[[5.16562842e+02 1.80903818e+02 5.77716577e+02 2.08151846e+02
  2.16414502e-01]
 [5.17665710e+02 2.01976074e+02 5.68783752e+02 2.29237213e+02
  2.23512663e-01]
 [5.19744019e+02 2.21366302e+02 5.69850830e+02 2.44839142e+02
  2.38728866e-01]
 [3.86984690e+02 1.78378324e+02 4.79651114e+02 2.27504794e+02
  1.19090197e-01]
 [1.43616832e+02 1.37031982e+02 1.70874928e+02 1.55228211e+02
  6.95148474e-02]
 [1.43625671e+02 1.69548492e+02 1.75422546e+02 1.83910950e+02
  7.40678793e-02]
 [5.21628601e+02 1.60541519e+02 5.82478577e+02 1.87729691e+02
  1.60770678e-01]
 [4.03627732e+02 1.52474974e+02 4.66197952e+02 1.89009920e+02
  9.74512083e-02]]