[[ 3.01955261e+01  5.31310669e+02  5.25820618e+01  5.49701294e+02
   1.62800332e-02]
 [ 6.18539886e+01  5.37677368e+02  1.02837006e+02  5.51832642e+02
  -1.34550182e-01]
 [ 1.13740979e+02  5.32670959e+02  1.50090328e+02  5.50895691e+02
   1.62751482e-02]
 [ 2.53556274e+02  5.50529846e+02  2.94396484e+02  5.66961487e+02
  -9.58833937e-02]
 [ 1.31407005e+02  5.50507812e+02  2.20393349e+02  5.93140503e+02
   1.12398362e-02]
 [ 3.89024091e+01  1.32801991e+01  1.93439891e+02  1.27643888e+02
   4.77824469e-01]
 [ 1.91976929e+01  4.21190033e+01  1.76123551e+02  1.69581039e+02
   4.75396469e-01]]