[[ 8.16583557e+01  5.38700195e+02  1.87340363e+02  5.92158325e+02
   4.14583919e-04]
 [ 2.42897857e+02  5.44371827e+02  2.98431366e+02  5.66266845e+02
  -1.76701169e-02]
 [ 1.66377655e+02  2.49311615e+02  2.00855774e+02  2.75252777e+02
   2.08908071e-01]
 [ 1.59202212e+02  2.73428280e+02  1.57724394e+02  2.98991886e+02
   5.63630923e-01]
 [ 1.83476028e+02  2.73874603e+02  1.83307846e+02  2.99386688e+02
   5.66565606e-01]
 [ 3.08704699e+02  5.73377197e+02  3.88257582e+02  5.93937988e+02
  -9.22464327e-03]
 [ 1.44911835e+02  2.57228424e+02  1.76069855e+02  2.83311066e+02
   2.39299763e-01]]