[[ 4.07056213e+02  1.20007599e+02  5.79349182e+02  1.91186493e+02
   5.21370358e-02]
 [ 3.96045837e+02  2.32181183e+02  5.16182320e+02  3.38083284e+02
   1.50000240e-01]
 [ 1.02295258e+02  3.09407959e+01  1.89108643e+02  1.65064545e+02
   6.15700735e-01]
 [ 8.13526832e+01  1.25672756e+02  2.23630535e+02  2.67009771e+02
   4.43533303e-01]
 [ 3.43771729e+02  1.39702940e+01  4.43160339e+02  5.71650505e+01
  -3.56401552e-02]
 [ 3.27772689e+02  8.26032252e+01  4.34086136e+02  1.40760544e+02
   3.38217807e-02]]