[[ 2.53436280e+02  3.01130135e+02  2.63791259e+02  3.23885185e+02
   1.52877012e-02]
 [ 3.79917815e+02  3.09574219e+02  4.17831331e+02  3.24402221e+02
  -1.69353751e-01]
 [ 4.25853607e+02  3.02090942e+02  5.01010590e+02  3.23190796e+02
   4.56715603e-03]
 [ 5.11260742e+02  3.06054413e+02  5.42380005e+02  3.23379669e+02
   4.56815253e-03]
 [ 6.89643707e+01  1.62528992e+00  1.48751587e+02  5.39089050e+01
   4.25455219e-01]
 [ 5.67809384e+01  2.78073932e+01  1.31250254e+02  7.75145076e+01
   4.02300109e-01]
 [ 4.28570709e+01  5.73825836e+01  1.43746475e+02  1.17479828e+02
   3.76033307e-01]
 [ 4.12499341e+02  5.35572436e+01  5.03862475e+02  9.91367109e+01
  -1.46884333e-02]
 [ 4.09589539e+02  1.25521332e+02  4.83395447e+02  1.71339691e+02
  -5.42967835e-03]
 [ 2.69740932e+01  2.78730560e+02  1.03573976e+02  2.92867401e+02
  -2.04596424e-02]
 [ 3.63871774e+02  2.55898682e+02  5.96203025e+02  2.86421020e+02
  -8.29587309e-03]
 [ 2.52347854e+02  2.80579770e+02  2.88441406e+02  2.95284607e+02
  -1.97752990e-01]
 [ 2.56958038e+02  3.08088867e+02  2.76608673e+02  3.37073792e+02
   1.38014644e-02]
 [ 6.21896946e+01  1.08327636e+02  1.65780029e+02  1.69926910e+02
   3.30585646e-01]
 [ 3.27960499e+02  7.98368302e+01  4.46749828e+02  1.53420502e+02
  -5.02175775e-03]
 [ 3.55153792e+02  1.88289566e+02  5.31111711e+02  2.45933731e+02
  -7.11890687e-03]]