[[ 1.42821503e+02  3.41306190e+01  2.17290894e+02  5.83083611e+01
   2.71811270e-02]
 [ 2.39217878e+02  3.61212997e+01  2.66194153e+02  5.25402374e+01
  -1.69980522e-03]
 [ 2.85608279e+02  3.51387521e+01  3.50570859e+02  5.22992057e+01
  -2.57646699e-03]
 [ 3.69238738e+02  3.86047592e+01  3.85344881e+02  5.22096100e+01
  -2.57635953e-03]
 [ 4.01647916e+02  3.50034370e+01  5.41254519e+02  5.63607826e+01
  -2.82299298e-03]
 [ 3.20627472e+02  3.49674469e+02  3.93413055e+02  3.80944366e+02
   1.38735933e-02]
 [ 9.54000092e+01  2.65716400e+02  1.77453171e+02  3.13403290e+02
   3.30063392e-02]
 [ 9.26712799e+01  3.30458038e+02  1.80141129e+02  3.85827423e+02
   8.40374575e-02]
 [ 3.99860687e+02  2.73214752e+02  4.57815643e+02  2.96326141e+02
   2.41405609e-02]
 [ 3.63573523e+02  1.19911179e+02  4.39228906e+02  1.52369674e+02
  -7.97616213e-03]
 [ 4.65621722e+02  1.10436089e+02  5.41554578e+02  1.51553497e+02
  -7.97617410e-03]
 [ 4.64898926e+02  2.77077240e+02  5.70601563e+02  3.09665131e+02
   8.48366373e-03]
 [ 4.67810856e+02  3.21142790e+02  5.13642574e+02  3.51213106e+02
   3.37885895e-02]
 [ 5.34665344e+02  3.22339081e+02  5.87358826e+02  3.53404144e+02
   1.62033588e-02]
 [ 4.71558716e+02  3.67984863e+02  5.40556335e+02  3.98707825e+02
   4.50157603e-02]
 [ 1.84612000e+02  3.11098877e+02  2.90845062e+02  3.56690491e+02
   3.61903282e-02]]