[[ 8.52036972e+01  9.13835602e+01  1.51886139e+02  9.39198151e+01
  -4.14907435e-01]
 [ 1.01212639e+02  1.28917770e+02  1.47538971e+02  1.43959702e+02
  -2.32351850e-01]
 [ 5.83843532e+00  1.07410248e+02  7.98734611e+01  1.36943039e+02
   1.52718000e-02]
 [ 6.94985482e+00  1.57085159e+02  6.34399767e+01  1.82055008e+02
   1.38943347e-02]
 [ 4.92371368e+00  1.96437515e+02  9.19239044e+01  2.26458664e+02
   9.44912494e-03]
 [ 7.97283936e+01  1.43867817e+01  1.18607437e+02  1.53998585e+01
  -3.66462500e-01]
 [ 8.28660431e+01  4.73444519e+01  1.40549515e+02  4.78160095e+01
  -3.28138458e-01]
 [ 3.22472255e+02  5.03764339e+02  3.47755040e+02  5.28057073e+02
   1.34952047e-01]
 [ 6.74704361e+00  7.49186516e+00  5.12446709e+01  2.99641743e+01
   2.21963908e-02]
 [ 6.83466800e+00  4.32985153e+01  4.71034767e+01  6.55011521e+01
   1.98814436e-02]
 [ 6.84299509e+00  8.40482406e+01  4.60418020e+01  1.02019234e+02
   1.75073626e-02]
 [ 3.07747314e+02  3.59767395e+02  3.65572937e+02  3.36851379e+02
  -6.79682392e-01]
 [ 3.16281552e+02  3.92160159e+02  3.57536197e+02  3.79238218e+02
  -6.98492810e-01]
 [ 3.24516933e+02  4.20682041e+02  3.71357579e+02  3.99829739e+02
  -7.05334243e-01]]