[[ 1.02196739e+02  6.83778534e+01  2.55252625e+02  1.06396042e+02
  -8.40361817e-02]
 [ 1.09908539e+02  1.68496841e+02  2.84347656e+02  1.80207138e+02
  -1.45867516e-01]
 [ 7.73086395e+01  2.60611847e+02  1.63596451e+02  2.68957550e+02
  -1.80049123e-01]
 [ 1.90397736e+02  2.30314255e+02  2.98224945e+02  2.40781204e+02
  -1.96398454e-01]
 [ 4.37361733e+02  2.95307251e+02  5.36888633e+02  3.20234253e+02
   1.26439945e-02]
 [ 4.76542450e+02  1.94335358e+02  5.10527152e+02  2.21732913e+02
   1.40035801e-01]
 [ 5.47501387e+02  2.10439329e+02  5.74907793e+02  2.30807864e+02
   1.40034892e-01]
 [ 4.75514404e+02  2.32822571e+02  5.32957520e+02  2.62457458e+02
   1.63197647e-01]
 [ 2.23991207e+02  1.59722310e+01  3.26613163e+02  3.82904434e+01
  -1.13687488e-02]
 [ 3.37808990e+02  1.65457230e+01  3.91671051e+02  4.00879440e+01
  -3.48103864e-02]
 [ 4.06849518e+02  1.44847488e+01  4.20393829e+02  3.84060135e+01
   2.15753268e-01]
 [ 2.23979936e+02  5.10750112e+01  2.86390059e+02  8.08712473e+01
   7.04549855e-02]
 [ 3.07740112e+02  5.16171341e+01  3.30234253e+02  7.46371536e+01
   1.22462805e-01]
 [ 3.44761963e+02  5.29121933e+01  3.78269775e+02  6.82803116e+01
  -5.94471162e-02]
 [ 3.31797634e+02  1.01701537e+02  3.60073154e+02  1.47531526e+02
   3.92664836e-01]
 [ 4.91640442e+02  1.07018799e+02  5.74502768e+02  1.47156160e+02
   8.93130262e-02]
 [ 4.86370153e+02  1.63199155e+02  5.83353266e+02  2.03268592e+02
   1.22765836e-01]
 [ 4.81703479e+02  2.11183271e+02  5.93651898e+02  2.53037101e+02
   1.51688837e-01]]