[[ 2.75764771e+01  5.69530151e+02  1.13034668e+02  5.94723511e+02
   2.82933165e-02]
 [ 4.72275283e+01  3.74549636e+01  1.33910617e+02  7.18325043e+01
   1.07381428e-02]
 [ 1.57114792e+02  4.27461472e+01  2.39912338e+02  7.90129166e+01
   1.04410673e-02]
 [ 4.63941112e+01  1.03413055e+02  1.10741433e+02  1.33434265e+02
   9.15406423e-03]
 [ 1.33046450e+02  9.41274413e+01  1.85779264e+02  1.27887940e+02
   8.01615807e-03]
 [ 2.11891276e+02  9.88816833e+01  2.48179799e+02  1.28388123e+02
   8.01511945e-03]
 [ 5.07789591e+01  1.53624741e+02  1.54707499e+02  1.91692093e+02
  -4.25271072e-03]
 [ 3.41513737e+00  5.74128153e+02  5.28144197e+01  5.92235373e+02
  -8.41877087e-01]
 [ 3.38855750e+02  9.84046142e+00  3.57790734e+02  2.81518863e+01
   1.30181163e-02]
 [ 3.72661868e+02  1.03107677e+01  4.14227048e+02  3.29065022e+01
   1.39110309e-02]
 [ 4.30071192e+02  1.11094379e+01  4.75360265e+02  3.06791173e+01
   1.29687628e-02]
 [ 2.53917780e+02  3.38520393e+01  3.83578573e+02  5.76243632e+01
   1.26712018e-02]
 [ 3.99454865e+02  3.56962662e+01  4.69482147e+02  5.45204010e+01
   1.17788695e-02]]