[[ 9.57345886e+01  4.56548218e+02  5.03624298e+02  5.21476257e+02
   3.59448581e-03]
 [ 1.41276334e+01  4.14754678e+01  1.78133887e+02  1.15653000e+02
  -1.42972032e-02]
 [ 1.09497574e+02  2.04600800e+02  1.99950424e+02  2.52161926e+02
   6.80823432e-02]
 [ 1.08718113e+02  2.85167847e+02  2.06878391e+02  3.16660278e+02
  -1.17991260e-01]
 [ 3.69053619e+02  5.64983093e+02  4.53070465e+02  5.90528503e+02
   2.03865175e-03]
 [ 4.27666077e+02 -2.42680359e+00  5.92927856e+02  1.42483521e+02
   1.37831617e-01]
 [ 6.57770830e+01  4.20131378e+02  2.06799149e+02  4.45004547e+02
   2.61294781e-02]
 [ 2.25412659e+02  4.24212219e+02  2.97369202e+02  4.44988220e+02
   1.66449482e-02]
 [ 3.24518280e+01  2.48342361e+02  1.69039963e+02  2.83113953e+02
  -5.65424938e-02]
 [ 3.14431752e+01  3.19785340e+02  1.58162358e+02  3.54737426e+02
  -1.02179459e-01]
 [ 2.22439927e+02  5.75624357e+00  2.72482666e+02  3.89812584e+01
   7.72560533e-02]
 [ 2.94589203e+02  6.85027313e+00  3.92901276e+02  4.88392181e+01
   5.16384424e-02]]