[[ 1.23994888e+02  2.67083496e+02  2.53088669e+02  3.62381104e+02
   7.40831147e-02]
 [ 3.06499880e+02  3.20520172e+02  3.57032652e+02  3.45919465e+02
   1.74949871e-02]
 [ 3.76295790e+02  3.21491241e+02  4.29379748e+02  3.48364838e+02
   3.37874991e-02]
 [ 4.50293793e+02  3.29245056e+02  4.70511200e+02  3.49755188e+02
  -5.07009566e-02]
 [ 3.05208740e+02  3.54483704e+02  3.90567993e+02  3.84925964e+02
   5.83747920e-02]
 [ 4.14343506e+02  3.59017090e+02  5.07535706e+02  3.91761719e+02
   5.83748520e-02]
 [ 3.88019897e+02  2.73196228e+02  4.12903320e+02  2.84300781e+02
   1.29196757e-02]
 [ 4.29079681e+02  2.73726715e+02  4.60670746e+02  2.85184052e+02
   1.29184275e-02]
 [ 1.17881845e+01  4.95769167e+00  1.97471200e+02  7.46212387e+01
  -3.93220597e-05]
 [ 2.61785431e+02  2.26063976e+01  3.59852936e+02  7.36206512e+01
  -3.72065986e-03]
 [ 2.91281891e+01  2.95129944e+02  9.57008057e+01  3.70682739e+02
   2.42480129e-01]
 [ 4.58261963e+02  3.00507263e+02  5.89067383e+02  3.57190369e+02
   3.37195742e-03]
 [ 3.40057343e+02  4.59221077e+01  6.06023193e+02  1.24732773e+02
  -2.23361411e-03]
 [ 3.55598755e+02  1.57137558e+02  5.12330322e+02  2.24658035e+02
  -8.19573692e-03]]