[[ 2.58888062e+02  1.28446777e+02  3.08429203e+02  1.83222750e+02
   4.61120128e-01]
 [ 3.31172150e+02  1.01051750e+01  3.89509125e+02  4.96496582e+01
   1.10086832e-02]
 [ 1.74956031e+02  3.90021639e+01  2.49558159e+02  5.89980803e+01
  -1.15780080e-01]
 [ 3.56829197e+02  7.57582492e+01  3.67210781e+02  1.43209143e+02
   5.66465910e-01]
 [ 2.91162262e+02  1.34487122e+02  3.05629669e+02  1.51343353e+02
   3.93073526e-01]
 [ 3.24875000e+02  1.45020950e+02  3.71352783e+02  1.78595688e+02
   3.93074878e-01]
 [ 3.33700043e+02  6.66513824e+01  3.82788910e+02  9.56109161e+01
   7.88262289e-02]]