[[ 1.97624824e+02  3.60035279e+02  2.29833733e+02  3.81710388e+02
  -2.65463308e-02]
 [ 3.98954323e+01  2.90443543e+02  1.47964091e+02  3.17512512e+02
  -2.71506934e-03]
 [ 2.93732240e+01  3.46896362e+02  1.01966345e+02  3.92284668e+02
  -5.53227314e-03]
 [ 1.84172419e+01  4.42971466e+02  1.28216431e+02  4.78828522e+02
  -8.80590021e-03]
 [ 2.95382690e+01  8.99205780e+00  9.68741608e+01  4.11923370e+01
   2.71598594e-01]
 [ 1.11377760e+02  2.77297587e+01  1.82440935e+02  6.34398504e+01
   2.62021424e-01]
 [ 1.94196960e+02  5.06917572e+01  2.34041290e+02  7.72784119e+01
   2.62021642e-01]
 [ 1.90964421e+01  4.75436584e+02  1.36441247e+02  5.13416077e+02
   4.59123700e-03]
 [ 8.58255005e+00  5.42883728e+02  1.47508105e+02  5.93034485e+02
   4.53692529e-02]]