[[ 4.53347361e+02  2.97317048e+02  5.41952718e+02  3.16829436e+02
  -6.15445398e-02]
 [ 4.62979366e+02  1.94792907e+02  5.47770879e+02  2.45140259e+02
   1.51149208e-01]
 [ 4.58540278e+02  2.45441772e+02  5.29530309e+02  2.81871222e+02
   1.60126989e-01]
 [ 3.11235364e+02  1.02477421e+02  3.20565539e+02  1.36967693e+02
   5.56873383e-01]
 [ 5.67942657e+01  3.73880157e+01  3.78743713e+02  8.17536163e+01
  -8.14710894e-02]
 [ 4.77182962e+02  2.95034313e+01  5.76921897e+02  7.31326848e+01
   9.05203020e-02]
 [ 2.40783905e+02  2.37229370e+02  4.03149628e+02  2.40956451e+02
  -2.14772510e-01]]