[[ 3.45883240e+02  3.43580811e+02  4.16446045e+02  3.87283203e+02
   3.24759582e-02]
 [ 4.48615112e+02  3.58485168e+02  5.32476868e+02  3.98777100e+02
   3.97168460e-02]
 [ 3.90940807e+02  2.75989257e+02  4.44001759e+02  2.94975281e+02
   2.36234750e-02]
 [ 1.66961212e+01  2.67557861e+02  2.22473358e+02  3.45899719e+02
   3.06120220e-02]
 [ 2.32303095e+02  1.21258697e+01  3.40652777e+02  6.10694886e+01
   9.61604018e-03]
 [ 3.89638580e+02  2.45007380e+01  5.65501343e+02  5.90316620e+01
  -3.44889055e-02]
 [ 4.15522888e+02  3.00363129e+02  5.35688904e+02  3.37638519e+02
   3.37215853e-03]
 [ 1.35060211e+02  3.39624084e+02  1.42313690e+02  3.76243286e+02
   1.00885765e-01]
 [ 1.73242368e+02  3.48415771e+02  2.36005832e+02  3.79610535e+02
   4.26887086e-02]
 [ 8.55095215e+01  3.00314350e+01  1.64501923e+02  5.27786484e+01
  -2.57629426e-03]]