[[ 2.84294830e+02  5.41595993e+01  3.56577728e+02  7.66122208e+01
   1.52827863e-04]
 [ 3.72647766e+02  5.49286270e+01  4.14765747e+02  8.09482803e+01
   1.37543011e-02]
 [ 2.86573853e+02  9.81850967e+01  3.29137939e+02  1.14166145e+02
  -2.27749028e-02]
 [ 1.26745193e+02  7.18896179e+01  1.33089523e+02  1.18538086e+02
   8.36317459e-01]
 [ 2.67278168e+02  2.92661316e+02  3.20426727e+02  3.76677368e+02
   2.73408508e-01]
 [ 3.08504398e+02 -5.75740132e+00  4.16802975e+02  3.08357895e+01
   1.00007407e-01]
 [ 4.30735657e+02  3.98096657e+00  4.64933228e+02  2.53132935e+01
   3.43039487e-02]
 [ 4.78279602e+02  3.68456650e+00  5.18143738e+02  2.89698143e+01
   1.20808103e-01]
 [ 5.32039101e+02  7.19239711e+00  5.76114830e+02  3.73624048e+01
   2.05492543e-01]
 [ 2.91005086e+02  3.89119071e+01  3.39662394e+02  5.44749032e+01
   1.37540870e-02]
 [ 3.55838317e+02  3.40069132e+01  3.74510926e+02  6.03820180e+01
  -3.76284820e-02]
 [ 3.94389130e+02  3.09662781e+01  4.34581573e+02  6.42104416e+01
   2.15309155e-01]
 [ 4.50547668e+02  4.00000687e+01  5.11526550e+02  5.68389053e+01
   1.37538538e-02]
 [ 5.24953983e+02  3.82770103e+01  5.90348385e+02  6.37019020e+01
   2.67495702e-02]
 [ 4.71236145e+02  1.92038132e+02  4.96797729e+02  2.16442917e+02
   2.88989291e-02]]