[[ 5.32643780e+02  5.69406432e+02  5.77862445e+02  5.97113343e+02
   3.45057474e-02]
 [ 3.51416748e+02  2.32378006e+02  4.70925781e+02  2.51318069e+02
  -8.32535005e-02]
 [ 4.26021160e+02  8.45891424e+00  5.92620178e+02  6.37496338e+01
   7.85274526e-02]
 [ 3.80719781e+02  8.05511465e+01  5.92099707e+02  1.62632085e+02
   1.42182467e-01]
 [ 3.73356812e+02  5.63829224e+02  4.99994385e+02  5.92074463e+02
  -1.71829223e-02]
 [ 4.42788482e+02  1.82910652e+02  5.38745361e+02  1.95230698e+02
  -1.24032890e-01]
 [ 4.43473897e+02  2.53291568e+02  6.01631449e+02  2.74464658e+02
  -7.35661855e-02]
 [ 4.47356171e+02  3.49917999e+02  5.66212769e+02  3.91490082e+02
  -5.30174761e-03]
 [ 2.56739136e+02  2.59477310e+01  3.76646362e+02  1.04292915e+02
   2.16319657e-01]]