[[ 3.49637665e+02  5.64569153e+02  3.84567413e+02  5.80208801e+02
  -6.61083662e-03]
 [ 9.37611237e+01  2.22570648e+02  1.79776932e+02  2.38382050e+02
  -1.48263780e-01]
 [ 1.13015420e+02  4.18286896e+02  2.01026915e+02  4.46348297e+02
   8.73555529e-04]
 [ 2.00389481e+02  1.70452133e+02  2.43638168e+02  1.38258224e+02
  -9.93835228e-01]
 [ 2.02724965e+02  2.03993083e+02  2.52917979e+02  1.80170339e+02
  -7.89290052e-01]
 [ 3.81083038e+02  5.65229187e+02  4.17696503e+02  5.87174255e+02
   4.85579031e-02]
 [ 1.20808049e+02  2.36171833e+02  1.60318415e+02  2.54008251e+02
  -1.60638427e-01]
 [ 1.28421829e+02  2.71024933e+02  1.70877335e+02  2.89719879e+02
  -9.46862188e-02]
 [ 4.07609593e+01  4.43103088e+02  7.68893703e+01  4.58661865e+02
   8.24132722e-04]
 [ 8.51461809e+01  4.43139740e+02  1.13054991e+02  4.58703583e+02
   8.21917024e-04]
 [ 3.97469254e+01  4.72085571e+02  9.03414841e+01  4.86661621e+02
   1.49765292e-03]
 [ 9.75652544e+01  4.75271698e+02  1.18257149e+02  4.90850861e+02
   1.32016139e-03]
 [ 3.25447744e+01  4.98998108e+02  9.13989130e+01  5.14650147e+02
   1.92898051e-03]
 [ 9.96646652e+01  4.99114807e+02  1.27591789e+02  5.14720093e+02
   1.68999716e-03]]