[[ 5.17047302e+02  3.28291397e+01  5.90066956e+02  4.48794327e+01
  -1.34849476e-01]
 [ 5.16403922e+02  7.45447933e+01  5.82040536e+02  8.67101811e+01
  -1.21330681e-01]
 [ 5.18015625e+02  1.12367783e+02  5.86002930e+02  1.26780472e+02
  -1.07847528e-01]
 [ 3.13430664e+02  8.72587204e+00  3.45351440e+02  2.87502213e+01
  -1.01037381e-01]
 [ 3.44848907e+02  1.25332279e+01  3.58177582e+02  2.74498730e+01
  -2.39795655e-01]
 [ 5.23381496e+02  5.41771566e+01  5.67042210e+02  7.01314600e+01
  -5.99372311e-02]]