[[ 2.12976790e+01  5.24842834e+02  6.69127283e+01  5.38109802e+02
  -2.89042883e-04]
 [ 8.27768015e+01  5.24825074e+02  1.30342835e+02  5.40777709e+02
  -6.22607549e-02]
 [ 3.39693512e+02  3.02358551e+01  4.29439056e+02  5.32734146e+01
  -7.42735029e-02]
 [ 2.36582336e+02  2.71371490e+02  2.80827576e+02  2.96000885e+02
   2.16343668e-02]
 [ 3.67423477e+01  3.90471222e+02  8.37574692e+01  4.23038055e+02
  -1.61402823e-01]
 [ 1.00335453e+02  5.56543770e+01  1.40028545e+02  6.32044715e+01
  -3.33943064e-01]
 [ 1.07410439e+02  7.95273895e+01  1.39405986e+02  9.14097150e+01
  -2.86426330e-01]
 [ 1.10440277e+02  1.14752073e+02  1.47534790e+02  1.24996719e+02
  -2.71414724e-01]
 [ 3.39813477e+02  6.65457993e+01  4.11739075e+02  7.26646652e+01
  -1.40752870e-01]
 [ 3.39452576e+02  9.11148224e+01  3.75085327e+02  1.02729645e+02
  -1.25953911e-01]
 [ 3.84228648e+02  8.48910396e+01  4.21312490e+02  9.68761571e+01
  -1.25954507e-01]
 [ 6.82793873e+01  2.19068570e+01  1.18391099e+02  2.59539256e+01
  -3.79235761e-01]]