[[ 4.51087901e-01  4.04825012e+02  6.47459106e+01  4.20136597e+02
  -1.64284202e-01]
 [ 8.18660889e+01  3.82173950e+02  1.17169571e+02  4.10471924e+02
  -2.33351256e-02]
 [ 1.82730161e+00  7.16461343e+01  1.81531013e+02  1.15821914e+02
  -1.19547743e-01]
 [ 2.46930023e+02  9.22406158e+01  3.98050446e+02  6.91026917e+01
  -4.00330659e-01]
 [ 2.53464683e+02  1.36210773e+02  3.39162148e+02  1.33965588e+02
  -4.23741792e-01]
 [ 2.59256609e+01  2.54170073e+01  1.53639006e+02  7.71275178e+01
   1.05407888e-02]]