[[ 1.89977201e+02  1.96516451e+02  2.49299105e+02  1.66917906e+02
  -7.68087370e-01]
 [ 7.77395020e+01  2.53658844e+02  1.76626495e+02  2.75514862e+02
  -8.74570982e-02]
 [ 3.38310303e+02  5.62048889e+02  4.11074341e+02  5.85398743e+02
  -5.45352580e-03]
 [ 8.81079452e+01  2.22722855e+02  1.83980075e+02  2.45036361e+02
  -1.87080349e-01]
 [ 6.23369217e+01  3.19964203e+02  1.55366669e+02  3.71676788e+02
  -2.82815884e-04]
 [ 6.44666290e+01  3.89259735e+02  1.39927261e+02  4.41111481e+02
   7.91418960e-04]
 [ 2.32333832e+01  4.60649567e+02  1.29656723e+02  5.10574921e+02
   1.86744701e-03]
 [ 1.65826080e+02  4.58763916e+02  2.20839325e+02  5.10745117e+02
   1.06512285e-03]]