[[ 4.00424805e+02  8.34098358e+01  5.32414185e+02  1.15623642e+02
   4.52555462e-03]
 [ 3.94463623e+02  1.28966034e+02  5.44104126e+02  1.72067078e+02
   4.09828534e-02]
 [ 3.85924816e+02  1.83420470e+02  4.65423329e+02  2.27831087e+02
   8.10367747e-02]
 [ 3.77397156e+02  2.37354645e+02  5.62107971e+02  3.05334015e+02
   1.25097635e-01]
 [ 8.04128418e+01  3.00062958e+02  2.46814215e+02  3.50324921e+02
   9.15097048e-02]
 [ 2.63529877e+02  3.19275543e+02  2.78938751e+02  3.42022858e+02
   8.51823496e-02]
 [ 4.48374207e+02  6.62200546e+00  4.63735291e+02  4.06328354e+01
   1.18050219e-01]
 [ 4.82075600e+02  1.45440151e+01  5.21069603e+02  3.46470860e+01
  -4.85805794e-02]
 [ 5.36338196e+02  3.11644030e+00  5.93237610e+02  3.11383781e+01
  -4.85803785e-02]
 [ 4.76244476e+02  5.71490936e+01  5.30941334e+02  8.91305086e+01
  -1.27556193e-02]
 [ 8.60629120e+01 -3.46002197e+00  1.94826492e+02  1.31562759e+02
   6.14547541e-01]
 [ 6.44893289e+01  1.00068037e+02  1.67939599e+02  1.99364643e+02
   3.72316681e-01]
 [ 4.56383743e+01  2.03999939e+02  1.16458427e+02  3.04661346e+02
   1.93531685e-01]
 [ 1.59019913e+02  2.47246033e+02  2.52155423e+02  3.07051515e+02
   1.40385058e-01]]