[[ 8.37824560e+00  9.18684845e+01  1.43356390e+02  1.42701675e+02
   7.27396953e-03]
 [ 1.00840641e+01  2.02684418e+02  1.60133045e+02  2.80129212e+02
   4.30933059e-03]
 [ 1.10946808e+01  3.67795593e+02  1.76931671e+02  4.16279541e+02
  -6.12062039e-03]
 [ 6.12095631e+01 -1.18961473e-02  1.70212041e+02  2.57098084e+01
   1.30181939e-02]
 [ 1.98434500e+02  2.83256900e+00  2.72948914e+02  2.40272827e+01
   1.31669415e-02]
 [ 6.44197388e+01  3.24675560e+01  2.82031433e+02  5.65246086e+01
   1.26215160e-02]
 [ 6.46069126e+01  6.39771880e+01  1.81562979e+02  8.65531464e+01
   1.10850648e-02]
 [ 2.09772112e+02  6.56199187e+01  2.63101942e+02  8.73005525e+01
   1.00451402e-02]]