[[ 1.92292856e+02  5.72199706e+01  2.46468130e+02  7.91974031e+01
   2.04623896e-02]
 [ 1.90631925e+02  1.10282013e+02  2.44910708e+02  1.32026856e+02
   2.59054083e-02]
 [ 2.65566345e+02  4.44285660e+01  3.22251099e+02  7.54772263e+01
   2.68408480e-02]
 [ 7.99978333e+01  1.20437660e+01  1.37160065e+02  5.00823669e+01
   3.05840473e-01]
 [ 8.23195555e+01  4.69187160e+01  1.22351389e+02  7.67639012e+01
   2.44296061e-01]
 [ 2.51414963e+02  1.95960579e+01  3.49275085e+02  4.89740639e+01
  -9.41778074e-02]
 [ 5.45498886e+01  1.77162590e+01  8.16697617e+01  5.88864784e+01
  -3.57423349e-02]
 [ 5.85496787e+01  6.54079482e+01  8.55874940e+01  1.08367580e+02
  -3.57303764e-02]]