[[ 3.85162580e+02  2.65896820e+02  5.36750444e+02  2.84907989e+02
  -1.50207979e-02]
 [ 1.09276611e+02  3.21032486e+01  1.84976166e+02  9.00133362e+01
   4.10337193e-01]
 [ 9.92754822e+01  6.14808578e+01  1.73248505e+02  1.16655815e+02
   3.85807846e-01]
 [ 3.55236084e+02  2.87416833e+02  3.80060059e+02  3.32914710e+02
  -8.61126769e-03]
 [ 4.05160339e+02  2.98203491e+02  4.39749695e+02  3.32957703e+02
  -2.76160016e-02]
 [ 2.53907878e+01  2.53364502e+02  1.02569215e+02  2.69884583e+02
  -9.33200211e-05]
 [ 2.69565201e+01  2.74222900e+02  8.62070312e+01  2.92013123e+02
  -2.33589972e-03]
 [ 3.60193959e+02  1.90333801e+02  5.77235912e+02  2.36390473e+02
   3.25681331e-02]
 [ 1.93992097e+01  6.72824532e+01  1.56599633e+02  1.58271686e+02
   3.56576431e-01]
 [ 4.73715140e+02  3.00229553e+02  4.92487009e+02  3.09069031e+02
   1.00681097e-02]
 [ 5.05038739e+02  2.97460815e+02  5.30190265e+02  3.09448792e+02
   1.00740761e-02]
 [ 5.41587996e+02  2.96346310e+02  5.70438616e+02  3.15888187e+02
   1.82241266e-01]
 [ 4.74824723e+02  3.20879150e+02  5.00675094e+02  3.33001648e+02
   7.19891302e-04]
 [ 1.86606018e+02  2.85749512e+02  2.54896179e+02  3.29161804e+02
  -4.22989373e-01]
 [ 1.07779449e+02  2.53392593e+02  1.58190674e+02  2.70621094e+02
  -1.09946832e-03]
 [ 9.35424027e+01  2.86518738e+02  1.76047624e+02  3.05942566e+02
  -3.16120557e-03]
 [ 3.07685120e+02  1.25238022e+02  4.86893127e+02  1.74329056e+02
  -3.60040269e-02]]