[[ 5.62100820e+01 -7.52533548e-01  2.12660893e+02  1.59518130e+02
   5.09722817e-01]
 [ 3.03511072e+01  1.24655118e+02  1.75530604e+02  2.77508730e+02
   2.08486248e-01]
 [ 3.58461578e+02  5.23467560e+01  4.60468109e+02  6.24921265e+01
  -4.13944678e-02]
 [ 3.51919332e+02  8.01173556e+01  3.79526407e+02  9.32512052e+01
  -2.10989657e-02]
 [ 3.90574838e+02  7.83896411e+01  4.39936271e+02  9.27310102e+01
  -1.10635294e-02]
 [ 3.60983459e+02  1.07352882e+02  4.33487854e+02  1.23705315e+02
   1.04684119e-02]
 [ 1.92818518e+02  1.89820339e+02  2.21203515e+02  2.26137547e+02
   4.17874183e-01]
 [ 2.31838044e+02  2.07145992e+02  2.47680999e+02  2.35966618e+02
   1.05010283e-01]
 [ 2.56292755e+02  2.18004517e+02  2.61660736e+02  2.38569733e+02
   9.27837315e-02]
 [ 2.69255402e+02  2.23760239e+02  2.81441620e+02  2.46117874e+02
   8.63419692e-02]
 [ 2.23603701e+02  2.38807399e+02  2.48596403e+02  2.68692113e+02
   3.24831611e-01]
 [ 2.57339265e+02  2.50168204e+02  2.63209625e+02  2.71726509e+02
   9.08809317e-02]
 [ 2.42818727e+02  2.78879227e+02  2.56012724e+02  3.01565781e+02
   9.64099106e-02]
 [ 1.55760223e+02  3.02480103e+02  1.81287170e+02  3.33146362e+02
   1.18327692e-01]
 [ 1.94368317e+02  3.07069885e+02  2.14277618e+02  3.33338257e+02
   1.17315491e-01]
 [ 2.25027666e+02  3.10714748e+02  2.54851835e+02  3.36553744e+02
   1.03134535e-01]
 [ 2.63242747e+02  3.15257900e+02  2.81583058e+02  3.36679173e+02
   8.54690778e-02]
 [ 2.88885469e+02  3.18306380e+02  2.92785979e+02  3.35619462e+02
   7.36283486e-02]
 [ 4.47121039e+02  7.40236972e+01  5.21455224e+02  9.18290708e+01
  -1.10638462e-02]
 [ 4.40868652e+02  1.13116974e+02  5.02776489e+02  1.54968353e+02
   3.07569629e-02]
 [ 4.34432465e+02  1.91149445e+02  4.97664276e+02  2.25102600e+02
   7.58147083e-02]
 [ 3.98119476e+02  2.42258362e+02  4.95509918e+02  3.04145081e+02
   1.29820216e-01]]