[[ 2.55342178e+01  3.70559296e+02  6.83358536e+01  3.85411530e+02
  -8.97361261e-02]
 [ 8.81575468e+01  3.85948251e+02  9.96970370e+01  4.17163931e+02
  -1.09437733e-02]
 [ 8.79336545e+01  4.33456360e+02  1.05056992e+02  4.67940064e+02
  -1.02887845e-02]
 [ 1.70414717e+02  1.04528122e+02  2.23345811e+02  1.26147416e+02
   2.53564983e-02]
 [ 9.40090787e+01  4.06996928e+02  1.00936493e+02  4.34709920e+02
  -1.60123450e-02]
 [ 1.04626037e+02  3.94087239e+02  1.16316193e+02  4.26029765e+02
  -2.58839311e-02]
 [ 6.02117909e+01  1.91614211e+02  1.13392579e+02  2.51021531e+02
   5.99369384e-01]
 [ 6.26500320e+01  2.29371582e+02  1.03921349e+02  2.80816987e+02
   6.10335630e-01]]