[[ 2.35506184e+02  2.29637784e+02  3.46470439e+02  3.06823032e+02
   2.86871250e-01]
 [ 2.21391448e+02  2.95874573e+02  3.37001144e+02  3.62263615e+02
   3.00712166e-01]
 [ 2.12848663e+02  3.41818695e+02  3.21251617e+02  4.00807648e+02
   3.10998794e-01]
 [ 2.08369293e+02  3.78373352e+02  3.46656952e+02  4.42933777e+02
   3.18943600e-01]
 [ 2.03109712e+02  4.05254908e+02  2.55106963e+02  4.40517919e+02
   3.54504161e-01]
 [ 1.77668961e+02  1.13888306e+02  2.46777725e+02  1.38044281e+02
  -1.31684539e-02]
 [ 1.29536835e+02  2.31882813e+02  1.48108917e+02  2.85292114e+02
   8.65354595e-01]
 [ 1.81080840e+02  6.12991557e+01  2.45742463e+02  1.12741784e+02
   2.88601648e-02]]