[[ 3.44343434e+02  3.06424575e+01  4.12901988e+02  4.49373765e+01
  -1.35922431e-01]
 [ 1.60106491e+02  2.47436867e+01  1.78558060e+02  3.70407219e+01
   1.11097254e-01]
 [ 1.98341400e+02  1.06655121e+01  3.06604187e+02  7.33835678e+01
   2.14866624e-01]
 [ 3.46318629e+02  6.19346318e+01  4.39925146e+02  7.88559413e+01
  -8.76023015e-02]
 [ 1.35436591e+02  8.10955040e+01  1.74116998e+02  1.04518204e+02
   8.21357382e-02]
 [ 2.05475647e+02  8.56951752e+01  2.46018280e+02  1.09807037e+02
   8.28592202e-02]
 [ 1.32297443e+02  1.20076385e+02  2.69646332e+02  1.43628571e+02
   2.37121714e-02]
 [ 2.95196603e+02  1.24406369e+02  3.24577079e+02  1.46320712e+02
   1.35304412e-01]
 [ 3.84877188e+02  2.22055785e+02  4.72968087e+02  2.49183961e+02
   8.51880191e-02]]