[[ 2.69961273e+02  4.57943115e+02  3.30137299e+02  4.77896790e+02
  -5.12222987e-02]
 [ 1.01900851e+01  5.42747742e+02  1.01461963e+02  5.85264099e+02
   6.72117667e-03]
 [ 3.65984351e+02  4.58071930e+02  4.19909570e+02  4.75535309e+02
  -5.45279677e-03]
 [ 1.12892479e+02  5.03938690e+02  1.77752350e+02  5.18136719e+02
  -6.99183719e-02]
 [ 5.66178062e+01  4.76791902e+02  1.35114894e+02  4.94220489e+02
  -8.64228183e-02]
 [ 8.25309599e+01  5.46480834e+02  1.72260605e+02  5.55470093e+02
  -1.39188739e-01]
 [ 3.09220418e+01  5.07954132e+02  1.01225089e+02  5.27979980e+02
  -4.97303547e-02]]