[[ 2.85639526e+02  2.58455414e+02  2.92683289e+02  2.71108612e+02
  -3.82378625e-02]
 [ 3.01237047e+02  2.59822849e+02  3.32339308e+02  2.65533230e+02
  -2.55018678e-01]
 [ 2.65008728e+02  2.31803436e+01  2.90763550e+02  6.58574600e+01
   6.49323469e-02]
 [ 3.06195161e+02  1.41927608e+01  3.30541533e+02  5.68222844e+01
   7.95835268e-02]
 [ 6.53721085e+01  2.93521881e+00  1.09373314e+02  3.72684250e+01
   3.10756015e-01]
 [ 6.77644501e+01  3.50299377e+01  1.22088699e+02  6.93473053e+01
   2.53232349e-01]
 [ 6.78033637e+01  7.10387488e+01  1.07230248e+02  9.97903519e+01
   2.12016368e-01]
 [ 1.88656769e+01  3.37565704e+02  7.32416763e+01  3.49163177e+02
  -7.30810068e-02]
 [ 2.00189629e+01  3.68727509e+02  7.66734772e+01  3.86086456e+02
  -8.30406021e-02]
 [ 2.92843825e+02  2.71574436e+02  3.29064378e+02  2.77624417e+02
  -2.13116115e-01]
 [ 2.93466976e+02  2.91715028e+02  3.33178166e+02  2.96205810e+02
  -2.16699704e-01]
 [ 2.94062196e+02  3.10906836e+02  3.25266295e+02  3.16549401e+02
  -2.20109929e-01]
 [ 2.94410248e+02  3.32137329e+02  3.30947052e+02  3.33005310e+02
  -2.23866302e-01]
 [ 2.66373718e+02  6.52924576e+01  2.86978638e+02  8.42118149e+01
   6.64410069e-02]
 [ 3.03578024e+02  6.23075220e+01  3.43001627e+02  8.10711820e+01
  -2.17508491e-02]
 [ 6.40890808e+01  2.67846954e+02  1.12782257e+02  3.22663788e+02
   6.14870338e-01]
 [ 2.92038306e+01  4.10339599e+02  8.49432983e+01  4.27684326e+02
  -1.03937081e-01]]