[[ 4.93421875e+02  3.51242859e+02  5.90121094e+02  3.92402832e+02
   6.01977347e-02]
 [ 4.93717612e+01  2.34388519e+02  1.00305405e+02  2.60740784e+02
   3.66492916e-02]
 [ 3.60574112e+01  2.63572296e+02  7.14641876e+01  2.92160919e+02
   7.26152472e-02]
 [ 3.88130064e+02  1.05239792e+01  5.40643404e+02  1.04578674e+02
   3.99246788e-03]
 [ 4.17407834e+02  2.56291473e+02  5.71378910e+02  2.73886566e+02
  -2.87154822e-02]
 [ 4.51494448e+01  2.93046416e+02  9.56990049e+01  3.26768099e+02
   1.07847527e-01]
 [ 9.82206421e+01  1.36108780e+01  3.11240854e+02  6.36904832e+01
   1.31663924e-02]
 [ 2.50235483e+02  2.95434357e+02  4.58796881e+02  3.05301239e+02
  -4.46044429e-02]
 [ 4.70067108e+02  2.80898193e+02  5.60556274e+02  2.95648987e+02
  -4.32180042e-02]
 [ 2.53436171e+02  3.22421265e+02  4.95527819e+02  3.41065063e+02
  -2.83029293e-02]]