[[ 4.36933105e+02  3.04084900e+02  5.61732605e+02  3.94929016e+02
   5.83748177e-02]
 [ 1.32939574e+02  4.83426666e+01  2.05023927e+02  8.77378082e+01
   1.14581737e-02]
 [ 1.24287116e+02  1.51779678e+02  2.05050653e+02  2.05215347e+02
  -7.81183067e-03]
 [ 3.91974152e+02  2.72859528e+02  4.44104706e+02  2.97013824e+02
   2.46584600e-02]
 [ 9.39280548e+01  3.18467773e+02  1.74458694e+02  3.68218384e+02
   7.45050929e-02]
 [ 3.04908569e+02  3.32748779e+02  3.43256470e+02  3.53312927e+02
   2.59365266e-02]
 [ 3.60981445e+02  3.32209259e+02  4.38295532e+02  3.62686493e+02
   9.90321487e-02]
 [ 3.48174988e+02  7.56679688e+01  5.17764954e+02  1.52129639e+02
   1.07939918e-01]
 [ 1.78116241e+02  2.96018341e+02  2.67928662e+02  3.44821443e+02
   1.34488680e-01]]