[[ 2.73148350e+02  4.56458690e+01  3.89398830e+02  3.38248799e+01
  -2.40276115e-01]
 [ 2.69666420e+02  9.67385911e+01  4.00096275e+02  8.94285536e+01
  -2.01571506e-01]
 [ 2.79896545e+02  1.54097031e+02  3.69027039e+02  1.68698135e+02
  -1.51129973e-01]
 [ 3.17927311e+02  2.16430346e+02  3.93594540e+02  2.36161817e+02
  -1.01981635e-01]
 [ 2.44632233e+02  3.05389252e+02  2.90755402e+02  3.32889984e+02
  -3.71400079e-02]
 [ 3.18858718e+02  2.99678956e+02  3.90530137e+02  3.29182678e+02
  -3.71394623e-02]
 [ 2.48088895e+02  2.38324188e+02  2.98190279e+02  2.69960358e+02
   4.59030359e-02]
 [ 2.41076768e+02  2.78165407e+02  3.03130462e+02  3.00011900e+02
  -6.13656818e-02]]