[[ 2.10984591e+02  1.20036194e+02  2.99071777e+02  1.20236481e+02
  -1.77217905e-01]
 [ 2.07162613e+02  1.43255081e+02  3.12818176e+02  1.42334030e+02
  -1.62980605e-01]
 [ 4.62392639e+02  3.44469566e+01  5.22807983e+02  5.40576134e+01
  -2.34740051e-01]
 [ 4.48132721e+02  9.06672440e+01  4.49342072e+02  1.25549812e+02
   2.10399560e-01]
 [ 4.64953340e+02  9.38486957e+01  5.24214507e+02  1.18429640e+02
  -6.43767186e-02]
 [ 8.48058706e+01  1.01552391e+01  2.04401535e+02  4.67060853e+01
   7.12688204e-03]
 [ 3.42778741e+00  2.86105499e+01  7.12693495e+01  4.93707275e+01
   2.32030191e-03]
 [ 4.40939819e+02  4.40039368e+01  5.18580505e+02  1.05229477e+02
   9.38053940e-02]
 [ 1.73370346e+02  3.36359333e+00  2.31849502e+02  2.76005066e+01
   4.82709867e-02]
 [ 4.19044461e+01  7.19528488e+00  8.15681949e+01  2.31460456e+01
  -1.16664853e-02]]