[[ 4.28849564e+01  1.77597488e+02  2.86674713e+02  2.03339005e+02
  -1.51294714e-01]
 [ 4.84907142e+02  2.31201931e+02  5.96161584e+02  2.81353245e+02
   1.68209978e-01]
 [ 4.31928325e+02  2.97023316e+02  4.87509907e+02  3.19556213e+02
  -3.80267106e-02]
 [ 1.23937719e+02  2.32593750e+02  2.45480379e+02  2.28418609e+02
  -1.66288581e-01]
 [ 5.09771606e+02  1.57184677e+02  5.71414429e+02  1.89141098e+02
   1.35051377e-01]
 [ 5.04369669e+02  1.96968259e+02  5.56870961e+02  2.24496620e+02
   1.37737468e-01]
 [ 3.12981934e+02  9.47393341e+01  3.21117065e+02  1.41800003e+02
   5.56669063e-01]
 [ 4.90735840e+02  2.98317291e+02  5.78102905e+02  3.14668243e+02
  -2.08685966e-03]]