[[ 4.98502380e+02  5.22510376e+01  5.78273376e+02  1.28540695e+02
   1.53622419e-01]
 [ 4.57839032e+02  2.93937131e+02  4.99529926e+02  3.12607791e+02
   1.41255147e-01]
 [ 4.61741699e+02  3.10076416e+02  5.21630615e+02  3.33955933e+02
   1.73555608e-01]
 [ 4.62314710e+02  3.30578976e+02  5.03471850e+02  3.48854923e+02
   1.75896497e-01]
 [ 5.18156860e+02  3.36673584e+02  5.72006714e+02  3.58359192e+02
   1.73475100e-01]
 [ 1.26249893e+02  2.32876097e+02  2.82580872e+02  2.76213043e+02
  -6.32367664e-02]
 [ 2.92508767e+02  2.22348436e+02  3.79708213e+02  2.50909926e+02
  -6.32366873e-02]
 [ 1.18578987e+02  3.23144623e+02  2.10994934e+02  3.38236847e+02
  -2.34919017e-01]
 [ 4.64298523e+02  7.99356842e+00  5.40794861e+02  5.92313461e+01
   9.78052597e-02]
 [ 4.32837325e+02  1.88252227e+02  5.76187195e+02  2.36654694e+02
   1.91837240e-02]
 [ 4.42969238e+02  2.51551453e+02  5.85225098e+02  3.03635193e+02
   8.58281148e-02]
 [ 8.95133183e+01  7.93843749e+00  2.43436518e+02  1.26633876e+02
   3.43966822e-01]
 [ 2.79274299e+02  7.59120426e+01  3.58059075e+02  1.35996679e+02
   2.35975154e-01]
 [ 8.81317428e+01  1.47104965e+02  3.21755190e+02  2.12484604e+02
   9.92725877e-03]]