[[ 5.97739597e+01  3.22368624e+02  2.02983548e+02  3.26027067e+02
  -1.59191256e-01]
 [ 7.75520307e+01  3.66122256e+02  2.32550333e+02  3.63080686e+02
  -2.24620893e-01]
 [ 4.54024758e+02  3.06279744e+01  5.62457336e+02  6.34256973e+01
   4.95579654e-02]
 [ 1.08926125e+02  2.10375885e+02  1.74023521e+02  2.32442780e+02
  -4.48813625e-03]
 [ 1.88545059e+02  2.08088455e+02  2.40841415e+02  2.38391098e+02
   1.01263857e-01]
 [ 1.08916656e+02  2.45004059e+02  1.74000732e+02  2.67369843e+02
  -1.05821208e-03]
 [ 1.88379523e+02  2.44761368e+02  2.17459100e+02  2.67323791e+02
  -2.77812705e-03]
 [ 1.84149857e+02  9.31729889e+01  2.13070328e+02  1.28779022e+02
   6.53164699e-01]
 [ 2.45441971e+02  3.07099213e+02  3.14079346e+02  3.19295563e+02
  -1.95656036e-01]
 [ 3.08330048e+02  5.95276031e+01  3.45444305e+02  6.19337463e+01
  -3.13255533e-01]
 [ 3.10408112e+02  7.80046387e+01  3.44764374e+02  8.10184784e+01
  -2.99189285e-01]
 [ 7.24024486e+01  6.12722396e+00  1.10389788e+02  1.74575958e+01
   3.55445174e-03]
 [ 1.19445709e+02  6.18479156e+00  1.37940407e+02  1.75555306e+01
   3.55456055e-03]
 [ 1.46691403e+02  5.83071509e+00  1.82532291e+02  1.85641480e+01
   2.70583237e-02]
 [ 2.03225651e+01  2.74523602e+01  5.11178436e+01  3.43612061e+01
  -1.34600153e-01]
 [ 6.04636389e+01  2.49904653e+01  6.41992105e+01  3.73845309e+01
   3.11962414e-01]
 [ 7.50392532e+01  2.48651104e+01  1.44957214e+02  3.57155838e+01
  -2.98391162e-02]
 [ 1.54769073e+02  2.35561409e+01  1.82551300e+02  3.69661560e+01
   3.86907384e-02]
 [ 1.59230875e+01  4.11928978e+01  8.76138321e+01  5.40091515e+01
   1.19742583e-02]
 [ 9.51386414e+01  4.27150955e+01  1.30865587e+02  5.45270920e+01
   1.19743214e-02]
 [ 1.39939414e+02  4.23867568e+01  1.83186166e+02  5.51536180e+01
   1.19742996e-02]
 [ 1.93993744e+02  4.27937737e+01  2.59418671e+02  5.60664864e+01
   1.19743302e-02]
 [ 9.98831558e+00  6.05244217e+01  3.70958061e+01  7.25333023e+01
   1.64214820e-02]
 [ 4.43022079e+01  6.02276917e+01  9.09159333e+01  7.57907105e+01
   1.69667592e-02]
 [ 1.01377303e+02  6.09111557e+01  1.79974197e+02  7.73018875e+01
   1.69669622e-02]
 [ 2.26995811e+01  1.26140694e+02  8.44696565e+01  1.39621399e+02
  -1.37207352e-02]
 [ 2.31582422e+00  1.40694916e+02  4.02264274e+01  1.54537262e+02
  -1.22970988e-02]
 [ 4.94716568e+01  1.40042801e+02  9.62498550e+01  1.53848312e+02
  -1.22970802e-02]
 [ 2.25490419e+01  1.54726761e+02  4.22723998e+01  1.68844070e+02
  -1.08715483e-02]
 [ 5.15704498e+01  1.54360489e+02  8.20827484e+01  1.68411209e+02
  -1.08721583e-02]
 [ 2.35460243e+01  1.69016647e+02  6.15266685e+01  1.83014389e+02
  -9.44487377e-03]
 [ 7.11564891e+01  1.68405426e+02  8.84615835e+01  1.82984467e+02
   3.48681224e-03]
 [ 2.04736250e+00  1.83548340e+02  3.01898583e+01  1.97665649e+02
  -8.01589201e-03]
 [ 3.85225677e+01  1.83220596e+02  7.11803436e+01  1.97337082e+02
  -8.01499219e-03]
 [ 7.95756804e+01  1.86171158e+02  1.07092258e+02  2.00365066e+02
  -9.11549240e-03]
 [ 3.02751027e+00  1.97870804e+02  3.76143011e+01  2.11992355e+02
  -6.58343615e-03]
 [ 4.60055847e+01  1.97495316e+02  7.65597839e+01  2.11735916e+02
  -6.58552531e-03]
 [ 8.62256699e+01  1.97122696e+02  1.03609474e+02  2.14990768e+02
   2.74603202e-03]]