[[ 3.53309395e+02  6.69215110e+01  3.67554008e+02  1.33639875e+02
   5.66262530e-01]
 [ 2.97611145e+02  7.90799379e+00  3.69415039e+02  6.05044060e+01
  -9.77407680e-03]
 [ 1.93191312e+02  2.37861121e+01  2.61110751e+02  5.68308866e+01
  -9.53026983e-02]
 [ 2.94308117e+02  1.26089805e+02  3.49837208e+02  1.67060463e+02
   3.91913867e-01]
 [ 2.67185820e+02  1.57566848e+02  3.19101229e+02  1.90569718e+02
   4.03308795e-01]
 [ 3.74669647e+02  1.00820694e+01  4.34549530e+02  6.67088013e+01
   1.23061314e-01]
 [ 1.42285608e+02  4.21074270e+01  1.68289618e+02  6.90560557e+01
   3.88411508e-01]
 [ 1.49053818e+02  1.99626114e+02  2.69956665e+02  2.12761337e+02
  -1.66939660e-02]
 [ 2.58777130e+02  1.42438507e+02  3.51109711e+02  1.91600861e+02
   3.58734992e-01]]