[[ 4.74079407e+02  1.26645370e+02  5.19270325e+02  1.35995071e+02
  -2.68042183e-01]
 [ 3.59066923e+01  2.01676483e+02  1.00427475e+02  2.21087829e+02
  -1.87458440e-02]
 [ 1.96695358e+02  1.06445017e+01  2.23833450e+02  2.65156670e+01
  -1.44740762e-03]
 [ 2.35277527e+02  1.01747398e+01  2.98820740e+02  3.05325737e+01
   6.55240351e-02]
 [ 3.10838806e+02  1.17212524e+01  3.46919189e+02  2.63375359e+01
  -1.44720639e-03]
 [ 3.58921239e+02  9.86593918e+00  4.30599635e+02  3.00461740e+01
   3.55339083e-02]
 [ 4.44450654e+02  9.91401091e+00  4.56967131e+02  2.68375684e+01
   8.72856571e-02]
 [ 1.98034531e+02  3.32989044e+01  2.24819931e+02  4.87412033e+01
  -2.59445894e-03]
 [ 2.36218481e+02  3.43465615e+01  2.84003748e+02  5.07730827e+01
  -2.70749384e-03]
 [ 2.96802777e+02  3.64441491e+01  3.19445880e+02  4.85098915e+01
  -1.96710972e-03]
 [ 3.29975616e+02  3.41627693e+01  3.56023529e+02  4.73279762e+01
  -1.85197786e-03]
 [ 3.68288117e+02  3.29937859e+01  3.94591094e+02  4.83007621e+01
  -2.59415073e-03]
 [ 1.98267075e+02  5.64690552e+01  2.74705322e+02  7.23703308e+01
  -2.98882696e-03]
 [ 2.86206478e+02  5.51211052e+01  3.25672550e+02  7.11145172e+01
  -2.93280911e-03]
 [ 3.38033569e+02  5.82116432e+01  3.67995850e+02  6.99050751e+01
  -3.10126111e-03]
 [ 3.79056427e+02  5.59451790e+01  4.09282257e+02  6.97334595e+01
  -3.71326478e-03]
 [ 9.00919495e+01  1.80788528e+02  1.38264572e+02  2.00430771e+02
  -1.93623776e-02]
 [ 8.48812054e+01  2.12665634e+02  1.49408330e+02  2.29749466e+02
  -4.66395304e-02]]