[[ 2.65405762e+02  3.32115402e+01  3.43649597e+02  6.33913803e+01
  -3.94591108e-02]
 [ 2.40103130e+01  2.27952896e+02  6.59776688e+01  2.48093246e+02
  -1.23734315e-02]
 [ 2.52512392e+02  2.75114507e+02  3.18737366e+02  3.22762573e+02
  -3.96995642e-01]
 [ 3.89637947e+01  4.08633850e+02  1.08634033e+02  4.31747314e+02
  -5.41555730e-02]
 [ 7.76065037e+01  3.29348293e+00  1.29997470e+02  3.86022500e+01
   2.93735057e-01]
 [ 1.38245209e+02  2.16358032e+01  1.94451843e+02  5.98115082e+01
   2.93734785e-01]
 [ 2.91307433e+02  9.51716031e+00  3.11426698e+02  3.02643377e+01
  -8.70156070e-02]
 [ 3.22653320e+02  9.31190681e+00  3.61239990e+02  2.92780895e+01
  -1.97960450e-02]
 [ 6.61659983e+01  2.35935989e+02  1.29363665e+02  2.54310227e+02
   6.37994666e-02]
 [ 1.29128728e+02 -4.52057576e+00  2.38652102e+02  5.20073676e+01
   2.93735108e-01]]