[[ 5.04400938e+01  2.16846799e+02  2.31651032e+02  2.88263370e+02
   1.85644403e-01]
 [ 4.01986903e+02  2.45080688e+02  5.08447179e+02  2.76769837e+02
   3.26920337e-02]
 [ 3.03605424e+02  2.32149871e+02  3.41737960e+02  2.47612000e+02
   2.87627159e-02]
 [ 3.15915157e+02  2.56443390e+02  3.46861759e+02  2.73072784e+02
   6.54679900e-03]
 [ 3.57323240e+02  2.56190948e+02  4.24803042e+02  2.79665131e+02
   1.05776389e-01]
 [ 4.28947418e+02  2.58840881e+02  4.44532928e+02  2.73712097e+02
  -6.44596472e-01]]