[[ 3.07850238e+02  3.74744934e+02  3.89204205e+02  3.85901977e+02
  -1.77209741e-02]
 [ 5.92664100e+01  1.23670073e+02  9.79872765e+01  1.40161839e+02
  -4.71640725e-01]
 [ 2.18453300e+02  2.98056152e+02  3.15843163e+02  3.29839844e+02
   1.85435461e-02]
 [ 1.05928121e+02  2.44777617e+02  1.43381983e+02  2.63866975e+02
   9.87512721e-02]
 [ 1.03875946e+02  2.74715088e+02  1.38980499e+02  2.95482117e+02
   1.15246348e-01]
 [ 2.72122733e+02  2.51704956e+02  3.71277901e+02  2.64834106e+02
  -2.46701861e-02]
 [ 2.79626474e+02  2.74030121e+02  3.64436759e+02  2.86953705e+02
  -1.02424517e-02]]