[[ 1.40344348e+02  3.71487241e+02  1.84705854e+02  3.96470218e+02
   2.11166292e-01]
 [ 1.39053299e+02  2.03114128e+01  1.91979172e+02  3.63044510e+01
   1.23101654e-04]
 [ 3.54156281e+02  3.50036743e+02  4.94586273e+02  3.91740417e+02
  -4.31123321e-02]
 [ 5.15427930e+02  1.72385178e+02  5.88552905e+02  1.92425400e+02
   1.32580990e-03]
 [ 5.15325378e+02  2.03909241e+02  5.50130310e+02  2.22961151e+02
   6.49361947e-03]
 [ 5.15124311e+02  2.34865493e+02  5.51208818e+02  2.54677018e+02
   2.11268327e-02]
 [ 6.69440886e+01  8.68237152e+01  1.17144473e+02  1.21472717e+02
   5.17050080e-03]
 [ 1.58557963e+02  8.71003875e+01  3.17164800e+02  1.22506958e+02
   5.17053674e-03]
 [ 3.59839535e+02  8.60450308e-01  4.06525760e+02  3.16934743e+01
   1.29304296e-01]
 [ 3.75468903e+02  2.77357063e+01  4.00183685e+02  4.80554466e+01
   1.20473170e-01]
 [ 3.66494183e+02  5.13728304e+01  3.99532367e+02  7.53452558e+01
   1.52428143e-01]
 [ 1.43815368e+02  2.39754448e+01  2.33007508e+02  6.09019814e+01
   3.24119158e-02]
 [ 5.07860184e+02  1.25726451e+02  5.95470505e+02  1.70141293e+02
  -6.72487782e-02]
 [ 5.36017761e+01  1.19066833e+02  1.78755890e+02  1.91383728e+02
   5.04505904e-03]
 [ 3.42998164e+02  2.23274416e+01  3.71940251e+02  3.80939413e+01
   1.23788209e-01]
 [ 3.42516440e+02  4.21814527e+01  3.65292276e+02  5.69695407e+01
   1.13830683e-01]
 [ 3.74773804e+02  4.93361359e+01  3.80715515e+02  5.87327957e+01
   2.27909313e-02]
 [ 3.42033934e+02  6.20710905e+01  3.64835329e+02  7.66504061e+01
   1.03837618e-01]
 [ 3.41977661e+02  7.99238892e+01  3.70590210e+02  9.69507294e+01
   9.38095334e-02]]