[[ 6.99998627e+01  4.54546417e+02  1.14757935e+02  4.74122040e+02
  -2.83672691e-02]
 [ 6.99794243e+00  1.46053375e+02  6.62637792e+01  1.72130219e+02
   8.30312780e-02]
 [ 4.77050095e+01  5.21244751e+02  1.32648266e+02  5.39935303e+02
  -2.76098424e-02]
 [ 2.22755310e+02  2.71403046e+02  2.77598450e+02  2.99135834e+02
   1.35178443e-02]
 [ 4.96866045e+01  4.15290497e+02  9.49781142e+01  4.34741668e+02
  -2.09806703e-02]
 [ 1.89789021e+02  4.54438182e+00  2.61739239e+02  2.13572448e+01
   2.36012044e-02]
 [ 1.97091492e+02  2.91391716e+01  2.69329895e+02  4.18795891e+01
   1.10531008e-02]
 [ 2.02582764e+02  4.76339569e+01  2.70909607e+02  6.35592194e+01
   1.55274733e-03]
 [ 2.08037750e+02  7.37508774e+01  2.82482239e+02  8.91903152e+01
  -1.19412345e-02]
 [ 1.94736481e+00  4.43461060e+02  7.49579773e+01  4.80346680e+02
   3.17621625e-02]
 [ 9.86883404e+00  1.47298164e+01  5.53660922e+01  3.31120950e+01
   2.19979722e-02]
 [ 8.86834145e+00  4.63851471e+01  2.75039043e+01  6.51114273e+01
   1.98815683e-02]
 [ 4.29847672e+01  5.21944809e+01  5.63700912e+01  6.56854096e+01
   1.98811743e-02]
 [ 7.90996552e+00  7.89934616e+01  4.50316544e+01  9.79468918e+01
   1.77711854e-02]]