[[ 9.66447137e+01  1.82362823e+02  1.30215562e+02  2.11940247e+02
   3.11611337e-01]
 [ 3.31736297e+02  4.37114069e+02  3.60767548e+02  4.66122687e+02
   1.93266075e-01]
 [ 3.28636688e+02  4.91300049e+02  3.72612701e+02  5.20705872e+02
   1.94219219e-01]
 [ 3.52621442e+02  2.58040091e+02  3.94296160e+02  3.09638497e+02
   4.49158556e-01]
 [ 3.45097565e+02  2.98481354e+02  3.60658966e+02  3.38840179e+02
   1.62176881e-01]
 [ 3.81576172e+02  3.15532623e+02  3.97773071e+02  3.54736115e+02
   1.39331913e-01]
 [ 1.52959986e+02  1.43841923e+02  2.95998632e+02  7.47609514e+01
  -6.58039587e-01]
 [ 8.89048292e+01  3.90099853e+02  1.54533800e+02  4.33261780e+02
   1.25246992e-01]
 [ 1.80146916e+02  4.09551939e+02  2.38580958e+02  4.60374697e+02
   1.86573120e-01]
 [ 7.49513626e+01  2.96479126e+02  1.11214500e+02  3.25725830e+02
   2.49402604e-01]
 [ 3.19554310e+02  4.58019346e+02  3.92247692e+02  4.93109255e+02
   1.93894644e-01]
 [ 3.23222248e+02  3.57992946e+02  3.87794415e+02  4.11097875e+02
   3.87646286e-01]]