[[ 6.64922791e+01  2.44630219e+02  1.25589401e+02  2.75870209e+02
   2.56957280e-01]
 [ 1.51076385e+02  2.67198120e+02  2.16024261e+02  3.00196655e+02
   2.64596244e-01]
 [ 4.63569260e+00  3.65497314e+02  7.97241364e+01  3.88134460e+02
  -1.69483515e-03]
 [ 1.06668663e+00  3.99478516e+02  3.43900757e+01  4.21536926e+02
  -6.19993078e-03]
 [ 5.35228450e+01  3.96404449e+02  7.74206364e+01  4.18806427e+02
   6.08964665e-02]
 [ 3.36894409e+02  4.32216217e+02  3.86674683e+02  4.52516510e+02
  -1.06204481e-01]
 [ 7.62388458e+01  4.28797363e+02  1.12671646e+02  4.40950012e+02
  -4.06844869e-02]
 [ 3.82893066e+02  7.24788361e+01  4.01352295e+02  8.32946320e+01
  -8.85442308e-02]
 [ 4.14664527e+02  6.79864522e+01  5.21566003e+02  7.69627055e+01
  -8.40078403e-02]
 [ 3.76670776e+02  9.90407486e+01  4.70948486e+02  1.13858360e+02
  -6.09603619e-02]
 [ 3.74127594e+02  1.29186569e+02  4.57717438e+02  1.60247818e+02
   5.26190769e-02]
 [ 4.77060608e+02  1.36197449e+02  5.12330017e+02  1.51339783e+02
  -3.17356938e-02]
 [ 2.61886902e+01  2.59755524e+02  1.85248306e+02  3.19766327e+02
   2.52278599e-01]
 [ 2.50600413e+01  2.82895233e+02  1.80753027e+02  3.46640413e+02
   2.75602740e-01]
 [ 2.47639618e+01  3.09802307e+02  1.46573608e+02  3.57840881e+02
   2.28553877e-01]
 [ 4.73969887e+02  8.41593564e+01  5.93153893e+02  1.14689047e+02
  -5.52498711e-02]
 [ 4.68254395e+02  1.50720322e+02  5.64478760e+02  1.79532578e+02
  -1.06967173e-02]
 [ 4.66422607e+02  2.01687073e+02  5.49096436e+02  2.47797943e+02
   3.78363408e-02]]