[[ 6.13733628e+01  3.20433105e+02  1.24867940e+02  3.62552246e+02
  -4.41268706e-03]
 [ 5.28275214e+01  3.90620361e+02  1.44705830e+02  4.38624451e+02
  -7.29087029e-03]
 [ 4.40152944e+01  4.87962158e+02  1.12495783e+02  5.27303528e+02
  -9.12331694e-03]
 [ 1.99948740e+02  3.61494110e+02  2.36977621e+02  3.86248505e+02
   5.80700915e-02]
 [ 8.83624676e+01  2.69194519e+02  2.21019918e+02  2.97666199e+02
  -1.45927867e-02]
 [ 1.69442978e+02  3.27659912e+02  2.30270828e+02  3.22085449e+02
  -2.86053884e-01]
 [ 2.48821776e+02  2.78593205e+02  3.02137392e+02  2.01680599e+02
  -1.20266225e+00]
 [ 1.50327508e+02  1.28451902e+01  2.88537483e+02  1.14530145e+02
   2.41742728e-01]]