[[ 3.22340877e+02  2.61829835e+02  4.46870061e+02  2.47823455e+02
  -2.72347442e-01]
 [ 3.31915908e+02  3.02605687e+02  4.39484788e+02  2.91170985e+02
  -2.98415419e-01]
 [ 1.50778015e+02  1.04440422e+01  2.07442383e+02  3.27658730e+01
  -5.93753296e-02]
 [ 2.20086395e+02  5.56043768e+00  2.63455017e+02  2.94362011e+01
  -5.93751561e-02]
 [ 5.38018768e+01  2.20313781e+02  1.33998611e+02  2.48139648e+02
   1.64115811e-01]
 [ 3.44105591e+02  2.07908752e+02  4.04229858e+02  2.08901093e+02
  -3.05570507e-01]
 [ 4.99091012e+01  1.17733215e+02  9.60406058e+01  1.34569839e+02
  -2.53256204e-02]]