[[ 2.89755220e+02  3.80902986e+02  4.62502776e+02  4.19188261e+02
  -5.27851112e-02]
 [ 3.00902649e+02  4.32114929e+02  4.24193787e+02  4.71015564e+02
  -2.77273460e-03]
 [ 3.14554901e+02  4.87974854e+02  4.21466339e+02  5.26340088e+02
   2.57458445e-02]
 [ 4.63440474e+01  2.43289062e+02  1.71703694e+02  3.07257446e+02
   3.48770591e-02]
 [ 6.79891815e+01  3.25650085e+02  1.79055923e+02  3.75465698e+02
   3.22806180e-02]
 [ 7.77370148e+01  3.87701080e+02  1.74267197e+02  4.31751862e+02
   2.00110449e-02]
 [ 9.05822906e+01  4.39786530e+02  2.25572006e+02  4.76819977e+02
   1.88604346e-02]
 [ 1.16980911e+02  3.20457573e+01  2.17293320e+02  2.84649925e+01
  -2.52651500e-01]
 [ 1.26184535e+02  6.28704845e+01  2.13886937e+02  6.35926960e+01
  -2.34022818e-01]
 [ 2.27487468e+02  4.49187136e+01  2.53841297e+02  5.40679350e+01
  -2.34022959e-01]
 [ 1.35163162e+02  9.30992737e+01  1.78621475e+02  1.03729446e+02
  -2.16250603e-01]
 [ 1.88715344e+02  8.07990079e+01  2.41837665e+02  9.09439426e+01
  -2.27800194e-01]
 [ 2.55244087e+02  6.37540184e+01  2.78381660e+02  8.10489570e+01
  -1.98429085e-01]
 [ 2.93132751e+02  5.42037315e+01  3.38650085e+02  7.41510925e+01
  -1.69769124e-01]
 [ 3.51345764e+02  4.11645775e+01  4.12487488e+02  5.23522758e+01
  -2.16251064e-01]]