[[ 2.98275970e+02  4.12925842e+02  3.58845734e+02  4.27215454e+02
   9.37947301e-03]
 [ 3.26615655e+02  1.81715681e+01  3.72971504e+02  3.37951811e+01
  -2.29312138e-02]
 [ 3.29991699e+02  4.93684387e+01  3.64081421e+02  6.80838776e+01
  -4.52828600e-02]
 [ 2.79198883e+02  1.06101288e+02  3.44588654e+02  1.33227661e+02
   4.69804495e-02]
 [ 2.85766264e+02  1.48203781e+02  3.69806856e+02  1.66937729e+02
   6.27787196e-02]
 [ 2.92877745e+02  1.69630249e+02  3.49428224e+02  1.92975006e+02
   9.70101353e-02]
 [ 2.99884008e+02  1.96917447e+02  3.38555690e+02  2.15675113e+02
   1.17043003e-01]
 [ 3.33984436e+02  3.18851471e+02  3.58240601e+02  3.30626740e+02
  -1.00826253e-01]
 [ 3.34754994e+02  3.43028504e+02  3.68250804e+02  3.54163817e+02
  -9.27433329e-02]
 [ 3.34182007e+02  3.61415314e+02  3.77874573e+02  3.69861237e+02
  -8.25980066e-02]
 [ 3.73784332e+01  3.06482483e+02  1.78760406e+02  3.31879822e+02
  -2.20400547e-02]
 [ 2.00970551e+02  1.90449615e+02  2.15054840e+02  2.50542816e+02
   4.76413284e-01]
 [ 2.79597293e+02  4.28643524e+02  3.21539853e+02  4.36499298e+02
   7.66842538e-03]
 [ 3.37325371e+02  4.28916687e+02  3.61120674e+02  4.37378540e+02
   1.73285012e-02]
 [ 2.57028605e+02  3.64543538e+01  3.31526327e+02  7.84371104e+01
  -2.29312434e-02]
 [ 4.32190170e+01  3.70605743e+02  1.32284332e+02  3.81445038e+02
  -8.98322636e-02]]