[[ 7.44447716e+01  5.03566542e+00  1.57303035e+02  7.08685638e+01
   2.83672546e-01]
 [ 1.93286545e+02  3.96821860e+01  2.41892471e+02  9.06737405e+01
   2.52365152e-01]
 [ 1.94632097e+01  3.21016418e+02  3.17634138e+01  3.40688049e+02
   1.42142975e-01]
 [ 5.12442627e+01  3.16055969e+02  1.06696686e+02  3.38254761e+02
  -3.49295522e-03]
 [ 5.08169673e+01  3.58090332e+02  1.21467487e+02  3.74255432e+02
  -4.23381847e-03]
 [ 1.32885971e+02  3.31033356e+02  1.98250504e+02  3.24118622e+02
  -2.80787314e-01]
 [ 3.31802826e+01  1.40886795e+02  1.93902161e+02  2.24240280e+02
   1.76131752e-01]
 [ 3.78553925e+01  2.74417358e+02  1.06969040e+02  2.93709045e+02
   1.16406328e-02]
 [ 2.56284300e+02  2.08926188e+02  2.80107973e+02  2.35747091e+02
  -3.40481868e-01]
 [ 2.70098694e+02  2.03045944e+02  3.03177734e+02  1.55036819e+02
  -1.17481107e+00]]