[[ 4.18760550e+02  3.99556734e+02  4.64995798e+02  4.06011686e+02
  -1.90116902e-01]
 [ 2.78671326e+02  8.46605682e+00  3.39237549e+02  4.29926186e+01
   2.65453061e-02]
 [ 2.29184961e+02  2.20956754e+02  2.73598297e+02  2.64834625e+02
   4.21094885e-01]
 [ 2.11303832e+02  2.47066894e+02  2.61754591e+02  2.96375189e+02
   4.32715384e-01]
 [ 4.59537354e+02  3.72970123e+02  5.02645630e+02  3.82073273e+02
  -1.50210723e-01]
 [ 4.54960144e+02  3.92907227e+02  4.94758728e+02  4.00284180e+02
  -1.90115517e-01]]