[[ 8.21091201e+00  5.82750546e+01  2.44624212e+02  1.34109436e+02
   3.25170750e-02]
 [ 1.44826426e+02  3.06707433e+02  1.93917470e+02  2.67328395e+02
  -7.91283466e-01]
 [ 1.44124135e+02  3.25169017e+02  1.95188060e+02  2.85942372e+02
  -7.87745242e-01]
 [ 3.72694343e+01  4.62949219e+02  8.89351518e+01  4.86119141e+02
   4.42361064e-02]
 [ 1.80573120e+01  4.88436951e+02  1.02613937e+02  5.33682800e+02
   1.62715675e-01]
 [ 5.52545341e+01  5.77341792e+02  1.02959943e+02  5.92686895e+02
  -8.22781408e-01]
 [ 9.84701614e+01  5.72774780e+02  1.35674137e+02  5.92484615e+02
  -8.02988784e-01]
 [ 2.89755094e+02  3.30845886e+02  4.13687960e+02  4.02265625e+02
  -1.95047050e-03]
 [ 9.61455574e+01  4.63250335e+02  2.21243595e+02  4.94341461e+02
   6.28746418e-02]]