[[ 3.02663679e+02  5.59790650e+02  3.42847552e+02  5.80870239e+02
  -5.58475539e-03]
 [ 1.70384720e+02  2.58900055e+02  1.67449814e+02  2.96482941e+02
   5.66074797e-01]
 [ 8.01416179e+01  5.51999255e+02  9.34611958e+01  5.69305677e+02
   8.48339873e-02]
 [ 1.09080498e+02  5.53700256e+02  1.82554688e+02  5.68939148e+02
  -8.32904625e-02]
 [ 1.51859716e+02  5.24372747e+02  1.88507380e+02  5.30077082e+02
  -2.17688489e-01]
 [ 2.02711426e+02 -5.45877075e+00  2.68995371e+02  5.83196016e+01
   5.56142435e-01]
 [ 1.54858322e+02  1.86532860e+01  1.73173050e+02  4.63959312e+01
   5.34170720e-01]
 [ 2.07697354e+02  4.09613476e+01  2.92169894e+02  1.23738512e+02
   5.46433999e-01]
 [ 1.73425842e+02  7.11054535e+01  2.60759713e+02  1.56997395e+02
   5.04586047e-01]
 [ 2.80846709e+02  5.77250916e+02  3.12899385e+02  5.94539734e+02
  -3.39956949e-03]
 [ 3.26806907e+02  5.80919800e+02  3.57025064e+02  5.94389892e+02
  -3.40252401e-03]
 [ 6.72695206e+00  5.14624082e+02  7.61826313e+01  5.68105288e+02
   8.22798538e-02]
 [ 1.83728005e+02  5.20699098e+02  2.28228782e+02  5.31293822e+02
  -1.24127686e-01]]