[[ 1.70835434e+02  1.43276077e+02  2.18844376e+02  1.43911636e+02
  -2.45769511e-01]
 [ 8.92638702e+01  2.86138092e+02  1.54950821e+02  3.02238617e+02
  -1.81831598e-01]
 [ 1.75788055e+02  2.06461731e+02  2.40717651e+02  2.17331879e+02
  -1.06860043e-01]
 [ 5.16199837e+01  1.21770010e+01  1.24810501e+02  2.86141205e+01
  -1.12897924e-02]
 [ 5.71666386e+01  5.30096552e+01  1.31019828e+02  7.24827574e+01
  -3.23494096e-02]
 [ 6.45830494e+01  9.84481966e+01  1.01207264e+02  1.15521362e+02
  -5.22052346e-02]
 [ 1.14172012e+02  9.51820297e+01  1.43456223e+02  1.13313744e+02
  -1.07532848e-01]
 [ 2.37648419e+02  1.27107750e+02  2.98255878e+02  1.47769043e+02
  -7.46798797e-03]
 [ 3.00512428e+01  2.17854813e+02  1.19474731e+02  2.35131027e+02
  -1.45595991e-01]
 [ 4.43406525e+01  2.70065277e+02  1.10268723e+02  2.82276154e+02
  -1.81830002e-01]
 [ 1.87875977e+01  3.30551796e+01  8.84820099e+01  6.01533470e+01
  -1.27656957e-02]
 [ 2.69376450e+01  7.48319702e+01  7.82341614e+01  9.98730316e+01
  -3.18845393e-02]
 [ 2.32236133e+02  1.11685256e+02  2.65467602e+02  1.32032883e+02
   3.83147292e-02]
 [ 2.74501129e+02  1.14832840e+02  2.74418243e+02  1.38288544e+02
   4.86610518e-01]]