[[ 3.69597861e+01  3.91806764e+02  1.02123866e+02  4.26912413e+02
  -1.61403809e-01]
 [ 2.04586121e+02  1.46027298e+01  2.75659393e+02  4.53889618e+01
   2.81590215e-03]
 [ 1.63028080e+01  5.22335022e+02  1.23031897e+02  5.43597839e+02
  -1.06809076e-02]
 [-3.80574036e+00  3.41516602e+02  6.84318619e+01  3.30802002e+02
  -3.54912574e-01]
 [ 1.24929638e+01  3.59853973e+02  8.10401840e+01  3.49816742e+02
  -3.90717251e-01]
 [ 2.34650803e+00  4.14310760e+02  3.98224487e+01  4.26612640e+02
  -1.06747888e-01]
 [ 2.41592239e+02  8.28387985e+01  2.88885193e+02  9.52909927e+01
  -1.69310562e-02]
 [ 2.52994553e+02  1.00340538e+02  2.97382996e+02  1.11970268e+02
  -2.62897413e-02]
 [ 2.57412337e+02  1.24288415e+02  2.97363176e+02  1.33292114e+02
  -3.90398081e-02]
 [ 1.28662979e+02  5.27383728e+02  1.71254105e+02  5.42371033e+02
  -3.09572443e-04]]