[[ 3.89865326e+02  2.11385689e+01  4.93554108e+02  5.57586479e+01
   2.86830487e-02]
 [ 3.49987192e+02  1.53316817e+02  4.09288443e+02  1.82811815e+02
   6.93534594e-02]
 [ 2.16001205e+01  2.17812710e+01  1.03006706e+02  3.48125610e+01
  -7.77705870e-02]
 [ 1.15229813e+02  1.56888733e+01  1.76692707e+02  3.62080804e+01
   3.05468318e-02]
 [ 4.27816638e+02  4.95954205e+01  5.75573059e+02  8.83738480e+01
   2.41640637e-02]
 [ 6.98881599e+01  3.06466812e+01  1.42818688e+02  7.45198913e+01
   1.76868282e-01]
 [ 1.62831284e+02  3.51374702e+01  2.13558609e+02  5.96828957e+01
  -1.45148604e-02]]