[[ 1.22548724e+02  1.00623163e+02  1.51405195e+02  1.29668006e+02
   4.48081078e-01]
 [ 1.20583876e+02  1.23669387e+02  1.47417589e+02  1.50412797e+02
   4.01100392e-01]
 [ 1.19224393e+02  1.47453643e+02  1.43028381e+02  1.72421661e+02
   3.70653002e-01]
 [ 1.17828376e+02  1.71838513e+02  1.48867669e+02  1.98859943e+02
   3.38792631e-01]
 [ 1.61893234e+02  7.84784622e+01  1.90249283e+02  1.02886757e+02
   2.30347965e-02]
 [ 1.55778394e+02  1.20197037e+02  1.93756854e+02  1.51691513e+02
   2.49174437e-02]
 [ 1.57869522e+02  1.59043198e+02  1.90499405e+02  1.80832352e+02
   3.11040317e-02]
 [ 1.56958338e+02  1.96166824e+02  1.88153845e+02  2.18624619e+02
   3.37598791e-02]
 [ 3.42332385e+02  2.91250978e+02  3.75217542e+02  3.09391600e+02
  -1.35756914e-01]
 [ 3.43638638e+02  3.21867798e+02  3.90057224e+02  3.32034423e+02
  -1.31514602e-01]
 [ 3.44376373e+02  3.40837158e+02  3.94456146e+02  3.54983704e+02
  -1.27465883e-01]
 [ 1.95814148e+02  7.47728882e+01  2.41295319e+02  1.01903290e+02
   2.28125934e-02]
 [ 1.95229050e+02  1.25322769e+02  2.38889786e+02  1.50942276e+02
   2.78705665e-02]
 [ 1.93099548e+02  1.60066803e+02  2.31979492e+02  1.86269775e+02
   3.15311521e-02]]