[[ 1.84147415e+01  5.05643494e+02  3.99943466e+01  5.30442932e+02
   1.24553736e-01]
 [ 5.97637405e+01  5.08498322e+02  1.53537476e+02  5.24581177e+02
  -5.17422031e-02]
 [ 5.85950623e+01  1.85526245e+02  1.38349247e+02  2.24605317e+02
   1.35618596e-01]
 [ 5.94674306e+01  2.41087402e+02  1.21796909e+02  2.69753693e+02
   1.13389179e-01]
 [ 5.68097624e+01  2.96346435e+02  1.23520243e+02  3.27768494e+02
   2.42776127e-02]
 [ 3.79921300e+02  3.18492611e+02  4.15163356e+02  3.44394718e+02
   1.55987986e-01]
 [ 4.19660456e+01  5.44794374e+02  1.38730602e+02  5.68426085e+02
  -8.69900790e-02]
 [ 6.88218384e+01  3.22821259e+02  1.39233368e+02  3.75762421e+02
   2.44087139e-03]
 [ 6.20650102e+01  3.97844544e+02  1.80804504e+02  4.54009826e+02
  -2.92477585e-02]
 [ 3.49399116e+02  2.64001523e+02  4.18929192e+02  2.92228945e+02
   1.04036792e-01]]