[[ 6.60941467e+01  3.22120667e+00  2.11882629e+02  1.83456421e+02
   6.18583129e-01]
 [ 3.29075546e+01  1.74588409e+02  7.96282883e+01  2.41608856e+02
   2.24534785e-01]
 [ 1.42362301e+02  1.89375941e+02  2.42598629e+02  2.80612094e+02
   2.39901046e-01]
 [ 4.17086086e+02  4.05539761e+00  5.15161255e+02  2.19681969e+01
  -5.71047052e-02]
 [ 3.88892651e+02  4.99146162e+01  5.24404193e+02  8.65599054e+01
  -3.26732820e-02]
 [ 3.62011658e+02  9.51523743e+01  5.40515210e+02  1.46049042e+02
   3.62276529e-02]
 [ 3.73993665e+02  1.48879254e+02  4.41606005e+02  2.06297656e+02
   1.79056792e-01]
 [ 4.86133667e+02  1.53517365e+02  5.93927124e+02  1.95087921e+02
   3.01268714e-02]
 [ 3.36434550e+02  2.20242661e+02  4.85919576e+02  2.57317687e+02
  -3.24052411e-02]
 [ 3.78268188e+02  2.88476318e+02  4.17079651e+02  3.20719055e+02
   1.48355604e-01]
 [ 4.27871155e+02  2.82685913e+02  5.45719079e+02  3.62092471e+02
   1.23211658e-01]
 [ 1.81319672e+02  2.64833679e+02  2.75003974e+02  3.38338868e+02
   1.25693501e-01]]