[[ 3.61287720e+02  2.33011597e+02  4.60255981e+02  2.16226837e+02
  -5.87293343e-01]
 [ 3.18878932e+02  3.95719177e+02  5.08616857e+02  4.57185730e+02
  -2.77890759e-02]
 [ 2.65703091e+01  3.17572082e+02  1.71139465e+02  3.81482483e+02
   2.60090572e-02]
 [ 5.45989380e+01  4.04659760e+02  1.44250061e+02  4.60574005e+02
   1.65047304e-02]
 [ 7.52235565e+01  4.72890381e+02  1.99962357e+02  5.07964233e+02
   1.09306165e-02]
 [ 9.91702652e+01  5.94873314e+01  2.15924164e+02  5.84917412e+01
  -2.36540670e-01]
 [ 2.23431072e+02  2.79783296e+01  3.85829426e+02  2.63783752e+01
  -2.32145297e-01]]