[[ 3.24742645e+02  2.92574615e+02  4.20734650e+02  3.59452667e+02
  -1.71308251e-03]
 [ 3.87032341e+02  2.74144318e+02  4.23186225e+02  2.92474335e+02
   1.34226655e-02]
 [ 5.41314850e+01  2.97611877e+02  2.19568717e+02  3.76510620e+02
   4.23270366e-02]
 [ 1.62741207e+02  3.45632782e+01  2.83798557e+02  5.98687439e+01
  -2.97163221e-03]
 [ 3.09190276e+02  3.96217423e+01  4.14483674e+02  5.94804153e+01
  -2.97139157e-03]
 [ 4.48770233e+02  2.92362030e+02  4.97491791e+02  3.27055023e+02
  -1.71333008e-03]
 [ 5.26331787e+02  2.92229034e+02  5.57210815e+02  3.28215790e+02
  -7.84525233e-02]
 [ 4.52113863e+02  3.41301146e+02  5.94337095e+02  3.85135501e+02
   5.16745304e-02]
 [ 2.61786041e+01  2.62699432e+02  1.75361801e+02  3.32801788e+02
   1.27345351e-01]
 [ 4.12268860e+02  1.79478409e+02  4.27826965e+02  1.96250595e+02
  -7.51498327e-02]
 [ 4.38025177e+02  1.75054443e+02  4.57424164e+02  1.95944763e+02
  -8.85749692e-02]
 [ 4.67268318e+02  1.74785523e+02  5.19598778e+02  1.95302368e+02
  -1.03320511e-02]
 [ 5.28702370e+02  1.74220505e+02  5.84597069e+02  1.94630783e+02
  -1.03315019e-02]]