[[ 7.51012421e+00  5.45626953e+02  8.30436554e+01  5.57757568e+02
  -8.59660575e-02]
 [ 1.06340534e+02  5.37200440e+02  1.38607342e+02  5.53006469e+02
  -8.47499035e-02]
 [ 8.85734147e+00  5.71426575e+02  1.24113865e+02  5.80185119e+02
  -8.64450882e-02]
 [ 3.07554911e+02  1.07756894e+02  3.76831320e+02  1.25873798e+02
   1.54841151e-01]
 [ 3.46150543e+02  1.99014374e+02  4.08414337e+02  2.28645538e+02
   1.04989343e-02]
 [ 3.49530426e+02  2.33450745e+02  3.99315521e+02  2.62587463e+02
   4.78548373e-02]
 [ 2.80680711e+02  4.55686279e+02  3.22638442e+02  4.75590271e+02
   1.71658555e-03]
 [ 1.50203307e+02  2.38571612e+01  1.91284364e+02  2.22999243e+01
  -4.70274000e-01]
 [ 1.62584375e+02  5.81013218e+01  1.96408239e+02  5.64163555e+01
  -5.42121230e-01]
 [ 1.35890579e+02  5.32485409e+02  1.43866959e+02  5.46499332e+02
  -6.33242146e-02]
 [ 1.59145018e+02  5.32592469e+02  1.86444673e+02  5.49169860e+02
  -6.45952975e-02]
 [ 1.37690704e+02  5.61127930e+02  1.45688049e+02  5.75219604e+02
  -6.33229704e-02]
 [ 1.59343597e+02  5.63711853e+02  1.91000336e+02  5.74595642e+02
  -1.83111504e-01]
 [ 3.51605664e+02  3.19271542e+02  3.91752246e+02  3.51468143e+02
   1.66875857e-01]]