[[ 4.31178553e+02  1.66965298e+02  4.73881628e+02  2.40958378e+02
   6.09842608e-01]
 [ 1.10351013e+02  1.00317192e+01  2.06614258e+02  4.22704315e+01
   6.42017799e-03]
 [ 5.68488525e+02  3.49434042e+01  5.88649048e+02  6.55401087e+01
  -6.17495787e-03]
 [ 5.61134306e+02  1.03466869e+02  6.02084689e+02  9.76196784e+01
  -5.30190756e-01]
 [ 4.19372864e+02  4.60064240e+01  5.23853088e+02  9.36575470e+01
  -1.03384915e-01]
 [ 3.11983246e+02  3.61037659e+02  4.25456573e+02  3.35455811e+02
  -5.42438641e-01]
 [ 4.21508057e+02  3.03245514e+02  4.71382690e+02  3.07773651e+02
  -5.83403990e-01]
 [ 4.63892090e+02  2.77471069e+02  5.12580627e+02  2.82941650e+02
  -5.42439196e-01]
 [ 5.05579102e+02  2.52298676e+02  5.62937622e+02  2.65292877e+02
  -2.88832495e-01]
 [ 4.37177795e+02  1.05525284e+02  5.03664978e+02  1.17991150e+02
  -1.29077628e-01]
 [ 4.35865021e+02  1.30694916e+02  4.64021576e+02  1.52655914e+02
   3.33364894e-02]]