[[ 5.47218918e+02  5.67834533e+02  5.91580399e+02  5.92341248e+02
   3.42807151e-02]
 [ 3.66534515e+02  2.04985886e+02  5.20514648e+02  2.14650284e+02
  -1.20831346e-01]
 [ 3.50192352e+02  1.31563171e+02  4.18531708e+02  1.61715881e+02
   1.48072861e-01]
 [ 3.04401169e+01  6.14918365e+01  1.54002197e+02  9.77396393e+01
  -9.27312421e-03]
 [ 1.83361298e+02  1.47165222e+02  2.31236969e+02  1.65068451e+02
  -1.24485206e-03]
 [ 4.30883514e+02  2.55649353e+02  5.08258514e+02  2.72137390e+02
  -9.38449912e-02]
 [ 6.68823436e+01  2.14589083e+01  1.54335987e+02  4.81506117e+01
  -5.83231494e-02]]