[[ 8.64710617e+00  1.32913666e+02  5.96145973e+01  1.54298828e+02
  -1.22974706e-02]
 [ 8.39189339e+00  1.72511505e+02  7.12878113e+01  1.93929321e+02
  -1.05424018e-02]
 [ 9.47873175e+01  1.72638992e+02  1.29020986e+02  1.93526260e+02
  -8.34674490e-03]
 [ 8.25454903e+00  2.18726059e+02  6.88478394e+01  2.32914841e+02
  -4.48823551e-03]
 [ 9.25815582e+01  2.18286636e+02  1.11314133e+02  2.32724228e+02
  -4.48751143e-03]
 [ 3.46233932e+00  9.28897857e+00  1.60162205e+02  5.09727097e+01
   5.08210560e-03]
 [ 1.94021057e+02  9.22316742e+00  2.93043579e+02  5.32957993e+01
   1.12776672e-02]
 [ 3.27555003e+02  3.04936030e+02  3.62479421e+02  3.37400396e+02
   2.52827454e-01]
 [ 3.82034241e+02  3.25418671e+02  4.11519104e+02  3.54678253e+02
   3.09546762e-01]
 [ 7.31824484e+01  3.37248103e+02  3.13149719e+02  3.44675964e+02
  -1.78751373e-01]
 [ 9.05054912e+01  2.30683624e+02  2.32720278e+02  2.67379639e+02
   3.42852036e-02]
 [ 1.34671814e+02  3.11949554e+02  2.78509583e+02  3.07999786e+02
  -1.67575382e-01]]