[[ 6.68146133e+00  3.16886963e+02  1.27428482e+02  3.60292908e+02
  -4.59557005e-04]
 [ 5.68469238e+00  3.87226349e+02  9.95900803e+01  4.28648163e+02
  -4.15984868e-05]
 [ 4.69169653e+00  4.53419067e+02  1.14126636e+02  4.97065430e+02
   9.84565457e-04]
 [ 3.73732452e+02  5.61777954e+02  4.32687714e+02  5.86631104e+02
  -1.06268887e-02]
 [ 1.10990940e+02  2.30344577e+02  1.92442074e+02  2.54287960e+02
  -2.77086713e-01]
 [ 1.87299652e+01  5.47450905e+01  1.52095795e+02  1.01657623e+02
  -4.46187672e-03]
 [ 2.09019775e+01  1.36270523e+02  1.37652023e+02  1.69882950e+02
  -3.93427071e-03]]