[[ 1.97798080e+02  2.39751404e+02  2.38076401e+02  2.61824127e+02
   8.94663399e-02]
 [ 1.23024834e+02  1.83915054e+02  1.67310828e+02  2.11717085e+02
  -3.04723219e-01]
 [ 1.40494659e+02  2.30243500e+02  1.77201294e+02  2.58384674e+02
  -3.22725173e-01]
 [ 4.30265122e+02  2.99583925e+02  4.96751602e+02  3.09631040e+02
  -1.31943039e-01]
 [ 5.14399433e+02  2.84459411e+02  5.83949932e+02  3.06300965e+02
   1.42007955e-02]
 [ 2.19394897e+02  1.62786713e+02  2.61566864e+02  1.83191162e+02
   1.48061310e-01]
 [ 2.15512131e+02  1.83944794e+02  2.54512894e+02  2.07989960e+02
   1.35083931e-01]
 [ 2.10953491e+02  2.09481720e+02  2.50075775e+02  2.32383911e+02
   1.19451783e-01]
 [ 4.33073669e+02  3.52479065e+02  5.89424072e+02  3.85837708e+02
  -1.56961047e-01]]