[[ 4.76397509e+02  1.89200163e+02  5.48761658e+02  2.14073578e+02
   1.07828247e-01]
 [ 4.71291840e+02  2.18767227e+02  4.88663605e+02  2.35189194e+02
  -3.40937284e-01]
 [ 4.99719593e+02  2.21850523e+02  5.41197399e+02  2.43047701e+02
   1.47201060e-01]
 [ 1.83720356e+01  2.29540756e+02  6.64137749e+01  2.49137528e+02
   9.05046034e-02]
 [ 1.77225800e+01  2.53517731e+02  6.47413483e+01  2.73731842e+02
   6.63177319e-02]
 [ 1.70035477e+01  2.84492065e+02  7.85961380e+01  3.01578125e+02
   3.95468407e-02]
 [ 4.80105137e+02  4.82479816e+01  5.56531489e+02  9.68223967e+01
   1.58734571e-01]
 [ 4.61945984e+02  1.74712845e+02  5.15663269e+02  1.97626236e+02
   9.01072135e-02]
 [ 4.52629850e+02  1.99385372e+02  5.27314974e+02  2.25918126e+02
   1.26955083e-01]
 [ 3.29087067e+00  2.94817841e+02  6.21178818e+01  3.11793427e+02
   4.30465301e-02]
 [ 2.04826685e+01  3.17626251e+02  5.42912878e+01  3.31259552e+02
   2.22691314e-02]
 [ 4.90766296e+02  2.82620163e+01  5.56795837e+02  5.85687027e+01
   5.13904542e-02]
 [ 4.91360286e+02  8.12336951e+01  5.77348206e+02  1.25279121e+02
   1.97930873e-01]]