[[ 6.41406479e+01  1.16586983e+02  1.14364220e+02  1.30285675e+02
  -2.14736570e-01]
 [ 1.30400183e+02  9.62527320e+01  2.24222681e+02  1.21346145e+02
  -7.54747679e-02]
 [ 3.40424970e+02  2.17616484e+02  4.30364520e+02  2.79008181e+02
   1.15173024e-01]
 [ 7.92189178e+01  3.65152779e+01  1.54559097e+02  4.94441719e+01
  -2.56181190e-01]
 [ 1.57811527e+02  2.54070468e+01  2.27692623e+02  5.06654095e+01
   4.03385948e-02]
 [ 2.60426361e+01  9.35695727e+01  1.35499879e+02  9.81392286e+01
  -2.92306051e-01]
 [ 1.37720107e+02  7.23027869e+01  1.66841813e+02  9.28190393e+01
  -6.05360873e-01]
 [ 1.71050019e+02  6.80997256e+01  2.48407684e+02  8.70154782e+01
  -1.24147320e-01]
 [ 3.95694550e+02  1.84485607e+01  5.77602940e+02  5.48507035e+01
  -4.44501717e-02]
 [ 3.85221033e+02  9.00607744e+01  5.51876715e+02  1.61504547e+02
   3.85753587e-02]]