[[ 3.70620906e+02  3.63989166e+02  4.75243474e+02  3.97695221e+02
  -4.81930678e-02]
 [ 5.43913867e+02  3.65109972e+01  5.79707715e+02  5.21596419e+01
   4.62217951e-02]
 [ 1.25533791e+02  1.71025963e+01  2.36925079e+02  5.84273186e+01
  -2.13745771e-04]
 [ 9.84693266e+01  9.89937432e+01  1.46402988e+02  1.35914979e+02
   2.05481577e-01]
 [ 1.65722050e+02  1.04938629e+02  2.02966457e+02  1.26107819e+02
   5.42126407e-03]
 [ 8.01881409e+01  1.27521988e+02  1.42791571e+02  1.49774735e+02
   5.54736008e-03]
 [ 1.61238251e+02  1.23287445e+02  2.09457611e+02  1.60371277e+02
   2.06065922e-01]
 [ 8.01477203e+01  1.51389313e+02  1.26223648e+02  1.73596100e+02
   8.30458403e-03]
 [ 1.42749236e+02  1.60195572e+02  1.66428041e+02  1.73930008e+02
   7.49054948e-03]
 [ 1.82014236e+02  1.60489716e+02  1.94375992e+02  1.74162140e+02
   5.61546072e-03]
 [ 4.83600627e+02  2.05695739e+02  5.82419739e+02  2.33032959e+02
   1.83327213e-02]
 [ 4.68086243e+02  3.55253387e+02  5.89593208e+02  3.99368073e+02
   2.75616306e-02]
 [ 5.51698059e+02  2.17821407e+01  5.98258484e+02  3.76911392e+01
  -3.24135426e-02]
 [ 5.47540212e+02  5.16614152e+01  5.88769481e+02  6.49565429e+01
  -4.83143541e-03]
 [ 2.40400249e+01  2.14732147e+02  2.14618176e+02  2.57758820e+02
   1.32989992e-02]
 [ 5.11166809e+02  9.79755783e+01  5.47934875e+02  1.11917702e+02
  -8.80926948e-02]
 [ 5.11433197e+02  1.22747955e+02  5.35619507e+02  1.37405947e+02
  -6.63843647e-02]
 [ 5.47952449e+02  1.25262490e+02  5.95919866e+02  1.38294708e+02
  -7.63583701e-02]
 [ 5.11573451e+02  1.45636690e+02  5.47341100e+02  1.61416685e+02
  -4.44969865e-02]
 [ 5.12307582e+02  1.68999893e+02  5.61929479e+02  1.87511124e+02
   7.64634125e-03]]