[[ 2.05873383e+02  2.33142654e+02  2.40650208e+02  2.50344070e+02
  -1.04100491e-01]
 [ 2.01564331e+02  2.63270447e+02  2.73202759e+02  2.89858459e+02
   4.64986731e-03]
 [ 4.26570796e+02  1.51973340e+02  5.07400700e+02  2.41798571e+02
   5.21142625e-01]
 [ 5.54278442e+02  6.97810287e+01  6.02786499e+02  7.12062454e+01
  -4.24379962e-01]
 [ 5.55498779e+02  1.20625313e+02  5.99927124e+02  1.16882500e+02
  -5.22434476e-01]
 [ 1.26577199e+02  1.31081416e+01  2.11643435e+02  5.58500179e+01
   1.18756899e-01]
 [ 1.77162933e+00  5.98937702e+00  6.64346085e+01  2.81151009e+01
  -1.55558993e-02]
 [ 8.65790848e+00  4.51267891e+01  7.30840692e+01  6.54720192e+01
  -4.60974534e-02]
 [ 2.29241586e+02  1.33636798e+01  2.84029053e+02  2.85008812e+01
  -2.32173492e-01]
 [ 2.21452701e+02  6.30773493e+01  2.84850064e+02  8.32283300e+01
  -2.00377966e-01]
 [ 2.09131714e+02  1.20564445e+02  2.84000153e+02  1.48747406e+02
  -1.39448755e-01]
 [ 1.99322098e+02  1.89596878e+02  2.64417311e+02  2.27981951e+02
  -1.16169749e-01]
 [ 4.25726711e+02  1.85655240e+02  4.75373143e+02  2.62732577e+02
   5.38363509e-01]
 [ 1.53770737e+02  6.28536224e+00  2.23425766e+02  2.23445778e+01
   3.24866608e-03]]