[[ 8.93098546e-01  9.71331244e+00  1.66902869e+02  2.71487176e+01
  -4.76877027e-02]
 [ 1.69172333e+02  6.25078630e+00  2.56288086e+02  2.57063084e+01
  -8.92456630e-03]
 [ 2.39002380e+01  4.64720497e+01  1.69716324e+02  6.10980949e+01
  -8.74268133e-02]
 [ 1.75198776e+02  4.06235161e+01  2.07816666e+02  5.45629845e+01
  -6.20702487e-01]
 [ 2.09661667e+02  3.31230736e+01  2.91183960e+02  5.16811790e+01
  -1.99697578e-02]
 [ 3.87442749e+02  2.93335876e+01  5.15250854e+02  7.05390625e+01
  -3.55178181e-02]
 [ 3.72209106e+02  9.52927246e+01  5.62683228e+02  1.55644470e+02
   2.26738738e-02]
 [ 4.08427133e+02  1.65285718e+02  4.33605276e+02  1.90662707e+02
   1.36403252e-01]
 [ 4.64822743e+02  1.64882644e+02  4.99294384e+02  1.92391648e+02
   4.93853016e-02]
 [ 4.03846313e+02  2.00951263e+02  4.55395081e+02  2.55444855e+02
   3.05429190e-01]
 [ 4.90260498e+02  2.26158264e+02  5.16511429e+02  2.46215822e+02
   8.58779171e-02]
 [ 3.84636473e+02  2.63746155e+02  4.84088014e+02  2.98137024e+02
  -4.29617322e-02]]