[[ 1.07157936e+02  3.18293671e+02  1.37602264e+02  3.32319550e+02
  -5.42453777e-02]
 [ 5.00146503e+02  3.09334681e+02  5.39409162e+02  3.44549169e+02
   1.23851952e-01]
 [ 5.72621526e+02  3.15051803e+02  5.82096736e+02  3.51623856e+02
   2.91977204e-01]
 [ 2.79675148e+02  1.88436149e+01  3.40165611e+02  4.37327629e+01
   6.75609075e-02]
 [ 2.95011337e+02  2.05491449e+02  3.42897598e+02  2.45854345e+02
   3.68698437e-01]
 [ 7.44472837e+01  3.26386689e+02  1.15730817e+02  3.44733062e+02
  -5.17602715e-02]
 [ 5.10072976e+02  3.50028287e+02  5.93190818e+02  3.96106235e+02
   1.41765919e-01]
 [ 5.00369757e+02  3.97489665e+02  5.14680050e+02  4.28651929e+02
   2.77504714e-01]
 [ 5.42787368e+02  3.96644758e+02  5.59265855e+02  4.31483538e+02
   2.90366812e-01]]