[[4.28102270e+02 1.06039618e+01 5.36469537e+02 7.04354030e+01
  1.57888697e-01]
 [2.18309204e+02 2.37632513e+02 2.99498169e+02 3.34686090e+02
  1.20186918e-02]
 [3.25456421e+02 2.39190613e+02 3.43501038e+02 2.99313049e+02
  1.37287179e-02]
 [4.90691833e+02 7.10655212e+01 5.82037170e+02 1.32432373e+02
  1.86425101e-01]
 [4.54568848e+02 2.55514557e+02 5.87157715e+02 3.08522919e+02
  1.21869037e-01]
 [3.28947845e+02 3.54941559e+01 3.71061371e+02 8.43963013e+01
  5.04708535e-01]
 [3.79315979e+02 6.33191223e+01 3.95894043e+02 9.23648682e+01
  1.48179932e-02]
 [3.28384760e+02 7.64773848e+01 3.54444890e+02 1.10600801e+02
  3.18657051e-01]
 [3.62025787e+02 9.04353790e+01 3.88589935e+02 1.21865234e+02
  3.18657166e-01]
 [3.93624146e+02 1.03545802e+02 4.08726623e+02 1.28508336e+02
  1.50318967e-02]
 [3.28510376e+02 1.17598572e+02 3.61185120e+02 1.49308197e+02
  1.91134820e-01]
 [3.67358429e+02 1.28401398e+02 3.72649200e+02 1.51526123e+02
  1.43705600e-02]]