[[ 1.88000003e+02  1.58943496e+02  2.31802457e+02  1.92359696e+02
   2.88452623e-02]
 [ 1.86563705e+02  2.06374847e+02  2.29622604e+02  2.39208954e+02
   3.32549398e-02]
 [ 1.03859877e+02  1.00208023e+02  1.38852113e+02  1.29795960e+02
   3.85104923e-01]
 [ 1.03579009e+02  1.25288803e+02  1.40580674e+02  1.61827011e+02
   3.82999713e-01]
 [ 6.63817062e+01 -1.03300095e-01  8.43867264e+01  1.45266800e+01
   3.04608943e-01]
 [ 9.36926689e+01  8.77877682e+00  1.18492039e+02  2.55142873e+01
   3.14431211e-01]
 [ 7.98291473e+01  1.97935677e+01  1.10223297e+02  4.17839241e+01
   2.82262576e-01]
 [ 6.85017677e+01  3.50426704e+01  1.11929739e+02  6.49260274e+01
   3.33208404e-01]
 [ 7.81704025e+01  6.04942856e+01  1.10582161e+02  8.02284775e+01
   2.36599481e-01]
 [ 1.64599257e+02  4.80556488e+01  2.30069567e+02  7.32789154e+01
   1.74025602e-02]
 [ 1.63401031e+02  9.99848099e+01  2.23544830e+02  1.24020302e+02
   2.51367618e-02]
 [ 1.10150267e+02  3.17039484e+01  1.43588135e+02  6.06309204e+01
   2.70964827e-01]]