[[-2.89451733e+00  4.69378510e+02  1.93579317e+02  4.76218841e+02
  -1.36722085e-01]
 [ 2.13654761e+02  4.33376189e+02  2.60785583e+02  4.66972565e+02
  -1.36721394e-01]
 [ 1.95548659e+01  3.67973215e+01  1.65135594e+02  8.61733092e+01
  -3.10781815e-02]
 [ 2.60118179e+01  3.85060486e+02  2.02270844e+02  3.50486511e+02
  -5.02393952e-01]
 [ 5.54658564e+01  4.21561800e+02  1.48216459e+02  4.49412687e+02
  -1.75251209e-01]
 [ 2.48158331e+01  4.98538148e+02  1.55644448e+02  5.39870910e+02
  -6.82695951e-02]
 [ 1.97838439e+02  5.07891144e+02  2.38129155e+02  5.34230957e+02
  -1.00849824e-01]
 [ 9.80577742e+01  1.11019769e+02  1.58716457e+02  1.27940879e+02
  -1.05299109e-01]]