[[ 2.67250031e+02  1.91528656e+02  3.56856964e+02  1.60556213e+02
  -5.17458333e-01]
 [ 2.95229126e+02  2.07288849e+02  3.94199036e+02  1.67367981e+02
  -5.32663815e-01]
 [ 3.16968341e+02  2.16983024e+02  4.16339399e+02  1.89445504e+02
  -5.13308464e-01]
 [ 2.68984406e+02  4.17715790e+02  3.94011871e+02  4.40404083e+02
  -2.47535662e-02]
 [ 1.24314690e+01  3.94556854e+02  5.43759727e+01  4.14442230e+02
   2.17679917e-02]
 [ 7.95431322e+01  3.97222076e+02  2.02855122e+02  4.17674713e+02
   2.17671608e-02]]