[[ 3.50587539e+02  2.83575645e+01  4.00953659e+02  5.61299843e+01
   1.46605537e-01]
 [ 3.49786346e+02  5.52905502e+01  3.91444305e+02  7.94233780e+01
   1.03837333e-01]
 [ 6.06728058e+01  1.68907959e+02  1.84894108e+02  1.99020447e+02
   8.05418066e-03]
 [ 4.52403400e+01  2.04974319e+02  1.49817312e+02  2.34075912e+02
  -3.66318109e-03]
 [ 1.65241537e+02  2.06202103e+02  2.05472086e+02  2.27458603e+02
   1.02428375e-02]
 [ 4.21107941e+02  3.56450926e+02  5.49870850e+02  3.97528442e+02
  -2.02832471e-02]
 [ 7.10375671e+01  9.34027557e+01  2.71710052e+02  1.42603531e+02
   1.51786727e-02]
 [ 3.49708843e+02  3.56215883e+02  4.41350910e+02  3.79952330e+02
  -1.04197688e-01]]