[[ 1.28963043e+02  1.65097694e+01  1.71424103e+02  4.77100639e+01
   3.55840790e-02]
 [ 4.19407410e+02  2.81612213e+02  5.80016052e+02  2.65257111e+02
  -4.01729621e-01]
 [ 4.32889696e+02  1.60625617e+02  4.58161208e+02  2.08625024e+02
   5.60918229e-01]
 [ 4.26647306e+02  1.95767973e+02  4.59798190e+02  2.60819582e+02
   6.71636775e-01]
 [ 4.30839357e+02  9.77728519e+01  4.50951476e+02  1.51045965e+02
   2.11281807e-01]
 [ 4.75931854e+02  1.00512070e+02  4.92280670e+02  1.50608536e+02
   2.13033941e-01]
 [ 5.64822449e+02  4.82606926e+01  5.91900330e+02  8.31665497e+01
  -1.74386508e-02]
 [ 5.51505981e+02  1.08518730e+02  6.00734741e+02  1.09823341e+02
  -5.52875680e-01]
 [ 2.29214294e+02  9.18870697e+01  3.01115784e+02  9.49580231e+01
  -2.01970897e-01]
 [ 2.24459869e+02  1.18340446e+02  3.17538055e+02  1.24855003e+02
  -1.55742880e-01]
 [ 2.19518265e+02  1.54568008e+02  2.85016541e+02  1.64275192e+02
  -1.64893312e-01]
 [ 2.17146133e+02  1.95124344e+02  2.80272522e+02  2.02787674e+02
  -1.40059649e-01]
 [ 1.10426880e+02  3.54792976e+00  2.13817139e+02  2.50834904e+01
   3.79013039e-02]
 [ 4.21622979e+02  3.51679020e+02  5.29401618e+02  3.31688167e+02
  -5.67066649e-01]
 [ 5.25363892e+02  2.87083405e+02  5.78617920e+02  2.92618866e+02
  -6.06749166e-01]
 [ 4.67055842e+02  1.80255122e+02  5.01606145e+02  2.68066350e+02
   7.66544970e-01]
 [ 4.24781339e+02  5.49150073e+01  5.13220093e+02  6.97698822e+01
  -3.11960342e-01]
 [ 5.78620728e+02  2.84153023e+01  5.94827515e+02  5.98722572e+01
  -1.07870317e-02]
 [ 5.78456238e+02  6.71549038e+01  5.96512268e+02  9.47607456e+01
  -1.10640392e-02]
 [ 2.03171735e+02  7.59806677e+01  3.30380435e+02  6.83743128e+01
  -2.10996803e-01]]