[[ 5.05207520e+02  3.18824234e+01  5.63081665e+02  4.72515259e+01
  -1.35279097e-01]
 [ 5.07380707e+02  7.58068848e+01  5.76707031e+02  8.98534851e+01
  -1.20500623e-01]
 [ 3.39016785e+02  1.67994598e+02  3.90067078e+02  1.69205688e+02
  -3.49388237e-01]
 [ 3.47641126e+02  1.94470055e+02  4.16957262e+02  1.88038581e+02
  -4.31077601e-01]
 [ 3.81525058e+02  1.13960200e+02  4.09173246e+02  1.30087888e+02
  -8.47639473e-02]
 [ 3.17806091e+02  1.92601719e+01  3.24870483e+02  2.86333790e+01
  -2.50182340e-01]
 [ 3.27520079e+02  1.54385072e+01  3.52614809e+02  2.83626632e+01
  -2.34123101e-01]]