[[ 2.75525374e+00  6.36329956e+01  4.60665429e+01  8.27490235e+01
   1.87594271e-02]
 [ 2.78355314e+00  8.80771332e+01  5.53089907e+01  1.07244537e+02
   1.71785876e-02]
 [ 3.41419647e+02  8.42621613e+01  3.99215973e+02  9.96741180e+01
  -1.25954019e-01]
 [ 3.54703461e+02  1.11348221e+02  4.07219635e+02  1.23875107e+02
  -1.11182353e-01]
 [ 3.55771606e+02  1.31217651e+02  3.89276550e+02  1.50685455e+02
  -9.64437641e-02]
 [ 1.39646637e+02  4.92847366e+01  1.86563049e+02  2.59844742e+01
  -8.57432569e-01]
 [ 2.96260204e+01  3.42486450e+02  8.70608141e+01  3.33968201e+02
  -3.66449051e-01]
 [ 1.41157562e+02  4.77955040e+01  1.86968414e+02  1.05148376e+02
  -1.87526252e-01]
 [ 3.23088029e+02  4.40400358e+02  3.68283920e+02  4.70957003e+02
   1.58263912e-01]
 [ 3.21489380e+02  4.68653809e+02  3.67820068e+02  4.99572083e+02
   1.66213360e-01]]