[[ 8.98904187e+00  8.71632232e+01  5.11960444e+01  1.11223831e+02
   1.69148575e-02]
 [ 5.95515442e+00  1.23699783e+02  5.63034096e+01  1.47686172e+02
   1.45501475e-02]
 [ 6.93832955e+00  1.60118500e+02  4.70529896e+01  1.83838745e+02
   1.21912153e-02]
 [ 3.65703461e+02  1.24499626e+02  3.98068756e+02  1.36423859e+02
  -1.04375563e-01]
 [ 3.64815308e+02  1.61640518e+02  4.30661560e+02  1.72323074e+02
  -1.49565773e-01]
 [ 3.41824781e+02  4.63372371e+01  4.12988635e+02  6.26640523e+01
  -1.46450575e-01]
 [ 3.46695740e+02  8.52945786e+01  4.22878845e+02  1.02563271e+02
  -1.22542325e-01]]