[[ 3.55818970e+02  6.38302994e+00  4.14252869e+02  3.28651314e+01
   3.85738968e-02]
 [ 3.50851654e+02  3.89035950e+01  4.03228302e+02  7.31152191e+01
   8.70529935e-02]
 [ 2.92414334e+02  2.99008668e+02  4.04954684e+02  2.95558959e+02
  -2.57644302e-01]
 [ 1.65599792e+02  2.68215637e+02  2.61749329e+02  3.15226135e+02
   2.08364694e-01]
 [ 2.80646118e+02  1.04700928e+01  3.41741211e+02  4.22373581e+01
   9.89486884e-02]
 [ 3.27727509e+01  2.18174561e+02  1.48219773e+02  2.61790436e+02
   1.68324793e-01]
 [ 1.07762146e+01  2.61737244e+02  1.33721512e+02  3.04178284e+02
   1.40980829e-01]]