[[ 3.20003174e+02  4.36612732e+02  3.72994019e+02  4.78054382e+02
   1.57345765e-01]
 [ 3.21427567e+02  4.78235349e+02  3.68327499e+02  5.13019412e+02
   1.76225997e-01]
 [ 2.03259827e+02  3.85023880e+01  2.54451904e+02  5.60521622e+01
   2.14409917e-02]
 [ 4.69519806e+00  2.58635139e+01  5.83196487e+01  5.04787407e+01
   2.08729784e-02]
 [ 6.90974808e+00  5.55713348e+01  5.43022124e+01  7.88447876e+01
   1.90235049e-02]
 [ 1.05469986e+02  5.19022156e+02  1.73878616e+02  5.39595886e+02
   1.37545364e-02]
 [ 1.96469404e+01  3.31803409e+02  7.08876665e+01  3.23846310e+02
  -3.63931991e-01]
 [ 3.27198866e+01  3.47318543e+02  8.29280321e+01  3.39675110e+02
  -3.71626445e-01]
 [ 4.96941707e+01  3.65392336e+02  1.05716962e+02  3.53230955e+02
  -3.93007490e-01]
 [ 2.44800461e+02  6.08671074e+01  2.79226318e+02  7.20653381e+01
  -1.14929924e-02]
 [ 2.53577841e+02  8.44327852e+01  2.89777750e+02  9.40937498e+01
  -2.34426476e-02]
 [ 2.59832853e+02  1.03369652e+02  2.93868930e+02  1.17783348e+02
   1.19491662e-02]
 [ 2.14219284e+01  1.33038269e+02  5.42455673e+01  1.56734131e+02
   1.39597797e-02]
 [ 2.03826942e+01  1.75465393e+02  6.13764000e+01  1.99086487e+02
   1.12113319e-02]]