[[ 2.86819839e+01  2.78661804e+02  9.37121811e+01  3.18832886e+02
   5.64903399e-02]
 [ 3.77709595e+02  3.40615814e+02  5.07925171e+02  3.97371918e+02
   2.98550268e-02]
 [ 4.02838000e+02  2.75262237e+02  4.25261121e+02  2.93526155e+02
   2.31049910e-02]
 [ 4.39431854e+02  2.76825918e+02  4.52514313e+02  2.95176402e+02
  -2.30484367e-02]
 [ 1.13179138e+02  5.07827759e+00  4.85141663e+02  7.20098724e+01
   8.48523870e-03]
 [ 8.13560791e+01  2.96338989e+02  1.98956299e+02  3.86850708e+02
   9.42021282e-02]
 [ 4.34389578e+02  2.97915558e+02  5.90648621e+02  3.48113190e+02
   1.26635570e-02]
 [ 3.68319397e+02  1.34710434e+02  5.84643677e+02  2.15587662e+02
  -1.99361430e-02]]