[[2.19537415e+02 1.43497574e+02 2.74428817e+02 1.70717728e+02
  6.46199931e-03]
 [1.55737125e+02 2.07711088e+02 2.45426998e+02 2.40700899e+02
  1.69698977e-01]
 [3.80373219e+01 1.16565414e+02 7.75375301e+01 1.37062561e+02
  8.48384188e-02]
 [3.50887299e+01 1.39927780e+02 6.82914429e+01 1.60005966e+02
  8.33775726e-02]
 [3.15396027e+02 2.86318970e+00 3.91119598e+02 3.21557922e+01
  5.48282405e-02]
 [3.13394971e+02 4.37107079e+01 3.71969837e+02 7.10941245e+01
  3.80815593e-02]
 [4.30562765e+02 1.77123488e+02 4.73115213e+02 2.03111161e+02
  1.00321364e-01]
 [4.71855774e+01 2.10467926e+02 1.66611542e+02 2.72012909e+02
  1.68526630e-01]
 [5.17766418e+02 1.62125031e+02 5.80416565e+02 1.86044189e+02
  1.47423166e-01]
 [3.86260468e+02 1.52163910e+02 4.53701263e+02 1.80518860e+02
  9.58913648e-02]
 [3.85628967e+02 1.81982132e+02 4.30697998e+02 2.11098648e+02
  1.98097196e-01]]