[[ 3.43026794e+02  1.60005325e+02  3.96860352e+02  1.64563065e+02
  -3.86052827e-01]
 [ 3.53241394e+02  1.98765472e+02  4.07575073e+02  2.00553558e+02
  -3.89321612e-01]
 [ 5.11869934e+02  4.95837631e+01  5.95473328e+02  6.98996582e+01
  -1.26347998e-01]
 [ 5.15460931e+02  1.12207719e+02  5.93784308e+02  1.35571578e+02
  -1.04647139e-01]
 [ 3.75349792e+02  2.42816666e+02  4.01950806e+02  2.49950912e+02
  -6.56074312e-01]
 [ 3.99936340e+02  2.25138153e+02  4.43176514e+02  2.38147491e+02
  -1.90808572e-01]
 [ 4.36163208e+02  2.10443161e+02  4.82721008e+02  2.07480728e+02
  -4.84085405e-01]
 [ 4.80353502e+02  1.90703804e+02  5.46518843e+02  1.74695458e+02
  -4.73234914e-01]
 [ 2.25744013e+02  3.69559888e+02  3.27210348e+02  3.43634753e+02
  -5.32595698e-01]
 [ 3.29805002e+02  3.15055800e+02  5.32886252e+02  2.19284838e+02
  -5.67452586e-01]
 [ 5.24627014e+02  1.98528931e+02  5.59246887e+02  2.03041199e+02
  -4.93884562e-01]
 [ 5.50669617e+02  1.83958588e+02  5.87727478e+02  1.83295593e+02
  -5.13101293e-01]
 [ 4.08462080e+02  3.12090526e+02  5.21732256e+02  2.73814565e+02
  -5.44604566e-01]
 [ 5.11778779e+02  2.44004905e+02  5.79304961e+02  2.17249185e+02
  -6.30913060e-01]
 [ 4.67747742e+02  3.19936737e+02  5.27249207e+02  3.11097870e+02
  -6.71592277e-01]
 [ 5.21538086e+02  2.87354156e+02  5.43622803e+02  2.86679413e+02
  -7.08390858e-01]
 [ 5.38404602e+02  2.66330383e+02  5.94318298e+02  2.42965332e+02
  -7.10932207e-01]
 [ 3.09648621e+02  8.43661499e+00  3.38332092e+02  2.60873032e+01
  -2.45829485e-01]]