[[ 1.34892109e+01  1.89487137e+02  2.28968461e+02  2.19599747e+02
  -1.58423925e-02]
 [ 5.37973709e+01  2.55731232e+02  1.15569252e+02  2.85025848e+02
  -5.58430557e-02]
 [ 1.48404709e+02  2.49196854e+02  2.09761124e+02  2.79760437e+02
  -5.58423833e-02]
 [ 8.07362436e+00  3.26208222e+02  2.08576835e+02  3.46071319e+02
  -9.98652129e-02]
 [ 3.99179749e+02  2.03622269e+02  4.70286011e+02  2.06505692e+02
  -1.29919535e-01]
 [ 4.81087517e+02  1.92569840e+02  5.31462410e+02  1.99223067e+02
  -1.22177972e-01]
 [ 4.01090076e+02  2.23198732e+02  4.51936779e+02  2.30217833e+02
  -1.16969002e-01]
 [ 4.61363647e+02  2.15408325e+02  5.51358643e+02  2.19612854e+02
  -1.08589138e-01]
 [ 4.10047673e+02  2.42415347e+02  5.63313014e+02  2.43184873e+02
  -9.38451148e-02]
 [ 4.51788452e+02  2.62654480e+02  4.87557617e+02  2.76669922e+02
  -4.21948494e-02]
 [ 3.05960304e+01  1.63773331e+02  1.90608325e+02  1.93668442e+02
   8.03572136e-03]
 [ 3.58787008e+01  2.22672623e+02  1.53332416e+02  2.52197342e+02
  -1.64113875e-02]
 [ 3.40851364e+01  2.88452484e+02  1.97812448e+02  3.11818757e+02
  -7.65913631e-02]
 [ 4.28091271e+02  3.35957306e+02  5.35845466e+02  3.75900665e+02
   1.04182878e-03]]