[[ 1.40964905e+02  6.12028503e+00  3.89204224e+02  4.59518661e+01
   3.33027503e-03]
 [ 4.34514935e+02  6.41683485e+00  5.43338520e+02  4.37596931e+01
  -1.09048201e-03]
 [ 1.39956564e+02  6.94711153e+01  2.62415903e+02  1.09957153e+02
  -2.01214622e-02]
 [ 3.08918945e+02  6.26606216e+01  5.06060364e+02  1.14840111e+02
  -2.20076162e-02]
 [ 1.51998551e+02  3.34428651e+02  3.04415115e+02  3.59061461e+02
  -6.64165673e-02]
 [ 3.31157534e+02  3.24746889e+02  3.84496214e+02  3.53734922e+02
  -6.64165980e-02]]