[[ 2.10820504e+02  2.02310897e+02  2.40927208e+02  2.23838364e+02
   1.12885510e-01]
 [ 2.04110135e+02  2.34108535e+02  2.50996982e+02  2.55561539e+02
   1.04250118e-01]
 [ 2.84795715e+02  2.79342041e+02  6.17016785e+02  3.08003540e+02
  -1.36039952e-01]
 [ 2.03290424e+02  4.67952680e+00  2.70106976e+02  3.41756673e+01
   4.04100049e-02]
 [ 1.93764077e+02  2.50834655e+02  2.46110740e+02  3.04401856e+02
   9.36493425e-02]
 [ 3.03694977e+02  3.60336060e+02  3.48174774e+02  3.80733215e+02
  -1.38510739e-01]
 [ 3.69813194e+02  3.47705690e+02  4.38467019e+02  3.67331359e+02
  -1.45500506e-01]
 [ 4.56821434e+02  3.38989661e+02  5.90614479e+02  3.43694299e+02
  -1.63075864e-01]]