[[ 4.05268093e+02  2.63638153e+02  4.86912327e+02  3.07780670e+02
   9.12671772e-03]
 [ 4.56326233e+02  3.51838409e+02  5.64761658e+02  4.10131927e+02
   1.44795082e-02]
 [ 2.54005119e+02  2.21550877e+02  3.47670418e+02  2.24308040e+02
  -4.76877233e-01]
 [ 2.69174255e+02  2.74422882e+02  3.49181824e+02  3.03236725e+02
  -1.36803769e-01]
 [ 4.04364662e+02  2.38824218e+02  4.64235313e+02  2.62367616e+02
   5.21830759e-02]
 [ 2.95341314e+02  3.71392975e+02  4.19012079e+02  4.10279144e+02
  -1.44274965e-03]
 [ 3.48262459e+02  1.27390056e+01  3.91530998e+02  4.91854253e+01
   2.18512589e-02]]