[[ 3.64407593e+02  1.57958832e+02  5.10753967e+02  1.21438995e+02
  -4.98426573e-01]
 [ 4.92392209e+02  4.43019053e+01  5.66073610e+02  9.43174494e+01
  -3.37225729e-01]
 [ 1.03869308e+02  4.01523209e+00  1.96563675e+02  3.62358055e+01
   2.86897145e-02]
 [ 4.56220062e+02  2.30455093e+02  5.49246748e+02  2.48403947e+02
  -5.33712568e-02]
 [ 5.12665928e+02  2.57036994e+02  5.73115688e+02  2.62204278e+02
  -2.30625236e-01]
 [ 3.64295502e+02  1.15263153e+02  4.37631012e+02  1.20875626e+02
  -4.30107284e-01]
 [ 4.10173562e+02  3.55445953e+02  4.41347557e+02  3.73689301e+02
  -1.12652940e-03]
 [ 4.43785763e+02  3.53891510e+02  4.88487308e+02  3.74768158e+02
  -2.66448029e-03]]