[[ 1.01428110e+02  1.67734390e+02  1.52323660e+02  1.85759567e+02
  -1.69778196e-02]
 [ 1.10227069e+02  1.90598556e+02  1.71551953e+02  2.15522599e+02
   4.73918363e-02]
 [ 2.46238098e+01  3.77453430e+02  1.04071533e+02  3.70246155e+02
  -3.18867840e-01]
 [ 2.78106190e+01  4.10107698e+02  1.31518483e+02  3.90278899e+02
  -3.40475226e-01]
 [ 3.15893036e+02  2.78148163e+02  4.18569427e+02  2.92588165e+02
  -1.24523971e-01]
 [ 4.38987610e+02  2.62055328e+02  5.01963196e+02  2.90708832e+02
  -1.16896322e-01]
 [ 3.31796179e+02  3.22603092e+02  4.28045801e+02  3.45342648e+02
  -1.39145024e-01]
 [ 3.50526215e+02  3.80217804e+02  5.49171509e+02  4.12425690e+02
  -1.45499663e-01]
 [ 1.79907166e+02  5.84099340e+00  2.43362946e+02  3.31681747e+01
  -7.66090953e-03]
 [ 4.41713176e+02  2.85188113e+02  5.53857015e+02  3.01351499e+02
  -1.23296973e-01]
 [ 2.32310974e+02  5.17060852e+00  2.68736511e+02  2.15837173e+01
   7.62782002e-03]]