[[ 3.11643065e+02  3.68070351e+02  3.25141664e+02  3.93939110e+02
  -5.18692677e-02]
 [ 3.29617920e+02  3.65228332e+02  3.53395569e+02  3.93885743e+02
  -6.17500402e-02]
 [ 3.58127991e+02  3.67108429e+02  3.78672546e+02  3.93434418e+02
  -7.71932194e-02]
 [ 2.24067886e+02  3.07389465e+02  3.06792603e+02  3.31603638e+02
  -5.54451829e-02]
 [ 3.52027557e+02  2.91516141e+02  5.26904053e+02  3.29612091e+02
  -4.47827269e-02]
 [ 4.17615204e+01  2.47954010e+02  8.50892563e+01  2.70835480e+02
   4.82853551e-02]
 [ 4.71172333e+00  2.71508698e+02  6.88636856e+01  3.09862823e+02
   1.76725415e-01]
 [ 4.04437836e+02  2.15303604e+02  4.60772552e+02  2.42397720e+02
   1.40295758e-04]
 [ 2.80467255e+02  1.84440948e+02  3.12768463e+02  2.12433533e+02
  -2.42711480e-01]
 [ 3.21530640e+02  1.90617477e+02  3.40778687e+02  2.14772415e+02
  -2.60974531e-01]
 [ 3.32345149e+02  3.59024842e+02  3.56043340e+02  3.73068359e+02
  -6.34537660e-02]
 [ 3.63259103e+02  3.56284974e+02  3.88581473e+02  3.71408080e+02
  -5.58944512e-02]
 [ 3.23555091e+02  2.70291871e+02  4.82799523e+02  2.82453857e+02
  -3.44130610e-02]
 [ 1.03637650e+02  3.45021515e+02  1.27254379e+02  3.95888580e+02
   3.13225917e-01]
 [ 1.60218048e+02  3.51319977e+02  1.66746246e+02  3.86247040e+02
   2.42068257e-01]]