[[ 4.21356358e+02  1.20245856e+01  5.57000576e+02  4.08025724e+01
  -6.78187008e-02]
 [ 4.17538635e+02  7.45556946e+01  5.43915283e+02  1.37311996e+02
   6.35251964e-02]
 [ 4.04228728e+02  1.55008057e+02  4.90041048e+02  2.01638428e+02
   6.22351679e-02]
 [ 2.85288055e+02  6.89839172e+00  3.16140105e+02  8.04814078e+01
   9.70827628e-01]
 [ 3.84889618e+02  2.07190979e+02  3.98739410e+02  2.29569153e+02
   1.49898006e-01]
 [ 4.26138062e+02  2.06825638e+02  5.18010010e+02  2.38667679e+02
   8.53270860e-02]
 [ 3.51558931e+02  2.47112545e+02  4.44679167e+02  2.82563236e+02
   1.19645640e-01]
 [ 4.75160645e+02  2.60091766e+02  5.45727722e+02  2.94711334e+02
   1.02166071e-01]
 [ 3.95846678e+02  3.01982448e+02  5.01994386e+02  3.46151402e+02
   1.42297865e-01]
 [ 9.46876153e+01  3.54995383e+01  1.73696412e+02  1.32738221e+02
   5.19711593e-01]
 [ 1.89967302e+02  1.00836813e+02  2.28427748e+02  1.64054392e+02
   1.31765575e-01]
 [ 8.27237116e+01  9.93043079e+01  1.34041685e+02  1.82384413e+02
   1.85355869e-01]
 [ 1.55577516e+02  1.34933433e+02  1.83026854e+02  2.01952309e+02
   1.46486117e-01]
 [ 6.80497330e+01  1.70175382e+02  1.33734023e+02  2.55868625e+02
   2.20214943e-01]
 [ 1.55703508e+02  2.02109516e+02  1.83151045e+02  2.66930431e+02
   1.41707871e-01]
 [ 4.94758819e+01  2.57781737e+02  1.70089552e+02  3.44178285e+02
   1.35271175e-01]
 [ 1.88340897e+02  2.83018616e+02  1.90218796e+02  3.33892151e+02
   1.21401442e-01]]