[[ 4.97748128e+01  1.18191209e+02  8.88727550e+01  1.38941604e+02
  -1.30931623e-01]
 [ 9.41951523e+01  1.10436691e+02  2.05712830e+02  1.23555679e+02
  -1.30930198e-01]
 [ 2.99390564e+01  3.90137787e+02  1.12036163e+02  3.99152435e+02
  -2.81049038e-01]
 [ 1.16941055e+02  3.69154846e+02  1.80972610e+02  3.85211304e+02
  -1.47538235e-01]
 [ 1.22908028e+02  4.01981932e+02  1.61477417e+02  4.40676759e+02
  -2.77285971e-02]
 [ 1.70584625e+00  1.49163229e+01  1.36593386e+02  3.11923883e+01
  -7.89696566e-02]
 [ 1.39087830e+01  4.63985786e+01  1.16258606e+02  6.17032204e+01
  -5.86724430e-02]
 [ 1.30766507e+02  5.13531725e+01  1.38975223e+02  5.37739714e+01
  -5.20091772e-02]
 [ 1.48860504e+02  4.02188988e+01  2.34467499e+02  6.22743263e+01
  -3.86868723e-02]
 [ 3.67063877e+01  4.91108887e+02  1.55307624e+02  5.14922424e+02
  -9.76514752e-02]
 [ 7.19053650e+00  5.39536560e+02  2.07356080e+02  5.92923889e+02
   2.91497962e-02]]