[[ 6.60920563e+01  7.60922670e+00  9.21695557e+01  2.91223145e+01
  -1.79387912e-04]
 [ 1.32711777e+02  2.09381771e+01  2.90146499e+02  7.02136479e+01
  -8.85901474e-04]
 [ 1.82324937e+00  2.62865875e+02  8.61774445e+01  3.24910065e+02
   3.52446081e-02]
 [ 4.00857697e+02  2.74329803e+02  4.51452545e+02  2.95151276e+02
   1.34229226e-02]
 [ 3.95572489e+02  3.01279236e+02  6.03103780e+02  3.84417542e+02
   4.00867245e-03]
 [ 3.31199070e+02  3.89255081e+01  4.46395839e+02  5.20523056e+01
  -5.84995858e-02]
 [ 4.63305664e+02  3.47008324e+01  5.66215576e+02  5.84061623e+01
   1.32573277e-02]
 [ 3.75847730e+02  6.32984467e+01  5.18405780e+02  8.33368072e+01
  -3.17027739e-03]
 [ 5.36655365e+02  6.83239137e+01  5.66971344e+02  8.03099517e+01
  -4.12498316e-03]
 [ 3.56680103e+02  9.35723496e+01  4.61941784e+02  1.16366402e+02
  -4.78946337e-03]
 [ 4.81031494e+02  9.29897842e+01  5.71794189e+02  1.09783226e+02
  -5.72436646e-03]
 [ 4.42300868e+02  1.23320404e+02  5.72574468e+02  1.40249420e+02
  -7.37661380e-03]
 [ 3.58794128e+02  1.55074005e+02  4.52998718e+02  1.72834625e+02
  -9.08439275e-03]
 [ 4.71968825e+02  1.57463108e+02  5.93648241e+02  1.71556820e+02
  -6.94999832e-02]
 [ 5.13624390e+02  1.91126175e+02  5.85301758e+02  2.06248428e+02
  -1.12401581e-01]
 [ 8.75805632e+01  2.96375702e+02  2.86514832e+02  3.67306061e+02
   2.89545588e-02]
 [ 3.04834930e+02  2.89623932e+02  4.23445587e+02  3.26905731e+02
   3.82144047e-02]]