[[ 4.53662645e+01  5.29962219e+02  1.11864033e+02  5.44227356e+02
  -3.24942623e-04]
 [ 3.68936554e+02  1.12972298e+02  4.27856598e+02  1.43159912e+02
  -1.00013275e-02]
 [ 3.66888306e+02  1.57541183e+02  4.34764954e+02  1.76486130e+02
  -7.89242838e-02]
 [ 2.04926392e+02  1.91688538e+01  2.43596405e+02  3.67902069e+01
   1.62419572e-02]
 [ 2.61834106e+02  2.38195114e+01  2.84989563e+02  3.69255714e+01
   7.38530164e-03]
 [ 2.12746857e+02  5.17445030e+01  2.80272491e+02  6.90806274e+01
  -6.91112006e-02]
 [ 7.15057684e+00  1.08504684e+02  8.08591311e+01  1.57105667e+02
   1.39594742e-02]
 [ 9.90803474e+01  8.16042570e+01  1.43412450e+02  1.01141638e+02
  -2.40900047e-01]
 [ 7.23266716e+01  5.18051331e+02  1.60418156e+02  5.33242859e+02
   1.65498146e-02]
 [ 3.45093715e+02  1.91234097e+01  3.84996617e+02  3.29909930e+01
  -1.12535506e-01]
 [ 3.47211609e+02  4.27625999e+01  3.65516357e+02  5.79158363e+01
  -1.22377844e-02]
 [ 3.82861664e+02  4.13744888e+01  3.92865997e+02  5.34656982e+01
  -8.44707879e-03]
 [ 2.13344025e+02  6.85234070e+01  2.56333771e+02  8.36737823e+01
  -9.26454723e-03]
 [ 2.19114276e+02  8.72685241e+01  2.92337400e+02  1.03407944e+02
   6.70516538e-03]
 [ 1.62268982e+01  1.72364685e+02  7.35842674e+01  1.95208923e+02
   1.14724820e-02]
 [ 1.83237762e+01  2.07682007e+02  6.64553528e+01  2.25216370e+02
   9.51441085e-03]
 [ 9.39346610e+01  1.25100145e+02  1.25082612e+02  1.37602919e+02
  -1.47804735e-01]
 [ 1.06460754e+02  1.48841629e+02  1.33301300e+02  1.60812210e+02
  -2.18647631e-01]]