[[ 1.62761930e+02  2.23921677e+02  2.13711154e+02  2.35123947e+02
   3.16712446e-02]
 [ 1.44657618e+02  7.77626260e+01  3.11821320e+02  1.22224495e+02
   1.13630305e-01]
 [ 4.60800115e+02  3.39281136e+01  5.49344568e+02  5.34134086e+01
  -2.13635170e-01]
 [ 4.80504513e+02  1.12931372e+02  5.86894810e+02  1.17172143e+02
  -1.82246052e-01]
 [ 4.93882111e+02  1.55334808e+02  5.97220337e+02  1.63552246e+02
  -1.50596635e-01]
 [ 4.77983560e+02  7.20714994e+01  5.45057700e+02  7.13563112e+01
  -2.02243869e-01]
 [ 4.83457367e+02  9.06066360e+01  5.58093994e+02  8.90575485e+01
  -1.88656359e-01]]