[[ 4.20899478e+02  9.09967213e+01  4.68701230e+02  1.05436857e+02
  -6.74067671e-02]
 [ 4.86626916e+02  8.57288171e+01  5.31776245e+02  1.01178726e+02
  -6.74067361e-02]
 [ 4.19051089e+02  1.14525642e+02  5.08592039e+02  1.34868195e+02
  -7.03810117e-05]
 [ 2.84092102e+01  3.91357330e+02  8.21901093e+01  4.23063934e+02
   6.23755036e-02]
 [ 3.75938373e+02  1.51475403e+02  4.49283917e+02  1.75438568e+02
   6.13874676e-03]
 [ 4.74113862e+02  1.48641724e+02  5.84697906e+02  1.72912078e+02
  -1.51483673e-02]
 [ 5.96556702e+01  3.66450073e+02  1.02472488e+02  3.82015991e+02
  -3.93576232e-03]
 [ 1.02630142e+02  4.13666016e+02  1.07874908e+02  4.43300598e+02
   3.98238990e-01]]