[[ 4.15258413e+02  2.65328308e+02  5.00775217e+02  3.03252197e+02
   1.48278755e-02]
 [ 3.55704212e+02  3.67649505e+02  4.46076366e+02  4.13462738e+02
   1.06366746e-02]
 [ 4.87048198e+02  3.81554321e+02  5.73224782e+02  4.13253724e+02
   7.76823425e-03]
 [ 9.54335696e+01  1.77642575e+02  1.89691675e+02  2.47479922e+02
   2.95927314e-01]
 [ 3.21885468e+02  2.54334850e+01  3.80589752e+02  5.60753479e+01
  -2.00257893e-02]
 [ 4.40549103e+02  2.31262726e+02  4.99263214e+02  2.86256805e+02
   2.63517282e-01]
 [ 4.08453292e+02  3.53283783e+02  5.31806290e+02  3.76312470e+02
   1.39978023e-02]
 [ 5.49600333e+02  3.54397185e+02  5.97146493e+02  3.79998200e+02
   1.01317582e-01]
 [ 2.95007572e+02  6.19803981e+01  3.35644894e+02  8.78874455e+01
   7.40350192e-02]
 [ 2.73795128e+02  2.39665604e+02  3.32366922e+02  2.88156066e+02
  -8.49222171e-02]]