[[ 9.22386093e+01  4.17428741e+02  1.22923485e+02  4.26813263e+02
  -5.67112502e-02]
 [ 8.46700759e+01  4.38969330e+02  1.10702910e+02  4.50582855e+02
  -6.89327965e-03]
 [ 1.58584561e+01  3.66492706e+02  6.72950912e+01  3.86120575e+02
  -4.46575893e-03]
 [ 1.28026123e+01  3.92514648e+02  8.82070694e+01  4.11938232e+02
  -7.94177839e-03]
 [ 4.48967439e+02  1.08258191e+02  4.73953154e+02  1.46254931e+02
   9.74862178e-02]
 [ 5.15416199e+02  1.10868652e+02  5.40268738e+02  1.42888092e+02
   3.70293293e-02]
 [ 4.76287168e+02  1.66074982e+02  5.93821474e+02  2.08210236e+02
   2.58397425e-03]
 [ 4.36659058e+02  2.33196625e+02  5.65971313e+02  2.88175140e+02
   9.53778127e-02]
 [ 3.35048042e+01  3.09038452e+02  9.41011353e+01  3.47671448e+02
   2.29883319e-01]
 [ 1.44647608e+02  3.32368346e+02  1.93333288e+02  3.61848512e+02
   2.31231440e-01]
 [ 8.75134406e+01  3.67882751e+02  1.34545092e+02  3.88569519e+02
   8.62446928e-02]
 [ 3.70040527e+02  9.46298370e+01  4.52715332e+02  1.09630478e+02
  -8.16027702e-02]
 [ 4.70360049e+02  7.95208336e+01  5.44486816e+02  1.00320656e+02
  -6.74065752e-02]
 [ 3.65861816e+02  1.17212311e+02  4.38658752e+02  1.39375885e+02
  -4.27881906e-02]
 [ 3.61290252e+02  1.48859833e+02  4.28578584e+02  1.72510193e+02
  -3.77157931e-02]
 [ 4.50047973e+02  1.44698563e+02  4.89540161e+02  1.71975082e+02
  -1.69193686e-02]
 [ 3.41776462e+02  4.42410746e+02  3.49953580e+02  4.60283529e+02
   1.43325957e-01]
 [ 3.58680817e+02  4.43188690e+02  3.76207733e+02  4.53080231e+02
  -1.16121000e-01]]