[[ 3.40364429e+02  7.57857321e+01  3.98087476e+02  1.34012226e+02
   3.11090016e-01]
 [ 2.89784210e+02  1.41538071e+02  3.28002899e+02  1.86440201e+02
   4.04607007e-01]
 [ 3.35661133e+02  2.59965813e+01  3.50454224e+02  5.36850745e+01
  -1.85897263e-02]
 [ 3.71814880e+02  1.33349991e+01  4.20622864e+02  6.07457047e+01
   3.48243735e-02]
 [ 5.10735229e+02  4.89839172e+01  5.45568481e+02  6.77878723e+01
   1.89428014e-01]
 [ 5.06284701e+02  6.92649939e+01  5.51922604e+02  9.21843527e+01
   1.93105075e-01]
 [ 5.01663109e+02  9.61276851e+01  5.82255866e+02  1.23859580e+02
   2.08759993e-01]
 [ 4.99290866e+02  1.17796457e+02  5.27880249e+02  1.39675308e+02
   2.13435008e-01]
 [ 4.94786438e+02  1.44887222e+02  5.28677795e+02  1.69880600e+02
   2.24815146e-01]
 [ 4.89405701e+02  1.73787567e+02  5.73842468e+02  2.14288666e+02
   2.44800512e-01]
 [ 1.79044250e+02  3.03466034e+01  2.56335663e+02  6.65344315e+01
   3.64232490e-02]
 [ 2.89670991e+02  1.21346957e+02  3.69193267e+02  1.74748228e+02
   4.07671478e-01]
 [ 2.94268799e+02  7.12787247e+00  3.32843689e+02  3.88609352e+01
   7.11763823e-02]
 [ 4.70459351e+02  5.32742157e+01  5.28980103e+02  7.65638123e+01
   1.94261054e-01]]