[[ 7.80819380e+01  2.32144189e+02  1.09072359e+02  2.74566214e+02
   6.07378777e-01]
 [ 7.64254200e+01  2.69607542e+02  1.05210688e+02  3.07917482e+02
   6.18149455e-01]
 [ 1.05805573e+02 -3.94641189e+00  1.40874176e+02  3.74187775e+01
   4.70131721e-01]
 [ 1.04999872e+02  3.30066321e+01  1.33323898e+02  6.08799248e+01
   2.67181184e-01]
 [ 1.02768295e+02  1.03376572e+02  1.50429554e+02  1.49959047e+02
   4.55204353e-01]
 [ 6.11404460e+01  4.22530662e+01  1.25203701e+02  8.27072457e+01
   2.37884938e-01]
 [ 7.43723841e+01  1.14239743e+02  1.41556815e+02  1.68406802e+02
   4.07023519e-01]
 [ 7.28687831e+01  1.47795545e+02  1.29583396e+02  1.92064562e+02
   3.38792491e-01]]