[[ 8.95414058e+01  2.07935899e+02  1.39481185e+02  2.38417525e+02
  -6.53180218e-02]
 [ 9.21198120e+01  2.48385849e+02  1.38248749e+02  2.55960373e+02
  -1.52837684e-01]
 [ 9.38374710e+01  2.78027679e+02  1.37647247e+02  2.83262726e+02
  -1.76183271e-01]
 [ 9.32974596e+01  3.04771912e+02  1.42145389e+02  3.06702209e+02
  -1.96817460e-01]
 [ 2.21453816e+01  1.48912641e+01  1.21800297e+02  6.98528594e+01
  -3.09529105e-02]
 [ 3.68150474e+01  8.80243912e+01  1.25958741e+02  1.26071983e+02
  -5.78537675e-02]
 [ 4.81381407e+01  3.27604769e+02  1.15437905e+02  3.27757475e+02
  -2.05993790e-01]
 [ 1.83886115e+02  2.12674440e+02  2.27387688e+02  2.22310241e+02
  -1.34470678e-01]
 [ 8.45343094e+01  7.79426727e+01  1.60080658e+02  9.22837677e+01
  -4.24221509e-02]]