[[ 1.90143051e+01  1.87733231e+01  9.96244812e+01  2.41910477e+01
  -1.86321635e-01]
 [ 1.08597992e+02  1.83614899e+02  1.50364502e+02  2.13363892e+02
   4.48098775e-02]
 [ 1.17608635e+02  2.29249480e+02  1.75378250e+02  2.62589296e+02
   9.76474183e-02]
 [ 3.13577188e+02  2.72316531e+02  4.88910238e+02  2.92043821e+02
  -1.26805516e-01]
 [ 3.49751360e+02  3.64383695e+02  5.20111572e+02  4.07558685e+02
  -1.59928179e-01]
 [ 5.73788786e+01  4.54779520e+01  1.12787534e+02  5.30356665e+01
  -1.89241730e-01]
 [ 1.21219269e+02  2.10975220e+02  1.66583957e+02  2.35059998e+02
   4.22188015e-02]
 [ 1.23805281e+02  9.50630977e+00  1.60444231e+02  1.66631639e+01
  -1.80241884e-01]
 [ 1.27121796e+02  2.70773544e+01  1.64655243e+02  3.40498810e+01
  -1.13139419e-01]
 [ 3.19410957e+02  3.26673800e+02  5.38324669e+02  3.50108731e+02
  -1.24594910e-01]]