[[ 4.12542419e+02  1.96582382e+02  4.50662781e+02  2.22614548e+02
   2.50547245e-01]
 [ 4.79822601e+02  1.23294304e+02  5.17632735e+02  1.39820047e+02
  -7.18644310e-02]
 [ 3.32050531e+02  3.52675781e+01  3.82558600e+02  5.05465164e+01
  -1.90981373e-03]
 [ 3.94661629e+02  3.40429650e+01  4.18071892e+02  5.15145149e+01
  -1.85171919e-03]
 [ 3.31556691e+02  6.14714394e+01  3.61364879e+02  7.73197021e+01
  -4.09764177e-03]
 [ 3.74492981e+02  6.34798355e+01  4.00426575e+02  7.71596146e+01
  -4.09814438e-03]
 [ 4.11403864e+02  6.01395567e+01  4.96735784e+02  8.26524812e+01
   2.77976780e-02]
 [ 5.12188538e+02  6.22362823e+01  5.25733826e+02  7.85627441e+01
   1.20593079e-01]]