[[ 8.97594954e+01  3.17554444e+02  3.16014072e+02  3.53260070e+02
  -2.31495385e-01]
 [ 3.30069153e+02  2.99397095e+02  3.77127441e+02  3.47109131e+02
   3.16902548e-01]
 [ 3.14176785e+02  5.66720819e+01  3.49289645e+02  6.17323370e+01
  -3.12483222e-01]
 [ 3.18302516e+02  8.47644438e+01  3.53626012e+02  9.11195131e+01
  -2.89618243e-01]
 [ 2.83462731e+02  1.80628657e+02  3.18375892e+02  2.30152288e+02
   6.53772276e-01]
 [ 2.60926632e+02  2.07621793e+02  2.84600834e+02  2.50713107e+02
   6.32910223e-01]
 [ 2.07192283e+02  3.82818759e+02  2.73830422e+02  3.82971952e+02
  -2.98494490e-01]
 [ 6.50353346e+01  1.39675521e+01  1.89950513e+02  3.99082566e+01
   8.53262993e-03]
 [ 5.12157745e+01  5.50824280e+01  1.58192841e+02  8.32691498e+01
   1.23239293e-02]
 [ 2.43510529e+02  1.70865219e+02  2.87059296e+02  2.32838913e+02
   5.80861943e-01]]