[[ 7.35329971e+01  4.14940704e+02  1.27143837e+02  3.94680145e+02
  -7.51245077e-01]
 [ 8.03441696e+01  1.32339371e+02  1.22315910e+02  1.66353531e+02
   3.89087830e-01]
 [ 1.71894440e+02  4.69045181e+01  2.39488373e+02  7.35871506e+01
   1.98992523e-02]
 [ 1.69575234e+02  9.38227385e+01  2.15286033e+02  1.23716583e+02
   2.21437843e-02]
 [ 1.69208760e+02  1.48881317e+02  2.24160472e+02  1.78766510e+02
   3.07833827e-02]
 [ 7.84149527e+01  2.80714206e+01  1.33323893e+02  6.08799268e+01
   1.97221863e-01]
 [ 7.46570129e+01  4.36883026e+02  1.21914612e+02  4.27191620e+02
  -6.25711971e-01]
 [ 1.00900329e+02  1.02402298e+02  1.44130463e+02  1.47133789e+02
   4.03476204e-01]
 [ 1.73460596e+02  1.76146423e+02  2.23364294e+02  1.95289093e+02
   3.24896336e-02]
 [ 1.72832550e+02  2.05212494e+02  2.22448059e+02  2.32671539e+02
   1.66994942e-01]
 [ 1.73603971e+02  2.34138122e+02  2.16037631e+02  2.63050171e+02
   1.99546215e-01]
 [ 9.90262555e+01 -6.83160435e-01  1.37476349e+02  2.81422081e+01
   3.08300478e-01]]