[[ 9.73927460e+01  2.63907745e+02  2.55121048e+02  3.12627411e+02
   1.00202711e-02]
 [ 3.77091782e+02  5.73724731e+02  4.27258865e+02  5.95285645e+02
   9.30226018e-03]
 [ 4.41314515e+02  5.71093013e+02  4.57980407e+02  5.97165410e+02
   1.19452963e-01]
 [ 4.71149177e+02  5.73536194e+02  5.02265862e+02  5.95133240e+02
   9.78867084e-03]
 [ 1.83733702e+02  1.45052917e+02  2.32572816e+02  1.66885193e+02
  -1.28340396e-02]
 [ 4.63268646e+02  2.20245056e+02  5.74604858e+02  2.31902100e+02
  -2.71948095e-01]
 [ 4.73057007e+02  2.79121002e+02  5.77038940e+02  3.02620453e+02
  -7.65998597e-02]
 [ 3.61126786e+02  1.23629606e+02  4.44499862e+02  1.62895846e+02
   1.63260968e-01]
 [ 2.41660706e+02  2.37548447e+01  2.83788513e+02  5.33559341e+01
   6.39340759e-02]
 [ 3.08848511e+02  1.19672966e+01  3.76102051e+02  5.92659340e+01
   6.39337265e-02]
 [ 4.04590210e+02  2.80214233e+01  4.52066772e+02  7.62567749e+01
   7.61048392e-02]
 [ 9.48539734e+00  1.30758392e+02  1.68934799e+02  1.69136749e+02
   1.76467790e-02]
 [ 1.24076510e+01  1.77321365e+02  1.29471680e+02  2.21403152e+02
   1.11771728e-02]
 [ 1.21254272e+01  2.33876770e+02  1.77827393e+02  2.77504059e+02
  -2.22483526e-02]
 [ 4.15394521e+02  1.82672823e+02  5.40045969e+02  1.95312926e+02
  -1.54719063e-01]
 [ 3.82324941e+02  1.30827468e+02  4.53182872e+02  1.54363908e+02
   1.25467008e-01]
 [ 2.82186033e+02  5.11004942e+01  3.25658328e+02  7.18746950e+01
   8.21433699e-02]
 [ 2.80079438e+02  7.37534071e+01  3.07260528e+02  9.32435411e+01
   1.08921493e-01]
 [ 3.25378784e+02  7.77509308e+01  3.56274292e+02  9.86034241e+01
   1.08921749e-01]
 [ 3.77179165e+02  8.15496975e+01  4.51920444e+02  1.09062775e+02
   1.08921767e-01]
 [ 4.74895302e+02  9.08820165e+01  5.21296562e+02  1.16649374e+02
   1.08921864e-01]]