[[ 2.03267670e+01  4.47306290e+01  1.98722534e+02  6.86094894e+01
   2.64919351e-02]
 [ 6.44371502e+01  7.65758054e+01  1.75251784e+02  1.02815659e+02
   1.65209004e-02]
 [ 8.88955154e+01  1.48058746e+02  1.22356621e+02  1.77166809e+02
   3.20270323e-01]
 [ 3.16012756e+02  4.37296448e+02  3.63741028e+02  4.75858704e+02
   1.93544044e-01]
 [ 3.12576492e+02  4.82153006e+02  3.62187058e+02  5.23638620e+02
   1.94993270e-01]
 [ 2.84371051e+01  3.27188660e+02  6.68658047e+01  3.47489441e+02
  -7.52364596e-03]
 [ 2.35036297e+01  3.50945679e+02  6.38342285e+01  3.72676514e+02
  -1.27805288e-02]
 [ 1.59472260e+02  1.48677307e+02  2.21455444e+02  1.28503723e+02
  -6.42970208e-01]
 [ 2.20991526e+02  1.01506382e+02  2.76951848e+02  8.69273950e+01
  -6.42970373e-01]
 [ 3.37791168e+02  3.67129669e+02  3.80270111e+02  4.02598846e+02
   3.46673664e-01]
 [ 3.31319092e+02  3.99975861e+02  3.75128418e+02  4.28380524e+02
   1.87889775e-01]
 [ 3.38525528e+02  4.73207608e+02  3.77492355e+02  5.05728488e+02
   1.94363953e-01]
 [ 2.27455283e+02  6.30106271e+01  3.34709512e+02  2.26852881e+01
  -6.50854670e-01]
 [ 3.46236145e+02  2.41169128e+02  3.82431091e+02  2.86650269e+02
   4.66031578e-01]
 [ 3.38143706e+02  2.88743486e+02  3.75701448e+02  3.33983138e+02
   4.16102120e-01]
 [ 3.29541107e+02  3.39227448e+02  3.68574615e+02  3.84109955e+02
   3.61656677e-01]]