[[ 2.91435677e+02  1.36850524e+02  3.24645134e+02  1.58034028e+02
   5.24070034e-02]
 [ 2.96828125e+02  1.62148331e+02  3.64239624e+02  1.85803635e+02
   8.98826183e-02]
 [ 2.32169617e+02  2.98903019e+02  3.11405106e+02  3.19980831e+02
  -2.73889053e-01]
 [ 7.78445435e+00  2.21862289e+02  1.13000046e+02  2.47333908e+02
  -2.15610094e-02]
 [ 1.85140762e+01  4.00670380e+02  9.25176010e+01  4.51331329e+02
   1.65550028e-01]
 [ 9.45236618e+01 -1.63436335e+01  2.05431172e+02  6.98491533e+01
   3.54509466e-01]
 [ 5.82443625e+01  2.37466782e+02  1.26323520e+02  2.55136978e+02
  -2.52096921e-02]
 [ 2.69159363e+02  3.82814819e+02  3.27611328e+02  3.86943604e+02
  -1.04907281e-01]]