[[ 3.36411552e+02  3.82390482e+00  4.29944649e+02  6.16551906e+01
   1.41414475e-01]
 [ 2.83875427e+02  1.23225449e+02  3.43069946e+02  1.67743698e+02
   3.93464471e-01]
 [ 2.62511322e+02  1.43112167e+02  3.24226166e+02  1.92800003e+02
   4.08157451e-01]
 [ 1.85868179e+02  2.08658390e+01  2.53180679e+02  5.47001190e+01
  -1.26329839e-01]
 [ 5.08492154e+02  1.44956047e+02  5.56417270e+02  1.78422554e+02
   2.32462611e-01]
 [ 4.99202917e+02  1.97800073e+02  5.60876770e+02  2.30334015e+02
   2.45663264e-01]
 [ 4.94784725e+02  2.41175719e+02  5.49565890e+02  2.86589304e+02
   2.75232266e-01]
 [ 2.85317383e+02  1.21035566e+01  3.07328003e+02  3.41949501e+01
  -5.05250309e-02]
 [ 3.18002228e+02  9.91259630e+00  3.46931366e+02  4.67184462e+01
  -2.11496720e-02]
 [ 1.36706171e+02  2.61481452e+01  1.58747931e+02  5.35751595e+01
   3.66217047e-01]
 [ 2.29183496e+02  2.11832016e+02  2.74469000e+02  2.23064194e+02
  -3.70859648e-02]
 [ 2.82778625e+02  2.12658081e+02  3.33086670e+02  2.20889343e+02
  -3.70858723e-02]
 [ 3.43937728e+02  2.06349930e+02  4.22204239e+02  2.19354172e+02
  -1.44108549e-02]]