[[ 2.20640701e+02  1.46210846e+02  3.10464417e+02  1.54064545e+02
  -1.69909516e-01]
 [ 2.17251924e+02  1.87311924e+02  3.00168609e+02  1.96874691e+02
  -1.32118869e-01]
 [ 2.08183830e+02  2.26220826e+02  2.74349038e+02  2.50935729e+02
  -1.01615695e-01]
 [ 2.07250576e+01  1.03497992e+01  7.98822861e+01  3.07538795e+01
  -6.50592151e-02]
 [ 2.65304718e+01  4.51228218e+01  8.01249542e+01  6.22645226e+01
  -4.37358983e-02]
 [ 5.52916992e+02  6.58564987e+01  6.02659790e+02  7.30915451e+01
  -4.15306262e-01]
 [ 4.04971962e+02  3.63871079e+01  5.35034751e+02  8.99714775e+01
  -1.72057532e-01]
 [ 8.33999260e+01  1.53786975e+01  1.77883125e+02  4.26137275e+01
  -1.25672240e-02]
 [ 2.21680161e+02  5.78299828e+01  2.70251796e+02  6.40424014e+01
  -2.23436429e-01]
 [ 2.19910461e+02  8.92933731e+01  2.81527924e+02  9.25611801e+01
  -1.75155797e-01]
 [ 2.16547209e+02  1.08530090e+02  2.75452637e+02  1.37603760e+02
   2.49594878e-02]
 [ 3.65090546e+02  3.38592896e+02  3.96412506e+02  3.43611206e+02
  -5.32910271e-01]
 [ 3.94037598e+02  3.10976410e+02  4.74263550e+02  3.08044281e+02
  -4.08347977e-01]
 [ 4.71156372e+02  2.79331024e+02  4.90621826e+02  2.88043365e+02
  -6.17648559e-01]
 [ 4.87730652e+02  2.64366760e+02  5.41471008e+02  2.58050781e+02
  -5.32910340e-01]
 [ 3.41368588e+02  3.43470065e+01  3.75027653e+02  2.68159116e+01
  -6.11184550e-01]
 [ 3.81111686e+02  1.03212949e+01  4.01375253e+02  8.88862407e+00
  -6.02197228e-01]
 [ 4.19708054e+02  1.00718445e+02  5.04313796e+02  1.43157715e+02
   2.41883761e-03]
 [ 1.85112635e+02  4.66215323e+00  2.19862829e+02  1.97799683e+01
   2.84438498e-03]
 [ 1.79206940e+02  2.97851677e+01  2.20986969e+02  4.59288216e+01
   6.98514730e-03]]