[[ 1.89787842e+02  1.12676029e+01  2.50590881e+02  2.95563946e+01
  -1.87741485e-02]
 [ 9.32722446e+00  2.60435658e+01  8.78419342e+01  3.56328049e+01
  -2.52493612e-01]
 [ 1.10680428e+01  6.24680290e+01  8.62079384e+01  7.78077890e+01
  -1.91070041e-01]
 [ 3.27930573e+02  2.70024536e+02  4.64225189e+02  2.96008118e+02
  -8.18254886e-02]
 [ 3.49719590e+02  3.24892855e+02  5.50222060e+02  3.44731169e+02
  -1.30247252e-01]
 [ 2.15619337e+02  1.63138409e+02  2.71061785e+02  1.97490894e+02
   1.71393304e-01]
 [ 2.06539212e+02  1.98150940e+02  2.66941013e+02  2.23969055e+02
   2.33496137e-02]
 [ 2.05731112e+02  2.20369078e+02  2.53431577e+02  2.50757692e+02
   9.71597286e-02]
 [ 1.99300140e+02  2.50598267e+02  2.43227173e+02  2.75720642e+02
   8.12050753e-02]
 [ 1.71880554e+02  2.19023075e+01  2.16662689e+02  3.91625748e+01
  -3.34041988e-02]
 [ 3.16562328e+01  2.01501801e+02  9.03318177e+01  2.06924225e+02
  -2.01499879e-01]
 [ 3.39376659e+01  2.29114136e+02  9.31163655e+01  2.32575347e+02
  -2.04082385e-01]
 [ 3.45591074e+01  2.58282807e+02  1.07449678e+02  2.59394684e+02
  -2.06773934e-01]
 [ 3.48116696e+02  3.72717377e+02  5.81894046e+02  4.02896331e+02
  -1.43429759e-01]
 [ 3.64225655e+01  3.92024811e+02  1.61641525e+02  3.83060394e+02
  -2.65240831e-01]
 [ 1.22064205e+02  1.86235321e+02  1.61965240e+02  2.06702362e+02
   2.91365445e-02]
 [ 1.34830833e+02  2.23176604e+02  1.78594979e+02  2.47594636e+02
   1.13858662e-01]]