[[ 4.67054717e+02  1.24343624e+02  5.12889404e+02  1.38702576e+02
  -1.29365940e-01]
 [ 2.26489466e+02  2.18360294e+02  2.95555334e+02  2.15672207e+02
  -5.15553965e-01]
 [ 1.27837250e+02  1.52787151e+01  2.01309265e+02  3.44010620e+01
  -1.85198960e-03]
 [ 2.23833449e+02  2.65156689e+01  2.45807329e+02  3.09693813e+01
  -1.67895334e-03]
 [ 2.56258514e+02  5.87294769e+00  4.18091644e+02  4.87217140e+01
   6.89632451e-02]
 [ 1.12421494e+02  6.21795959e+01  2.37690475e+02  8.52641144e+01
  -3.26888868e-03]
 [ 2.56256927e+02  5.52249947e+01  2.96930939e+02  7.44059906e+01
  -3.93392528e-03]
 [ 3.10727164e+02  5.43197173e+01  4.23348153e+02  8.37132874e+01
   8.14929520e-03]]