[[ 5.13444366e+01  1.52428238e+02  1.33561447e+02  2.09471970e+02
   2.90445776e-01]
 [ 8.83342438e+01  4.22581085e+02  1.23849258e+02  4.31080048e+02
  -1.95677242e-01]
 [ 3.68349762e+02  7.70568542e+01  4.68030792e+02  9.18043671e+01
  -7.77016545e-02]
 [ 2.19436569e+01  3.84480591e+02  8.37391968e+01  4.10969910e+02
  -7.80750988e-03]
 [ 9.20574951e+01  2.05495819e+02  1.87307495e+02  2.77868164e+02
   3.06234554e-01]
 [ 7.85689072e+01  4.33066650e+02  1.18009096e+02  4.56651001e+02
   1.93682576e-03]
 [ 3.74492584e+02  1.00389343e+02  4.78435638e+02  1.13401382e+02
  -6.09604268e-02]
 [ 3.69995148e+02  1.42084518e+02  3.91316681e+02  1.55181473e+02
  -3.17347943e-02]
 [ 4.14846909e+02  1.31649338e+02  5.62352859e+02  1.49751754e+02
  -3.17353867e-02]
 [ 4.11624146e+00  3.65498260e+02  1.02504684e+02  3.89088959e+02
  -1.69486472e-03]]