[[-6.33445740e-01  5.71255676e+02  6.20386963e+01  5.91170471e+02
  -1.51666621e-02]
 [ 6.07586594e+01  5.69301025e+02  1.20335854e+02  5.90286133e+02
  -1.51676821e-02]
 [ 2.48848298e+02  2.85596936e+02  2.89707854e+02  2.82810413e+02
  -7.08522148e-01]
 [ 2.71876434e+02  3.06101166e+02  3.11946747e+02  3.03548676e+02
  -6.83024561e-01]
 [ 1.01015192e+02  4.69462738e+02  2.10435370e+02  5.00858795e+02
   4.82302988e-02]
 [ 7.70435333e-01  4.74298584e+02  1.13668503e+02  5.02440186e+02
  -2.33199001e-02]
 [ 1.48291455e+02  2.97896396e+02  2.01282520e+02  2.58321621e+02
  -7.89583796e-01]
 [ 1.44930202e+02  3.28787969e+02  2.17116795e+02  2.72904353e+02
  -7.86858904e-01]]