[[ 1.48607773e+02  1.94898071e+01  2.14021530e+02  5.56233139e+01
   1.02018673e-01]
 [ 1.46494622e+02  6.36776423e+01  2.20007392e+02  9.72386327e+01
   7.63865983e-02]
 [ 4.64728798e+02  3.06696374e+01  5.95012626e+02  2.78978331e+01
  -2.42531593e-01]
 [ 1.74239975e+02  2.25356705e+02  2.47763260e+02  2.33894607e+02
  -3.45105025e-02]
 [ 2.17787323e+02  4.04398499e+01  3.05546234e+02  8.18714218e+01
   9.08807838e-02]
 [ 2.09739594e+02  9.91548462e+01  2.69140808e+02  1.43929352e+02
   4.85801991e-02]]