[[ 2.43932312e+02  1.13353500e+02  2.44246521e+02  1.41690094e+02
   4.62904974e-01]
 [ 2.63719395e+02  1.19830223e+02  2.60074734e+02  1.39130104e+02
   4.85407778e-01]
 [ 5.40706177e+02  4.10382957e+01  5.98240845e+02  5.13613167e+01
  -2.26183216e-01]
 [ 1.79025955e+02  2.03274750e+02  2.40535446e+02  2.20783325e+02
  -1.20904215e-01]
 [ 3.87861206e+02  1.51753865e+02  4.26000244e+02  1.59302318e+02
  -5.67107443e-01]
 [ 2.67172118e+02  1.21634277e+02  3.05426576e+02  1.40780823e+02
   1.49770685e-02]
 [ 5.26758044e+02  1.63310864e+01  5.88344251e+02  2.21155383e+01
  -2.39642661e-01]
 [ 4.79048157e+01  2.29752121e+02  1.27788620e+02  2.34864639e+02
  -1.33552543e-01]
 [ 5.28732681e+01  2.65140564e+02  1.40180786e+02  2.72470581e+02
  -1.60951861e-01]
 [ 1.84157196e+02  1.95638443e+02  2.20591583e+02  2.05180191e+02
  -7.87031161e-02]]