[[ 4.29534058e+02  1.87185120e+02  4.86792847e+02  2.45449554e+02
   2.87860378e-01]
 [ 1.55195358e+02  1.08627892e+01  2.26878128e+02  4.68662796e+01
   7.12690648e-03]
 [ 4.25635853e+02  5.46394574e+01  5.21559827e+02  6.80808219e+01
  -3.11960832e-01]
 [ 4.24065033e+02  1.17593124e+02  4.62303558e+02  1.50681900e+02
   2.71299762e-02]
 [ 4.91934326e+02  1.09945755e+02  5.04961975e+02  1.56063950e+02
   2.15271987e-01]
 [ 2.20433929e+02  8.49083099e+01  2.88050147e+02  9.84999865e+01
  -1.91098472e-01]
 [ 2.16338593e+02  1.17402512e+02  3.04389252e+02  1.30780472e+02
  -1.70528329e-01]
 [ 2.06968292e+02  1.52521790e+02  3.08009735e+02  1.69219513e+02
  -1.47736623e-01]
 [ 2.04786224e+02  1.92541199e+02  2.70506439e+02  2.16996826e+02
  -1.22371504e-01]
 [ 1.98226423e+02  2.34628237e+02  2.64585375e+02  2.64428160e+02
  -9.40094617e-02]
 [ 5.08467293e+00  5.20803070e+01  6.65443192e+01  6.60717926e+01
  -2.37342651e-02]
 [ 3.79848328e+02  3.34856903e+02  5.66898010e+02  3.07352386e+02
  -5.50598312e-01]
 [ 4.48156522e+02  1.60029372e+02  4.62965609e+02  1.92178483e+02
   4.51541801e-01]
 [ 4.84785889e+02  1.67621416e+02  5.11601649e+02  2.19680506e+02
   4.26436588e-01]
 [ 8.52942322e+01  5.09939574e+00  1.63443069e+02  3.58691559e+01
   5.44161876e-03]
 [ 4.10832733e+02  4.29198914e+01  4.58363861e+02  5.06213684e+01
  -3.04285874e-01]
 [ 1.25837040e+01  2.52307549e+01  7.30964890e+01  4.71592827e+01
  -3.11745044e-02]]