[[ 2.40189911e+02  5.47844544e+02  2.95228668e+02  5.65868346e+02
  -2.28096976e-02]
 [ 8.08690448e+01  5.43603882e+02  2.06787426e+02  5.84970826e+02
   1.32456026e-02]
 [ 2.88675709e+02  5.66709473e+02  3.92286450e+02  5.92809082e+02
  -9.31693156e-03]
 [ 9.95258671e+01  6.06083767e+01  2.70025494e+02  1.89691657e+02
   5.00440693e-01]
 [ 3.94961739e+00  5.24564331e+02  1.68393269e+01  5.33231079e+02
   1.79236358e-02]
 [ 3.36750500e+01  5.19419800e+02  1.32840014e+02  5.40152710e+02
  -3.18546329e-03]
 [ 2.30236944e+02  5.79424744e+02  2.49150324e+02  5.94756286e+02
  -4.37213024e-03]
 [ 2.62947304e+02  5.77333435e+02  2.91925254e+02  5.94611023e+02
  -3.39799497e-03]
 [ 2.74561855e+02  7.93676889e+00  3.13300327e+02  5.52095228e+01
   5.81894323e-01]
 [ 3.37380066e+02  5.06741486e+01  3.52033447e+02  7.90014954e+01
   5.71857742e-01]
 [ 2.64468140e+02  3.94837570e+01  3.00849609e+02  8.79034042e+01
   5.84524892e-01]
 [ 3.22397744e+02  8.33507855e+01  3.72896263e+02  1.31562636e+02
   5.60232781e-01]
 [ 2.55577809e+02  8.55575117e+01  2.68584728e+02  1.12567702e+02
   5.29316731e-01]
 [ 2.95766083e+02  1.04920914e+02  3.66347442e+02  1.69758873e+02
   5.29317016e-01]
 [ 2.96357422e+02  1.49617172e+02  3.39071838e+02  2.03071091e+02
   5.03060370e-01]]