[[ 4.71620087e+02 -3.69873452e+00  5.76716553e+02  3.82752495e+01
  -5.71617765e-03]
 [ 4.72300415e+02  2.13908615e+01  5.03489868e+02  6.74276352e+01
   1.37515581e-01]
 [ 5.29179565e+02  2.31494141e+01  5.98955322e+02  7.48688812e+01
   1.19508697e-01]
 [ 4.24485200e+02  2.96175990e+02  5.08596404e+02  3.28276158e+02
   1.55186171e-01]
 [ 5.30409119e+02  3.11354828e+02  5.58762024e+02  3.36124298e+02
   1.35888031e-01]
 [ 4.48589844e+02  3.30509705e+02  5.32927856e+02  3.64244080e+02
   1.85397514e-01]
 [ 4.53572798e+02  3.60208096e+02  5.35241350e+02  3.94504734e+02
   2.13053673e-01]
 [ 1.17091963e+02  2.01969073e+02  3.72209493e+02  2.64472041e+02
  -2.17264822e-01]
 [ 4.87195240e+02  1.71614272e+02  5.86968213e+02  2.15156877e+02
   1.19818385e-01]
 [ 4.95124573e+02  2.21749359e+02  5.90867737e+02  2.47020081e+02
   5.15691463e-02]
 [ 4.95632996e+02  2.51416656e+02  5.40350403e+02  2.78922943e+02
   1.03903517e-01]
 [ 4.99077371e+02  2.84025449e+02  5.88429343e+02  3.18286563e+02
   1.34983956e-01]]