[[ 3.14704588e+02  7.19489536e+00  3.55342775e+02  2.63869037e+01
  -4.49755396e-02]
 [ 4.87396912e+02  6.68421936e+01  5.65401213e+02  9.84196016e+01
   4.20428323e-03]
 [ 2.25312378e+02  3.19811035e+02  5.19675903e+02  2.50102417e+02
  -5.48681333e-01]
 [ 4.96345988e+02  1.86898690e+02  5.71171468e+02  2.04357536e+02
  -7.37215821e-01]
 [ 3.60537872e+02  1.61360443e+02  4.10552399e+02  1.65413788e+02
  -3.41198434e-01]
 [ 3.64319092e+02  1.96573944e+02  4.14447021e+02  1.93824707e+02
  -4.40815501e-01]
 [ 5.08189240e+02  4.42670174e+01  5.97334717e+02  5.81397820e+01
  -1.30151943e-01]
 [ 4.82559504e+02  2.96847467e+02  5.22880376e+02  3.00331061e+02
  -7.04038637e-01]
 [ 5.10090754e+02  3.34741216e+02  5.80114568e+02  3.05849299e+02
  -8.01557580e-01]
 [ 5.67857300e+02  2.80839508e+02  5.95945801e+02  2.90753510e+02
  -7.39462436e-01]]