[[ 5.17411790e+02  3.65118804e+02  5.67048537e+02  3.91038544e+02
   3.75295006e-02]
 [-3.26846956e+00  2.42863189e+02  8.27335260e+01  3.04326142e+02
   6.58632830e-02]
 [ 4.32346800e+02  3.57308959e+02  4.81013552e+02  3.76062745e+02
   3.80674202e-02]
 [ 3.22569519e+02  2.70947113e+02  5.68877014e+02  2.83128510e+02
  -4.36777377e-02]
 [ 2.67037440e+02  3.56159302e+02  2.96466588e+02  3.70750793e+02
  -2.80793128e-03]
 [ 1.01159935e+02  3.04107819e+02  2.65912392e+02  3.23904388e+02
  -4.51401163e-02]
 [ 2.51285934e+02  3.72189758e+02  2.83993469e+02  3.87570251e+02
  -1.58272996e-02]
 [ 4.01636126e+02  2.09934845e+02  4.48238569e+02  2.39673187e+02
   4.05996170e-05]]