[[3.07640943e+02 1.04930230e+01 3.51856371e+02 5.41755866e+01
  5.84180346e-01]
 [2.81185120e+02 2.21885605e+01 3.70306883e+02 9.77463024e+01
  5.77204588e-01]
 [2.98716492e+02 6.79033813e+01 3.46712402e+02 1.19917343e+02
  6.19795525e-01]
 [2.67246857e+02 9.00369720e+01 3.15429840e+02 1.34470444e+02
  5.40115317e-01]
 [3.41382324e+02 1.30565460e+02 3.68968445e+02 1.65819733e+02
  5.32247082e-01]
 [8.02104492e+01 5.36278687e+02 1.94723633e+02 5.96084229e+02
  1.51821682e-02]
 [2.50483179e+02 5.38461486e+02 3.03502172e+02 5.57110291e+02
  6.36662455e-02]
 [3.35735992e+02 5.67776855e+02 3.94284210e+02 5.91783203e+02
  2.05036248e-02]
 [1.26184340e+02 2.62691338e+01 2.35062822e+02 1.11445069e+02
  5.39115790e-01]
 [1.12258911e+02 5.53054047e+01 2.37490293e+02 1.52849768e+02
  5.04047411e-01]
 [1.12150217e+01 5.15316467e+02 5.90930618e+01 5.34090027e+02
  2.03472669e-02]
 [7.48910808e+01 5.21724426e+02 1.23652895e+02 5.41305481e+02
  1.90006138e-02]]