[[ 2.94919992e+01  2.23875610e+02  9.16072897e+01  2.50391113e+02
  -1.06392092e-02]
 [ 9.52700348e+01  1.00177780e+02  1.19829819e+02  1.15370560e+02
  -3.77910098e-01]
 [ 1.24633032e+02  8.45206879e+01  1.61433533e+02  8.68803101e+01
  -4.57333603e-01]
 [ 1.06264336e+02  1.35362198e+02  1.69693451e+02  1.22172836e+02
  -5.19335217e-01]
 [ 3.02116974e+02  3.73181641e+02  3.65590118e+02  3.79545288e+02
  -7.97315775e-02]
 [ 2.94244019e+02  2.29118866e+02  3.74315979e+02  2.40247620e+02
  -1.48332178e-01]
 [ 6.66517639e+01  2.41930664e+02  1.22510773e+02  2.54598816e+02
  -7.16103448e-02]
 [ 2.57323654e+02  2.30964206e+02  3.05524308e+02  2.36302854e+02
  -1.73558287e-01]
 [ 1.52868332e+02 -8.64205171e+00  2.28484085e+02  8.56889191e+01
   4.90815038e-01]
 [ 2.99844302e+02  1.09468879e+02  3.61809934e+02  1.27331689e+02
   2.79064299e-02]
 [ 3.05448059e+02  1.41900314e+02  3.70898438e+02  1.58707626e+02
   5.61836389e-02]
 [ 2.99848569e+02  2.67840271e+02  3.53129092e+02  2.79339295e+02
   6.06474056e-03]]