[[ 4.24940063e+02  4.15948524e+01  5.43315918e+02  6.51446686e+01
  -2.26076737e-01]
 [ 4.26074609e+02  1.05708648e+02  4.87457983e+02  1.57594879e+02
   4.57320117e-02]
 [ 4.56290645e+02  1.74298186e+02  5.08726201e+02  2.28496553e+02
   3.15274540e-01]
 [ 2.12365157e+02  1.58852511e+02  2.70773332e+02  1.69010892e+02
  -1.62982280e-01]
 [ 2.24189794e+02  1.82811583e+02  2.64212219e+02  1.95606018e+02
  -6.00334770e-02]
 [ 2.18775787e+02  2.10394989e+02  2.60979645e+02  2.24852386e+02
  -5.09116018e-02]
 [ 2.13222288e+02  2.42615082e+02  2.44807680e+02  2.56661163e+02
  -9.99446413e-02]
 [ 1.93734213e+02  2.76371979e+02  2.38840921e+02  2.91070159e+02
  -7.90046085e-02]
 [ 2.03787918e+02  3.09619049e+02  2.36435287e+02  3.27764557e+02
  -5.62807109e-02]
 [ 5.50266406e+00  3.91478577e+01  6.29017568e+01  6.43240433e+01
  -2.33533939e-02]
 [ 5.53787964e+02  7.00027695e+01  5.90167969e+02  7.12291946e+01
  -4.24380095e-01]
 [ 5.60467407e+02  8.72544479e+01  5.73263794e+02  1.10143501e+02
  -1.98743457e-02]
 [ 5.53872529e+02  1.23300723e+02  5.83894438e+02  1.21532590e+02
  -5.55342726e-01]
 [ 4.22775140e+02  1.99714415e+02  4.55090583e+02  2.57077456e+02
   2.90477261e-01]
 [ 2.24533019e+02  7.41279680e+01  3.05077149e+02  7.49614485e+01
  -2.13261544e-01]
 [ 2.14596914e+02  1.02790873e+02  2.87709238e+02  1.07692984e+02
  -1.97152812e-01]
 [ 2.13965414e+02  1.25868379e+02  3.17997110e+02  1.28373671e+02
  -1.83117245e-01]
 [ 2.75351181e+01  2.45120277e+01  7.66137009e+01  3.69578094e+01
   7.56401805e-03]]