[[ 4.90607764e+02  1.22100948e+02  5.30256921e+02  1.33480802e+02
  -1.21730215e-01]
 [ 2.22294266e+02  2.26477142e+02  2.98838928e+02  2.10898346e+02
  -5.54386922e-01]
 [ 2.14969099e+01  1.05482983e+01  4.26721115e+01  3.24400024e+01
  -1.46304789e-01]
 [ 5.85561012e+01  1.07211590e+01  1.38223196e+02  2.66976528e+01
  -6.26819222e-04]
 [ 4.09208645e+02  3.40712968e+01  5.32561405e+02  4.85926741e+01
  -4.23296448e-02]
 [ 5.40176539e+02  3.37734795e+01  5.71428686e+02  4.67849159e+01
  -1.85213748e-03]
 [ 4.07074818e+02  5.69411736e+01  5.06940990e+02  7.25295868e+01
  -3.87850063e-03]]