[[ 4.22512238e+02  3.34628448e+02  4.69121979e+02  3.46681122e+02
  -1.41084409e-01]
 [ 4.84884910e+02  3.26090455e+02  5.46227791e+02  3.35987548e+02
  -1.36040339e-01]
 [ 4.42111359e+02  3.68664337e+02  5.42077026e+02  3.93808685e+02
  -8.16077146e-02]
 [ 5.50675955e+02  3.63816652e+02  6.04619211e+02  3.77876219e+02
  -1.49110162e-01]
 [ 9.42083985e+01  1.64916931e+02  1.33621176e+02  1.89649963e+02
  -8.65541291e-03]
 [ 1.33159775e+02  1.62649703e+02  1.59318924e+02  1.88112565e+02
  -3.14663940e-01]
 [ 1.26193451e+02  2.12280045e+02  1.54581185e+02  2.31171128e+02
   4.48099705e-02]
 [ 1.39436591e+02  2.51297423e+02  1.67641077e+02  2.71337770e+02
   1.32377431e-01]
 [ 9.49628688e-01  1.54889497e+02  7.49093687e+01  1.62563109e+02
  -1.98717777e-01]
 [ 1.33893971e+00  2.10005311e+02  9.73430824e+01  2.11258117e+02
  -2.03644108e-01]
 [ 3.29062389e-01  2.63056185e+02  8.15841761e+01  2.72422331e+02
  -2.08986786e-01]
 [ 3.36430022e+02  2.69998963e+02  4.66520479e+02  2.77227234e+02
  -1.11876039e-01]
 [ 4.87378282e+02  2.51763918e+02  5.54784315e+02  2.67094908e+02
  -1.15621821e-01]
 [ 3.50997485e+02  3.12566683e+02  5.54839002e+02  3.17038664e+02
  -1.27586736e-01]
 [ 1.93771322e+01  3.58126359e+01  9.77323608e+01  4.14111710e+01
  -1.85997633e-01]
 [ 1.67550201e+01  7.37981567e+01  9.07909546e+01  7.43053131e+01
  -3.58851982e-01]]