[[ 4.17908813e+02  1.70627609e+02  4.49968262e+02  1.94239517e+02
   2.66058404e-01]
 [ 4.10622497e+02  1.90071291e+02  4.30921510e+02  2.19738920e+02
   3.91320739e-01]
 [ 4.69045471e+02  1.23678749e+02  5.04844543e+02  1.32916870e+02
  -8.21963597e-02]
 [ 2.49112228e+02  1.80170502e+02  3.41046156e+02  1.62690370e+02
  -5.20958349e-01]
 [ 2.57818844e+02  3.31820831e+01  3.11945804e+02  5.50603638e+01
  -1.79437726e-03]
 [ 3.24586456e+02  2.63923740e+01  4.40983368e+02  4.92649155e+01
  -2.65089238e-03]
 [ 4.50856085e+02  2.61871243e+01  5.36886719e+02  4.90637054e+01
  -1.44727771e-03]
 [ 2.56371334e+02  5.95649300e+01  3.37171329e+02  8.16288605e+01
  -4.31655253e-03]
 [ 2.59325103e+02  9.20985556e+01  3.13487703e+02  1.13498856e+02
   2.79591241e-02]
 [ 2.08325041e+02  2.23728455e+02  2.79650972e+02  2.19838470e+02
  -5.68683926e-01]]