[[ 5.69339256e+01  3.53954437e+02  1.20799622e+02  3.57574982e+02
  -2.88255641e-01]
 [ 4.28781204e+01  3.91857056e+02  9.17789536e+01  4.02603577e+02
  -2.44833727e-01]
 [ 1.01676903e+02  3.74797812e+02  1.09445015e+02  3.99888284e+02
  -1.77920848e-02]
 [ 4.31374359e+01  4.25632722e+02  1.21194447e+02  4.35183624e+02
  -1.97918709e-01]
 [ 1.42794037e+01  4.72877075e+02  1.50597122e+02  4.72809082e+02
  -2.20080690e-01]
 [ 1.05197144e+01  9.19123611e+01  2.09942795e+02  1.43339813e+02
  -1.52699298e-01]
 [ 1.14556122e+01  4.98477905e+02  1.11586067e+02  5.29097290e+02
  -6.67974694e-02]
 [ 4.52201604e+01  5.01134568e+01  2.19530030e+02  1.03424293e+02
  -8.36991302e-02]]