[[ 2.38688994e+01  3.14336700e+02  1.70820160e+02  3.36781036e+02
  -1.52068124e-02]
 [ 1.18649748e+02 -9.01625128e+00  2.36915774e+02  6.14922683e+01
   3.09803954e-01]
 [ 2.95270139e+02  9.82036590e+01  3.54682803e+02  1.27854996e+02
   1.80481101e-02]
 [ 3.02384308e+02  1.40172760e+02  3.62170013e+02  1.66372314e+02
   7.39010599e-02]
 [ 3.09058502e+02  1.77472244e+02  3.63726776e+02  2.01250748e+02
   1.02701529e-01]
 [ 3.19501923e+02  1.00481873e+01  3.53399323e+02  2.75060196e+01
  -7.52431628e-02]
 [ 3.21908944e+02  3.88860673e+01  3.60083549e+02  5.78806716e+01
  -3.84946743e-02]
 [ 4.96112189e+01  3.57274780e+02  1.23368182e+02  3.69268005e+02
  -5.10679462e-02]
 [ 5.29396616e+01  3.91964609e+00  1.35901277e+02  5.34692310e+01
   2.14631730e-01]
 [ 2.77827820e+02  1.61974747e+02  3.24414978e+02  1.81503189e+02
   8.92744239e-02]
 [ 2.84654388e+02  1.89597183e+02  3.28147064e+02  2.07775528e+02
   1.11371710e-01]
 [ 2.59006238e+02  5.57116975e+01  3.19682177e+02  7.87784110e+01
  -5.08093696e-02]]