[[ 3.18268821e+01  3.31064606e+02  9.44790947e+01  3.57464020e+02
  -9.66495873e-03]
 [ 2.11325131e+02  6.76768595e+01  2.85164752e+02  4.63404592e+01
  -6.56251852e-01]
 [ 2.45579765e+02  1.17097570e+02  3.35695808e+02  7.85029547e+01
  -6.29383954e-01]
 [ 3.17077782e+02  4.74805235e+02  3.87450721e+02  5.23634035e+02
   1.94844196e-01]
 [ 5.50058592e+01  4.17592987e+02  1.15173065e+02  4.50042145e+02
   1.22279101e-01]
 [ 1.42413605e+02  4.28475739e+02  1.94939636e+02  4.63138153e+02
   1.22104141e-01]
 [ 2.20293495e+02  4.41266295e+02  3.01946144e+02  4.72994509e+02
   6.57314362e-02]
 [ 5.04297530e+01  4.50657531e+02  9.79952653e+01  4.90546815e+02
   2.21660021e-01]
 [ 1.29629074e+02  4.62880707e+02  2.28641922e+02  5.00777008e+02
   1.20334361e-01]
 [ 4.23678339e+01  4.90955747e+02  7.66697065e+01  5.20983584e+02
   1.19669330e-01]
 [ 1.00270837e+02  5.08524170e+02  2.64487540e+02  5.44042848e+02
   6.66681261e-02]
 [ 3.41691255e+02  3.26849567e+02  3.89723906e+02  3.78356732e+02
   3.76311387e-01]
 [ 2.26394196e+01  2.91664238e+01  1.70367294e+02  5.63767433e+01
   5.82928483e-03]
 [ 5.81803589e+01  6.71529083e+01  1.45124359e+02  1.00775024e+02
   5.84068696e-02]
 [ 1.09997498e+02  1.69917053e+02  1.41751266e+02  1.92947968e+02
   3.14186021e-01]
 [ 1.05302536e+02  1.94988495e+02  1.39832001e+02  2.18939575e+02
   2.96757014e-01]
 [ 1.83417623e+02  1.62388237e+02  2.55829081e+02  1.41290230e+02
  -6.27506989e-01]
 [ 3.11986938e+02  4.54306183e+02  3.56619202e+02  4.83764069e+02
   1.93824918e-01]
 [ 2.90818058e+01  5.33334651e+02  4.72485470e+01  5.50158757e+02
   1.17369289e-01]
 [ 6.82257621e+01  5.38021057e+02  2.44389594e+02  5.74721375e+02
   7.24215096e-02]
 [ 2.67699188e+02  5.55515198e+02  3.32585236e+02  5.83566223e+02
   1.16603291e-01]
 [ 2.54255371e+01  5.58135681e+02  9.81388702e+01  5.96686218e+02
   1.61196537e-01]
 [ 3.52393524e+02  2.53889404e+02  3.86344147e+02  2.92892883e+02
   4.61862706e-01]
 [ 3.46657745e+02  2.88946045e+02  3.82739349e+02  3.30418335e+02
   4.22865410e-01]]