[[ 3.10592901e+02  2.07879835e+02  3.39527582e+02  2.39119586e+02
   9.65942993e-02]
 [ 2.52253794e+02  1.03151088e+01  3.03109426e+02  3.58953710e+01
   2.30086660e-02]
 [ 4.93153547e+02  1.51011172e+01  5.69018433e+02  5.07610779e+01
   1.55980795e-01]
 [ 5.35674138e+02  3.31854120e+02  5.95370051e+02  3.63294501e+02
   1.13129495e-01]
 [ 5.28518684e+02  3.68070654e+02  5.41741082e+02  3.94645105e+02
   2.83490938e-01]
 [ 5.62608952e+02  3.66066209e+02  5.74859798e+02  3.97120863e+02
   2.93577674e-01]
 [ 5.12812134e+02  4.05789307e+02  5.73274170e+02  4.27557556e+02
  -1.44950628e-02]
 [ 2.42972052e+02  2.29942279e+02  3.18257263e+02  2.81580750e+02
   4.20083063e-01]
 [ 2.13970856e+02  2.38877838e+02  2.63627899e+02  2.81186371e+02
   4.27671256e-01]
 [ 2.88110443e+02  2.73565338e+02  2.89787628e+02  2.94058197e+02
   5.03685433e-01]
 [ 5.24997456e+02  3.06485409e+02  5.96030377e+02  3.39627079e+02
   8.90362076e-02]
 [ 1.05380560e+02  7.56856297e+01  1.27715843e+02  1.04196297e+02
   4.56608470e-01]
 [ 9.27620533e+01  1.02256301e+02  1.22241883e+02  1.28235703e+02
   4.51939152e-01]
 [ 8.47133789e+01  1.19411667e+02  1.07164169e+02  1.47516312e+02
   4.47286106e-01]]