[[ 4.66387421e+02  2.26515808e+02  5.41943879e+02  2.49182619e+02
  -4.73272033e-02]
 [ 1.17725597e+02  1.60279561e+01  1.68079327e+02  3.41052856e+01
  -6.18274170e-03]
 [ 9.12525177e+00  6.19181252e+00  5.49069290e+01  3.01395054e+01
  -2.72809172e-02]
 [ 7.67936796e+01  1.16035826e+01  1.15904334e+02  2.84750231e+01
  -2.72809813e-02]
 [ 4.79938202e+02  3.29876464e+02  5.03419403e+02  3.49127198e+02
  -3.46184115e-01]
 [ 5.05295991e+02  3.25613768e+02  5.71030303e+02  3.61222231e+02
   6.54163600e-02]]