[[ 3.06511265e+02  3.25784118e+02  4.84053371e+02  3.93691285e+02
   2.96831132e-02]
 [ 3.62108337e+02  1.17854309e+02  4.38831421e+02  2.09015320e+02
  -5.09446255e-02]
 [ 4.79280810e+02  1.18643460e+02  5.96449750e+02  2.07277461e+02
  -1.13010473e-01]
 [ 4.02839752e+02  2.75190216e+02  4.42949799e+02  2.94950409e+02
   2.36229848e-02]
 [ 1.44406446e+02  2.84141540e+02  2.24871843e+02  3.50674255e+02
   3.83947895e-02]
 [ 1.30499881e+02  4.95302773e+00  4.00915891e+02  3.51688538e+01
  -3.92804859e-05]
 [ 5.95184326e-01  2.77777527e+02  1.46371002e+02  3.34958374e+02
   2.47835968e-02]]