[[ 8.15563278e+01  6.53193512e+01  1.11014839e+02  7.19803009e+01
  -3.14216148e-01]
 [ 8.67538676e+01  9.09986138e+01  1.29000298e+02  9.33050818e+01
  -2.87582263e-01]
 [ 1.28858989e+02  6.32164664e+01  1.90002705e+02  2.76416345e+01
  -8.63567720e-01]
 [ 3.49432966e+02  4.18834141e+01  4.00449969e+02  5.96303799e+01
  -1.49300688e-01]
 [ 3.48478182e+02  8.25718119e+01  4.15361784e+02  9.69280355e+01
  -1.40183730e-01]
 [ 2.26914642e+02  2.70612000e+02  2.67794952e+02  2.89138916e+02
   8.36888453e-02]
 [ 4.05632896e+01  3.92188782e+02  1.20113770e+02  4.34257446e+02
  -2.54028463e-02]
 [ 1.11331961e+02  1.33409763e+02  1.26286279e+02  1.45668880e+02
  -1.49078569e-01]
 [ 1.33501495e+02  1.28099407e+02  1.44487519e+02  1.40963947e+02
  -1.44110336e-01]
 [ 1.50623760e+02  8.79279675e+01  2.04174519e+02  5.52344165e+01
  -8.39311219e-01]
 [ 3.60504599e+02  1.27316758e+02  4.28691812e+02  1.41999679e+02
  -9.92758826e-02]
 [ 3.61189423e+02  1.61393936e+02  4.08870453e+02  1.81402176e+02
  -7.72320188e-02]]