[[ 8.33976074e+01  4.31008514e+02  1.16294943e+02  4.51756439e+02
  -5.13929490e-03]
 [ 2.19712524e+01  3.74007629e+02  7.73470535e+01  4.01409119e+02
   7.67544279e-02]
 [ 1.71610794e+01  4.03407257e+02  4.78922272e+01  4.21433868e+02
  -6.73386634e-03]
 [ 7.29631987e+01  2.01498806e+02  2.32849637e+02  2.80194950e+02
   2.69340297e-01]
 [ 5.45136871e+01  2.55352173e+02  2.28624100e+02  3.36270447e+02
   2.57828735e-01]
 [ 5.75975743e+01  3.03212004e+02  2.27146929e+02  3.66196015e+02
   2.35389074e-01]
 [ 8.97796631e+01  3.64362366e+02  1.34658539e+02  3.89445251e+02
   1.16446497e-01]
 [ 3.67633906e+02  3.95839450e+02  3.98495855e+02  4.09370511e+02
  -8.12683429e-02]
 [ 3.64828329e+02  4.19707392e+02  3.96572916e+02  4.51065923e+02
   1.29706610e-01]
 [ 6.68533783e+01  2.91754669e+02  1.02576523e+02  3.13526031e+02
   2.41968799e-01]
 [ 1.28256882e+02  3.07156006e+02  1.79912766e+02  3.31854126e+02
   2.35744008e-01]
 [ 2.02624066e+02  3.25284209e+02  2.42678791e+02  3.46931184e+02
   2.35743952e-01]]