[[ 2.84198303e+01  3.11082489e+02  7.47993774e+01  3.13496002e+02
  -1.80675618e-01]
 [ 2.93272457e+01  3.21206238e+02  7.54852676e+01  3.23959106e+02
  -1.89557925e-01]
 [ 3.01989040e+01  3.31707977e+02  8.41112748e+01  3.33742707e+02
  -1.99189838e-01]
 [ 3.14188231e+01  3.43859928e+02  5.91516572e+01  3.51836605e+02
  -1.98775458e-01]
 [ 7.42066345e+01  3.36749786e+02  8.87667542e+01  3.45249115e+02
  -2.09671824e-01]
 [ 2.57136851e+02  2.86933682e+02  3.27133962e+02  3.41536411e+02
   1.77224414e-01]
 [ 4.56354065e+02  1.52966476e+02  5.00768005e+02  2.13633621e+02
   2.39320771e-02]]