[[ 1.98853622e+02  1.74229538e+02  2.48430954e+02  1.42688858e+02
  -8.60343599e-01]
 [ 1.98405716e+02  2.04198105e+02  2.45568161e+02  1.83493240e+02
  -8.15555833e-01]
 [ 3.03713760e+01  3.16903961e+02  1.07780617e+02  3.47879913e+02
  -6.51449393e-04]
 [ 8.01616105e+00  3.59547851e+02  1.23312741e+02  4.02136658e+02
   5.73789643e-02]
 [ 3.04260788e+01  4.13086536e+02  5.31352921e+01  4.43113293e+02
  -5.29304743e-04]
 [ 7.58278046e+01  4.18279541e+02  1.24413498e+02  4.43160828e+02
   4.38328471e-04]
 [ 2.94195099e+01  4.59681976e+02  6.14245987e+01  4.90762115e+02
  -5.22796456e-04]
 [ 8.20689850e+01  4.59693848e+02  1.32739609e+02  4.90873535e+02
   1.56200374e-03]
 [ 3.41515594e+02  5.59510986e+02  4.27698151e+02  5.87610352e+02
  -1.11960767e-02]
 [ 8.59913788e+01  2.39714798e+02  1.88278977e+02  2.67312561e+02
  -1.16592813e-01]
 [ 4.75726013e+01  6.19092560e+01  2.82486420e+02  1.05153702e+02
  -5.08529083e-03]
 [ 4.97148208e+01  1.18607422e+02  1.63445557e+02  1.58451904e+02
  -3.58246408e-03]
 [ 6.72879662e+01  2.66496703e+02  1.22457517e+02  2.92959962e+02
   1.03861755e-01]]