[[ 3.67847454e+02  2.26614394e+02  4.67888264e+02  2.45721574e+02
   8.08809846e-02]
 [ 3.36807161e+02  1.24683212e+01  3.93346769e+02  2.29831931e+01
  -1.10614891e-01]
 [ 4.03103302e+02  4.97624588e+00  4.34101288e+02  1.84566574e+01
  -1.10614937e-01]
 [ 3.37927162e+02  3.53371791e+01  3.95203881e+02  4.97353688e+01
  -7.66440086e-02]
 [ 3.40466461e+02  5.90360260e+01  3.96458038e+02  6.78437042e+01
  -1.04512417e-01]
 [ 3.39939484e+02  8.02690735e+01  3.99667450e+02  8.79954987e+01
  -1.01745549e-01]
 [ 4.12237626e+02  7.37823806e+01  4.37615828e+02  8.41210618e+01
  -1.01744737e-01]]