[[ 7.96592679e+01  5.40586794e+02  1.47823276e+02  5.65569701e+02
  -8.68526697e-02]
 [ 2.33082294e+01  5.10561920e+02  8.01253052e+01  5.25847168e+02
  -9.53742521e-02]
 [ 3.34052597e+02  2.39650207e+02  4.17392105e+02  2.68750123e+02
   5.55084036e-02]
 [ 2.92732929e+00  5.64455073e+02  1.04812567e+01  5.90250005e+02
  -5.26531597e-02]
 [ 3.07709154e+01  5.62286439e+02  8.25812842e+01  5.83695250e+02
  -8.76702327e-02]
 [ 1.07733238e+02  5.06956208e+02  1.75810228e+02  5.24063598e+02
  -5.27507806e-02]]