[[ 4.25360644e+02  8.78637847e+01  5.27977002e+02  1.28464005e+02
   3.72699350e-03]
 [ 2.20462585e+02  1.03659195e+02  2.82279633e+02  1.10260529e+02
  -1.84853801e-01]
 [ 2.12933411e+02  1.38647064e+02  2.85421539e+02  1.49012482e+02
  -1.61696444e-01]
 [ 2.07686400e+02  1.79353487e+02  2.98762773e+02  1.90897184e+02
  -1.35762215e-01]
 [ 2.01804286e+02  2.22756318e+02  2.92635716e+02  2.40792877e+02
  -1.06562091e-01]
 [ 8.44148092e+00  3.70640832e+01  6.49251439e+01  5.17504234e+01
  -2.17918106e-02]
 [ 4.23949947e+02  1.89110380e+02  4.77490544e+02  2.60149843e+02
   4.38032685e-01]
 [ 1.18608132e+02  6.78535832e+00  1.93414458e+02  2.57636530e+01
   1.64503591e-02]
 [ 4.37342651e+02  6.51808701e+01  5.07302856e+02  8.61007462e+01
  -1.57678369e-01]
 [ 4.34091797e+02  1.18208801e+02  5.01906067e+02  1.60436066e+02
   5.20216128e-02]
 [ 2.29121948e+02  6.34568863e+01  3.34847290e+02  8.78316727e+01
  -1.01915935e-01]
 [-8.14533234e-01  4.97984600e+00  7.06088562e+01  2.70942612e+01
  -1.47774928e-02]
 [ 5.68035461e+02  3.68539393e+01  5.94125305e+02  7.91688421e+01
  -3.57508086e-03]
 [ 5.67988159e+02  8.83873035e+01  5.91496705e+02  1.22436671e+02
  -1.62440440e-02]]