[[ 2.71018994e+02  6.07820519e+01  3.77939746e+02  5.01302635e+01
  -2.49476430e-01]
 [ 2.87731323e+02  7.93796082e+01  3.63957336e+02  7.59140167e+01
  -2.15901928e-01]
 [ 2.65938354e+02  1.07777245e+02  3.50239258e+02  1.04741417e+02
  -1.98009330e-01]
 [ 3.67662045e+02  8.88310325e+01  4.07190617e+02  9.69087288e+01
  -1.95607771e-01]
 [ 2.83469286e+02  1.29220812e+02  3.72730116e+02  1.28193952e+02
  -1.78798144e-01]
 [ 2.59070930e+02  1.58180775e+02  3.53036736e+02  1.61201702e+02
  -1.58132168e-01]
 [ 3.74140442e+02  1.38474167e+02  3.86966003e+02  1.56400436e+02
  -2.88810898e-02]
 [ 2.57718353e+02  1.92013565e+02  2.81763093e+02  2.02467209e+02
  -1.35857595e-01]
 [ 2.99131195e+02  1.86151184e+02  4.18198822e+02  1.83543671e+02
  -1.46126670e-01]
 [ 2.54055764e+02  2.18887850e+02  3.49592490e+02  2.26933927e+02
  -1.11808954e-01]
 [ 3.70985246e+02  2.08241502e+02  4.18397750e+02  2.19208693e+02
  -1.11809112e-01]
 [ 2.73075134e+02  2.54009995e+02  3.67704041e+02  2.65418457e+02
  -9.77973371e-02]
 [ 2.96048889e+02  2.87059174e+02  3.77633057e+02  3.00764679e+02
  -5.75960743e-02]
 [ 1.72853790e+02  3.58031036e+02  2.17819000e+02  4.10237335e+02
   5.66012838e-01]
 [ 1.83972816e+01  2.18933601e+01  1.52848663e+02  6.58898773e+01
  -2.56918657e-01]
 [ 5.63289490e+01  1.55175369e+02  1.70386963e+02  1.88818985e+02
  -9.10242779e-02]
 [ 8.09747682e+01  2.66002956e+02  1.57121063e+02  2.76802704e+02
  -3.08388670e-01]
 [ 9.72356110e+01  3.25628174e+02  1.67897873e+02  3.36301636e+02
  -1.67767994e-01]
 [ 1.83655351e+02  3.94673638e+02  2.18167586e+02  4.26016121e+02
   4.75886559e-01]]