[[ 1.25627958e+02  6.13796113e+01  1.96369936e+02  1.29281737e+01
  -9.20996961e-01]
 [ 8.75230162e+01  5.17059753e+02  1.49970224e+02  5.33409241e+02
   1.58545992e-02]
 [ 6.56786093e+01  4.07468415e+02  1.16843455e+02  4.29306610e+02
  -1.00426939e-01]
 [ 5.22747040e+00  4.44777740e+02  9.94187775e+01  4.73911530e+02
  -4.82272108e-02]
 [ 2.51438904e+01  5.28871216e+02  1.17148788e+02  5.44309692e+02
   7.64601245e-03]
 [ 3.07050167e+00  3.90548950e+02  5.88450867e+01  4.24574341e+02
  -1.06747047e-01]]