[[ 9.29790739e+01  1.86121120e+02  1.13547492e+02  2.05079198e+02
   3.08490448e-01]
 [ 1.71698837e+02  1.17128830e+02  3.50254775e+02  8.47003332e+01
  -5.98773316e-01]
 [ 3.31502991e+02  4.41556702e+02  3.85937805e+02  4.64274475e+02
   1.11248503e-01]
 [ 3.31451569e+02  4.61510468e+02  3.70118622e+02  4.85242401e+02
   1.93789368e-01]
 [ 3.30198700e+02  4.86835327e+02  3.80770477e+02  5.12438110e+02
   1.94073426e-01]
 [ 3.28903319e+02  5.10822931e+02  3.80323793e+02  5.38610541e+02
   1.95337537e-01]
 [ 4.36051331e+01  4.18317596e+02  9.20929260e+01  4.42857391e+02
   1.23474688e-01]
 [ 1.05907585e+02  4.25355041e+02  1.20362831e+02  4.47000183e+02
   1.62298233e-01]
 [ 1.35795654e+02  4.29457581e+02  1.80576233e+02  4.59408020e+02
   1.55684028e-01]
 [ 1.95007904e+02  4.37107697e+02  2.51244598e+02  4.62402924e+02
   1.22507429e-01]
 [ 3.77770563e+01  4.44580137e+02  9.62174542e+01  4.77291324e+02
   1.62993156e-01]
 [ 1.11977451e+02  4.54063567e+02  1.98779453e+02  4.83604830e+02
   1.21049517e-01]
 [ 2.12356339e+02  4.66374756e+02  2.37290939e+02  4.88289551e+02
   1.21049483e-01]
 [ 2.49473245e+02  4.70936582e+02  2.76678428e+02  4.93080691e+02
   1.21047372e-01]
 [ 3.18209305e+01  4.72435486e+02  1.08280724e+02  5.05854370e+02
   1.19304416e-01]
 [ 1.22274713e+02  4.83393493e+02  2.02834479e+02  5.12558228e+02
   1.19547748e-01]
 [ 2.15515213e+02  4.94652405e+02  2.55570786e+02  5.18892944e+02
   1.19548704e-01]
 [ 2.68508897e+01  5.00481323e+02  1.26405930e+02  5.39820923e+02
   1.44331229e-01]
 [ 1.42997148e+02  5.14370231e+02  1.58559523e+02  5.36942147e+02
   1.35877028e-01]
 [ 1.74396126e+02  5.17186705e+02  2.35639366e+02  5.53677309e+02
   2.36037609e-01]
 [ 2.13113922e+02  7.32728806e+01  3.32664154e+02  2.10232849e+01
  -6.52058521e-01]
 [ 3.44041786e+01  3.25218628e+02  8.14903222e+01  3.37611023e+02
  -2.85130084e-03]
 [ 2.81942684e+01  3.56064178e+02  7.82116879e+01  3.70326324e+02
  -1.23254425e-02]
 [ 3.13274805e+01  1.74942390e+01  4.18117483e+01  4.37378929e+01
   2.54699343e-01]
 [ 6.69233251e+01  2.03501336e+01  7.31593774e+01  3.78405143e+01
   2.27553151e-01]
 [ 9.24909030e+01  2.25030400e+01  1.23547366e+02  4.23217052e+01
   1.03559036e-01]
 [ 1.42209404e+02  2.36714935e+01  1.64700722e+02  3.70530091e+01
   6.86822621e-03]
 [ 3.64462187e+01  5.02329635e+01  7.31554506e+01  6.61078186e+01
   1.12967901e-02]
 [ 8.49005661e+01  4.95274162e+01  1.86366028e+02  6.22620888e+01
  -4.92045548e-02]
 [ 2.83162216e+01  7.20602493e+01  1.44294315e+02  8.99512711e+01
   1.46976238e-02]
 [ 3.76928408e+00  1.00717979e+02  6.46259922e+01  1.17106285e+02
   1.89279118e-02]
 [ 7.95554810e+01  1.00351196e+02  1.34563629e+02  1.18386627e+02
   1.63894278e-02]
 [ 1.50523361e+02  1.03276329e+02  1.74426620e+02  1.19184883e+02
   1.89282755e-02]]