[[ 1.09310524e+02  4.35652079e+00  1.95262970e+02  6.04894196e+01
   1.05770754e-01]
 [ 1.01891830e+02  1.92423416e+02  1.76443619e+02  2.44895523e+02
   2.97975334e-01]
 [ 2.03265625e+02  2.22238929e+02  2.30732942e+02  2.61568810e+02
  -3.58894213e-02]
 [ 4.14784607e+02  2.45566467e+02  4.91104187e+02  2.95002991e+02
   2.46395884e-02]
 [ 2.57430817e+02  2.26253510e+02  3.27690033e+02  2.93809967e+02
  -8.76308451e-02]
 [ 8.86556012e+01  1.55150795e+01  1.16494469e+02  3.35514030e+01
   1.51382007e-02]
 [ 4.49327577e+02  2.31506041e+02  5.10354155e+02  2.69560825e+02
   5.67165609e-02]
 [ 1.09139336e+02  3.12480469e+02  1.26128609e+02  3.12518433e+02
  -1.36586547e+00]
 [ 1.26012016e+02  2.94983246e+02  1.65418339e+02  2.76770054e+02
  -7.50273840e-01]
 [ 1.34450287e+02  3.18811096e+02  1.76616791e+02  2.90800720e+02
  -7.53252495e-01]]