[[ 2.43828430e+02  9.88708496e+00  3.04374695e+02  2.48653412e+01
   5.02551654e-03]
 [ 3.18649616e+02  1.51623973e+01  3.50727093e+02  2.50982915e+01
   5.02549145e-03]
 [ 3.65748322e+02  1.23478851e+01  4.19698700e+02  2.54449120e+01
   5.02550067e-03]
 [ 4.35437134e+02  1.55699577e+01  4.55741760e+02  2.56260529e+01
   2.90692929e-03]
 [ 4.71175191e+02  1.17204702e+01  5.26398356e+02  2.59811480e+01
   5.02554198e-03]
 [ 1.99941437e+02  3.07125885e+02  2.75986572e+02  3.18163910e+02
  -1.09640265e-01]
 [ 2.18177581e+02  3.36638550e+02  2.95225373e+02  3.36741821e+02
  -2.33181653e-01]
 [ 1.20359589e+02  4.15038872e+00  2.06676422e+02  2.06994209e+01
   5.10790048e-04]
 [ 1.05002289e+01  3.51732407e+01  9.89076691e+01  6.02749710e+01
   1.33792774e-02]
 [ 1.14967819e+02  4.28368988e+01  1.54067434e+02  6.10130311e+01
   1.33792317e-02]
 [ 1.71589898e+02  3.63751334e+01  2.71975486e+02  6.25906871e+01
   1.33795735e-02]
 [ 3.56623764e+01  3.28957733e+02  2.13518224e+02  3.36940156e+02
  -2.47281530e-01]]