[[ 7.05097487e+01  3.08047273e+02  1.48982446e+02  3.26113676e+02
  -1.81969258e-01]
 [ 1.73664068e+02  2.94461941e+02  2.62777222e+02  3.05908661e+02
  -1.83049928e-01]
 [ 9.34757690e+01  3.63720947e+02  3.13843262e+02  3.56932739e+02
  -2.13855925e-01]
 [ 1.56552337e+01  1.29622879e+02  9.13800446e+01  1.45282791e+02
  -1.88050668e-01]
 [ 3.02795601e+00  1.63718216e+02  4.97854614e+01  1.91974167e+02
  -8.56480215e-03]
 [ 6.97310600e+01  1.76292206e+02  1.18111835e+02  1.98005585e+02
  -1.01036428e-02]
 [ 2.79989444e+01  2.02770324e+02  9.77813797e+01  2.43915588e+02
   1.32355893e-01]
 [ 3.46138037e+02  3.08503383e+02  4.23432398e+02  3.68741490e+02
   1.86526621e-01]
 [ 1.23192215e+01  2.53119385e+02  2.55484962e+01  2.81925781e+02
   2.01195207e-01]
 [ 3.81131287e+01  2.62034790e+02  6.88191757e+01  2.83160095e+02
   3.62653421e-03]
 [ 4.38033447e+01  5.38615799e+00  1.28727783e+02  2.91631966e+01
   3.23390370e-02]
 [ 2.88841858e+01  4.07221069e+01  8.38568878e+01  6.37365494e+01
   9.04267119e-03]
 [ 9.82518240e+01  5.02686843e+01  1.42988083e+02  6.95011826e+01
   1.53392003e-02]
 [ 1.61683853e+02  5.64392853e+01  1.70409073e+02  5.88863373e+01
   1.28508633e-02]
 [ 1.85263226e+02  3.98794631e+01  2.54245838e+02  6.78892518e+01
   3.61261938e-02]
 [ 1.57246628e+01  7.76413651e+01  7.22682571e+01  1.02814476e+02
   1.76973588e-02]]