[[ 1.82743020e+02  3.33916684e+02  2.20129660e+02  3.76851993e+02
   4.98914392e-01]
 [ 1.79431595e+02  3.58601715e+02  2.07409348e+02  3.95264557e+02
   5.14166783e-01]
 [ 3.01779022e+02  6.19061394e+01  4.06251373e+02  6.41259613e+01
  -2.17567913e-01]
 [ 2.97885162e+02  1.02751495e+02  3.98296478e+02  1.12331726e+02
  -1.86399550e-01]
 [ 2.96367157e+02  1.48334412e+02  4.10675140e+02  1.62355469e+02
  -1.51130106e-01]
 [ 2.93920929e+02  2.02053696e+02  4.31086273e+02  2.18980148e+02
  -1.11000783e-01]
 [ 2.92211884e+02  2.55666412e+02  4.01169647e+02  2.88623444e+02
  -6.50923926e-02]
 [ 2.95553296e+02  3.07778134e+02  4.24218859e+02  3.86232669e+02
   1.51701681e-01]
 [ 2.83656794e+02  4.09807037e+02  4.17612127e+02  4.66735322e+02
   2.11107003e-02]]