[[ 2.99052772e+02  8.13359721e+00  3.25023949e+02  2.30667507e+01
  -1.15148284e-01]
 [ 3.01145416e+02  3.76481628e+01  3.30434967e+02  5.14028015e+01
  -1.32971413e-01]
 [ 1.04404342e+02  7.22176886e+00  1.92005753e+02  2.52311993e+01
  -5.93268892e-03]
 [ 2.15429183e+02  6.90259267e+00  2.38053331e+02  2.49580154e+01
  -5.93271713e-03]
 [ 3.44426636e+02  1.52554352e+02  4.32293701e+02  1.74531158e+02
   4.22020836e-02]
 [ 1.05140472e+01  6.70326989e+00  1.80305204e+02  6.74829484e+01
   1.03802128e-02]]