[[ 3.44923137e+02  2.99547629e+02  3.86718831e+02  3.36633645e+02
   4.18365244e-01]
 [ 3.40793793e+02  3.30331970e+02  3.85375946e+02  3.76638672e+02
   2.13755232e-01]
 [ 9.15693512e+01  5.12085915e+00  1.47179962e+02  2.58342400e+01
   8.19417525e-02]
 [ 1.66530640e+02  1.15614815e+01  2.27193390e+02  2.17860680e+01
   4.57892812e-03]
 [ 8.59689415e+01  2.78686370e+01  1.64232078e+02  4.18103486e+01
   7.56896907e-03]
 [ 1.81774763e+02  2.85006103e+01  2.14765032e+02  4.21928406e+01
   7.56907376e-03]
 [ 2.04792526e+02  1.08296593e+02  3.20042063e+02  9.64182390e+01
  -5.68415031e-01]
 [ 3.23430785e+02  4.49787414e+02  3.78888245e+02  4.91664978e+02
   1.93930702e-01]
 [ 3.19616877e+02  4.96755736e+02  3.78033513e+02  5.36881104e+02
   1.94436387e-01]
 [ 1.04884079e+02  1.94965759e+02  1.33429962e+02  2.22825256e+02
   2.92921817e-01]
 [ 9.81593018e+01  2.29017624e+02  1.29026291e+02  2.51763412e+02
   2.72984222e-01]
 [ 4.93468756e+01  4.52181791e+02  8.18369739e+01  4.89881929e+02
   1.78303099e-01]
 [ 1.15086975e+02  4.61201355e+02  1.68141663e+02  5.10707886e+02
   1.19427731e-01]
 [ 6.83116790e+00  4.99808954e+02  5.87613182e+01  5.50056402e+02
   1.54626612e-01]
 [ 9.44351569e+01  5.12397946e+02  1.31396508e+02  5.57642581e+02
   1.18870449e-01]
 [ 1.65165283e+02  5.33823975e+02  2.27973541e+02  5.82406982e+02
   1.18190573e-01]]