[[ 5.59376678e+01  2.30614182e+02  1.26373001e+02  2.53241653e+02
  -2.43563215e-02]
 [ 1.79115051e+02  1.47008438e+01  1.70823883e+02  5.84915848e+01
   7.86482980e-01]
 [ 2.20958496e+02  3.33862149e+01  2.09444214e+02  6.58190463e+01
   7.72896420e-01]
 [ 4.29950601e+01  4.00652309e+02  1.00265590e+02  4.56137486e+02
   2.42882320e-01]
 [ 7.36041000e+01  3.17251496e+02  1.42179408e+02  3.37911773e+02
  -1.83100843e-02]
 [ 6.46284623e+01  3.72252565e+02  1.31097276e+02  3.92528869e+02
  -6.42346209e-02]
 [ 8.29628754e+00  2.43946106e+02  3.18235512e+01  2.57739746e+02
   3.93453510e-02]
 [ 3.83587294e+01  2.43922608e+02  5.54877214e+01  2.56293396e+02
  -2.35194738e-02]
 [ 1.27425184e+02  9.89165845e-01  1.70189468e+02  2.80394363e+01
   1.63994921e-01]
 [-1.47903061e+00  4.03837677e+02  4.98152733e+01  4.25252899e+02
  -2.93749428e-02]
 [ 1.70588684e+01  3.01285645e+02  8.60813675e+01  3.41320190e+02
  -4.59286662e-03]
 [ 2.61827087e+02  3.62940338e+02  2.99247131e+02  3.73474274e+02
  -8.35766852e-02]
 [ 2.63992778e+02  3.79792024e+02  2.88056904e+02  3.90659209e+02
  -7.80631767e-02]
 [ 2.97182098e+02  2.61731231e+02  3.69392303e+02  2.73745820e+02
   2.75793168e-02]
 [ 3.11632172e+02  2.76067963e+02  3.78505402e+02  2.87596832e+02
   2.52682809e-02]]