[[1.88163625e+02 6.10449523e+01 2.78746180e+02 1.00469544e+02
  7.08787895e-03]
 [1.60868042e+02 1.08416504e+02 2.03250214e+02 1.40744232e+02
  1.41826629e-02]
 [2.35759246e+02 1.10108124e+02 2.97535675e+02 1.42081467e+02
  1.41820774e-02]
 [1.24772430e+02 2.37641144e+02 1.39507038e+02 2.84483379e+02
  8.17313150e-01]
 [2.05381041e+02 3.69191162e+02 2.87780641e+02 4.15368775e+02
  3.17017465e-01]
 [1.36411161e+02 9.94157257e+01 1.88620394e+02 1.15980301e+02
  9.90265409e-03]
 [2.04582626e+02 9.98711090e+01 2.30272232e+02 1.16392792e+02
  9.90257746e-03]]