[[ 1.10684948e+02  1.92841918e+02  2.10949115e+02  3.23160218e+02
   3.37222035e-01]
 [ 4.23388184e+02  1.71729904e+02  5.26063660e+02  2.31662613e+02
   5.39396901e-02]
 [ 2.31308495e+02  2.80631896e+02  2.89317130e+02  3.14593875e+02
   1.25251186e-01]
 [ 3.45028076e+02  3.29178009e+01  5.14521606e+02  7.91937714e+01
  -1.94457615e-02]
 [ 3.33943867e+02  1.00801040e+02  4.32773723e+02  1.58277329e+02
   3.45613212e-02]
 [ 4.90748597e+02  1.01702591e+02  5.29851623e+02  1.61504194e+02
   5.39398233e-02]]