[[ 5.10377674e+02  3.68055785e+02  5.95641979e+02  4.12268617e+02
   9.91575946e-02]
 [ 4.38338493e+02  3.82508760e+02  4.89336800e+02  3.89033537e+02
  -1.78190624e-01]
 [ 8.68083572e+01  9.70095520e+01  1.12255074e+02  1.29273026e+02
   4.54373980e-01]
 [ 1.21215912e+02  3.42804413e+02  1.74614868e+02  4.15569305e+02
   5.28642290e-01]
 [ 5.49993225e+02  2.92529053e+02  5.91140686e+02  3.21473083e+02
   1.41797499e-01]
 [ 4.94050237e+02  3.15352532e+02  5.87663264e+02  3.51277290e+02
   1.33435172e-01]
 [ 4.37052440e+02  3.68065067e+02  4.81185475e+02  3.74791989e+02
  -1.78191401e-01]
 [ 4.31908203e+02  3.97162872e+02  4.86473694e+02  4.00335358e+02
  -1.89461734e-01]
 [ 9.95751343e+01  2.50833321e+01  1.77993469e+02  5.18470116e+01
   8.49727652e-02]]