[[ 4.38780029e+02  3.47126541e+01  5.92794189e+02  7.06657639e+01
  -2.38374624e-02]
 [ 4.32003479e+02  9.13452606e+01  5.46458679e+02  1.34235657e+02
   1.65055137e-02]
 [ 4.23107666e+02  1.45187317e+02  5.89866394e+02  2.06771423e+02
   6.15540119e-02]
 [ 4.21667389e+02  2.15021179e+02  4.84922089e+02  2.75829071e+02
   1.11966549e-01]
 [ 4.10193604e+02  2.73599579e+02  4.56554688e+02  2.97887482e+02
   1.29029047e-01]
 [ 4.76648621e+02  2.84088409e+02  4.93078064e+02  3.02626434e+02
   1.18100247e-01]
 [ 5.12831208e+02  2.85661281e+02  5.53481933e+02  3.11713600e+02
   1.29818682e-01]]