[[ 9.48080597e+01  1.77796387e+02  1.65084763e+02  2.32787781e+02
   1.54728629e-02]
 [ 2.19107819e+02  2.12537632e+01  2.60223114e+02  1.51026516e+01
  -5.30524400e-01]
 [ 2.24290381e+02  4.02383703e+01  2.72268188e+02  2.94475136e+01
  -5.79480806e-01]
 [ 3.87811475e+02  3.67991058e+02  4.48319506e+02  4.12113678e+02
   1.06368743e-02]
 [ 4.84681122e+02  3.68068298e+02  4.93051971e+02  4.11600159e+02
   8.88407295e-02]
 [ 4.12886070e+02  4.71747205e+01  4.75330849e+02  6.75077899e+01
   3.53585836e-02]
 [ 4.05852936e+02  8.89451810e+01  5.09499786e+02  1.15116739e+02
   5.85749895e-02]
 [ 4.24355927e+02  2.48856384e+02  4.73254059e+02  2.82365051e+02
   7.43657440e-02]
 [ 1.55341135e+02  1.99378875e+02  2.55053574e+02  2.62825592e+02
   1.83530407e-01]
 [ 3.00559694e+02  3.61236969e+02  3.17870787e+02  3.86287140e+02
   6.01060124e-02]
 [ 3.53392456e+02  3.60610291e+02  3.80662231e+02  3.87843506e+02
   6.83298645e-02]
 [ 4.89532933e+02  2.01452652e+01  5.46121608e+02  3.12418122e+01
   1.62800098e-02]
 [ 4.87314819e+02  3.91101952e+01  5.32957336e+02  5.47672157e+01
   2.80406158e-02]
 [ 3.92063080e+02  2.73741791e+02  4.57099152e+02  3.08778778e+02
   4.49634037e-02]]