[[ 6.33460058e+01  1.81887608e+01  1.27339999e+02  4.53235778e+01
  -2.60519350e-02]
 [ 3.37416882e+01  6.43196643e+01  1.89333866e+02  8.36067731e+01
  -9.33595609e-02]
 [ 7.05219345e+00  1.19942788e+02  1.30533501e+02  1.38819151e+02
  -1.68144173e-01]
 [ 1.32695312e+02  9.69195709e+01  2.47211670e+02  1.21326294e+02
  -8.27943987e-02]
 [ 4.02580078e+02  6.82043076e+01  4.94880615e+02  8.43305740e+01
  -2.63448303e-02]
 [ 5.17416138e+02  6.34318771e+01  5.54639282e+02  8.99273148e+01
   3.85776871e-02]
 [ 3.97749512e+02  9.87769089e+01  4.62677490e+02  1.14691750e+02
  -5.13355173e-03]
 [ 3.91728670e+02  1.24072830e+02  4.81864042e+02  1.46363755e+02
   1.73940863e-02]
 [ 5.05580075e+02  1.25395813e+02  5.84651249e+02  1.48151856e+02
   1.73942231e-02]
 [ 3.86603978e+02  1.54914534e+02  4.62009304e+02  1.79341081e+02
   4.13403984e-02]
 [ 4.87016474e+02  1.57720306e+02  5.61459143e+02  1.83454744e+02
   4.13405346e-02]
 [ 1.29194580e+02  2.73859528e+02  2.55910004e+02  2.53018829e+02
  -5.10590385e-01]
 [ 3.27060028e+02  2.38083115e+01  4.43764801e+02  2.81793289e+01
  -7.79264015e-02]
 [ 3.43470184e+02  4.58522987e+01  4.27588837e+02  6.40964355e+01
  -4.25559589e-02]
 [ 3.59138187e+02  8.14609989e+01  4.20493161e+02  1.01774444e+02
  -1.48698778e-02]]