[[ 5.35115814e+01  4.93388184e+02  7.78684387e+01  5.03163147e+02
  -1.23366780e-01]
 [ 5.34898567e+01  5.12690552e+02  7.83861389e+01  5.22651367e+02
  -1.29038087e-01]
 [ 1.50320390e+02  3.75275950e+01  2.62031921e+02  9.22872554e+01
   3.51479756e-02]
 [ 3.20696442e+02  4.17345352e+01  3.55821319e+02  9.98172989e+01
   8.01149416e-02]
 [ 4.58658829e+01  1.89542740e+02  8.30479355e+01  2.23236191e+02
   8.96977596e-02]
 [ 4.26447271e+01  2.37402984e+02  9.16221797e+01  2.70263825e+02
   6.16839046e-02]
 [ 2.67480544e+02  2.78550659e+02  3.68579697e+02  2.99265930e+02
   1.01948874e-02]
 [ 2.47254696e+01  4.09659912e+02  5.26911774e+01  4.20932434e+02
  -9.78389234e-02]
 [ 2.19510539e+01  4.38337678e+02  4.99209324e+01  4.50069854e+02
  -1.06155493e-01]
 [ 2.15699188e+02  7.79305420e+01  3.62444550e+02  1.71311798e+02
   1.37257511e-01]
 [ 4.29364471e+01  2.70037415e+02  7.84025580e+01  2.84896179e+02
   1.09730854e-01]
 [ 4.06481045e+01  2.96648925e+02  8.08588421e+01  3.12332581e+02
   1.20380479e-01]
 [ 3.93660982e+01  3.22995391e+02  7.02905943e+01  3.37700837e+02
   1.30866476e-01]
 [ 2.99565765e+02  3.65502289e+02  3.59094696e+02  3.76584381e+02
  -4.17540942e-02]
 [ 3.77662720e+02  3.65381683e+02  3.98690979e+02  3.74927887e+02
  -9.07637742e-03]
 [ 2.38125382e+02  2.98585907e+02  3.15925750e+02  3.24623138e+02
  -2.83007019e-03]
 [ 2.50435242e+02  3.36635101e+02  3.13898938e+02  3.60429718e+02
   3.93539130e-02]]