[[ 6.33726425e+01  6.35853043e+01  1.05819847e+02  8.87423020e+01
   7.86328724e-02]
 [ 2.55424543e+02  4.32732245e+01  3.39023760e+02  6.25931391e+01
  -3.29903559e-02]
 [ 1.62420403e+02  5.56618727e+01  2.04449164e+02  8.05125352e+01
   2.06874211e-02]
 [ 1.61623154e+02  8.93086319e+01  2.10443222e+02  1.15151619e+02
   2.42544099e-02]
 [ 1.59748793e+02  1.24421585e+02  2.06010393e+02  1.48974381e+02
   2.77615353e-02]
 [ 7.03246541e+01  2.42643641e+02  1.15165517e+02  3.02547824e+02
   6.05850833e-01]
 [ 7.98981449e+01  3.96209709e+01  1.30183993e+02  6.92712181e+01
   2.74739578e-01]
 [ 2.58349304e+02  1.38218341e+01  3.13332947e+02  3.91268830e+01
  -4.79306263e-02]
 [ 2.52625580e+02  6.48984909e+01  3.06217987e+02  9.87383194e+01
  -1.13266753e-02]
 [ 2.82873596e+02  2.31899109e+02  3.30642090e+02  2.33914551e+02
  -2.45138798e-01]
 [ 2.83435466e+02  2.47875874e+02  3.10714439e+02  2.58569087e+02
  -2.08566381e-01]
 [ 3.23646484e+02  2.39700623e+02  3.30033630e+02  2.54936707e+02
   6.39078020e-03]
 [ 2.84314178e+02  2.70146247e+02  3.22213165e+02  2.77436639e+02
  -2.15287038e-01]
 [ 2.11041519e+02  8.38796387e+01  2.46155045e+02  1.04174744e+02
   2.30349972e-02]]