[[ 5.37604980e+02  5.71652893e+02  5.81391846e+02  5.91975891e+02
   3.47315416e-02]
 [ 9.05560913e+01  8.44931412e+01  1.91608978e+02  1.05287865e+02
  -4.42762489e-02]
 [ 3.75754547e+02  5.61247192e+02  4.23745514e+02  6.00111938e+02
   1.22649710e-01]
 [ 4.41833099e+02  5.71093933e+02  4.93583466e+02  5.94303040e+02
   1.07547601e-02]
 [ 2.11172518e+02  4.06027829e+02  4.66175566e+02  5.13968021e+02
   1.14784285e-01]
 [ 4.70212922e+02  4.76908511e+02  5.87061492e+02  4.99632627e+02
  -8.25487919e-02]]