[[ 4.12175281e+02  5.57713359e+01  5.76722425e+02  8.82084348e+01
  -2.23374188e-02]
 [ 4.58684631e+02  8.60137177e+01  5.43729126e+02  1.23697220e+02
   1.26708053e-03]
 [ 4.55426160e+02  1.17571318e+02  5.45319385e+02  1.60877382e+02
   2.64898309e-02]
 [ 4.54705322e+02  1.52296677e+02  5.17239746e+02  1.99196518e+02
   5.34683236e-02]
 [ 4.79756042e+02  1.97542511e+02  5.50255310e+02  2.43864716e+02
   8.23477106e-02]
 [ 4.17007003e+02  2.23967070e+02  5.34191391e+02  2.88222753e+02
   1.13284881e-01]
 [ 3.53099213e+02  4.72717552e+01  3.98059540e+02  5.86720543e+01
  -4.75833896e-02]
 [ 4.18895241e+02  3.79795200e+01  4.71552818e+02  5.51723431e+01
  -4.75834957e-02]
 [ 3.45194000e+02  7.22845001e+01  3.68098785e+02  9.11301575e+01
  -2.36779098e-02]
 [ 3.37135427e+02  9.63027183e+01  4.50087169e+02  1.32928208e+02
   7.45125812e-02]
 [ 1.42658880e+01  1.54828482e+01  1.39226883e+02  5.17781906e+01
  -2.02860928e-02]
 [ 1.45518112e+02  1.28159161e+01  2.59254517e+02  4.19033508e+01
  -2.00941918e-02]
 [ 2.58215662e+02  1.06490793e+01  3.03465429e+02  3.30432429e+01
  -6.45419910e-01]]