[[ 3.53593216e+01  3.26161438e+02  6.81788559e+01  3.39612183e+02
  -3.04632498e-03]
 [ 3.11722685e+01  3.47830627e+02  6.60171827e+01  3.61929687e+02
  -1.05397009e-02]
 [ 9.86781289e+01  2.30491912e+02  1.28553986e+02  2.54587402e+02
   3.05070078e-01]
 [ 3.02077753e+01  4.35188018e+02  1.71723774e+02  4.97670258e+02
   1.22507344e-01]
 [ 2.13387665e+02  4.66501217e+02  2.59704040e+02  5.07941532e+02
   1.20153448e-01]
 [ 1.68901749e+01  5.05667908e+02  1.04362480e+02  5.65460388e+02
   1.16151487e-01]
 [ 1.44182144e+02  5.30974548e+02  2.17075912e+02  5.91651306e+02
   1.03571654e-01]
 [ 2.63501649e+02  5.51424671e+02  2.86846190e+02  5.86751721e+02
   8.23481995e-02]
 [ 3.25098541e+02  3.46683167e+02  3.67324127e+02  3.96725525e+02
   3.47934761e-01]
 [ 6.78688812e+00  4.60994225e+01  8.24635849e+01  5.96321602e+01
   8.39480924e-03]
 [ 9.46717834e+01  4.66112022e+01  2.12101746e+02  6.09749413e+01
   1.03170576e-02]
 [ 3.20775685e+02  4.39336302e+02  3.64911937e+02  4.73785769e+02
   1.93474699e-01]
 [ 3.17759010e+02  4.86744380e+02  3.61042198e+02  5.23412480e+02
   1.94993482e-01]
 [ 1.16241959e+02  1.46804962e+02  1.46398550e+02  1.67731661e+02
   3.31574469e-01]
 [ 1.13608383e+02  1.61035034e+02  1.45041092e+02  1.82384949e+02
   3.21771203e-01]
 [ 1.10887665e+02  1.75736008e+02  1.41974411e+02  1.96963730e+02
   3.11612084e-01]
 [ 1.08075363e+02  1.90931747e+02  1.39834656e+02  2.12367447e+02
   3.01078418e-01]
 [ 1.88357064e+02  1.24231365e+02  2.52703300e+02  1.10508884e+02
  -5.34895982e-01]
 [ 2.59804108e+02  7.27097321e+01  3.31449554e+02  4.28770294e+01
  -6.44190326e-01]
 [ 3.45433367e+02  2.48154809e+02  3.65148542e+02  2.75770667e+02
   4.68104210e-01]
 [ 3.41743744e+02  2.74413025e+02  3.64365631e+02  3.03010071e+02
   4.41613027e-01]
 [ 8.67861023e+01  4.67739868e+00  1.59485184e+02  2.37767334e+01
   4.91794812e-03]]