[[ 1.16736343e+02  6.58545456e+01  1.26822678e+02  1.21735939e+02
   8.46167292e-01]
 [ 4.62803680e+02  1.96419647e+02  5.06635162e+02  2.08969208e+02
  -2.57312975e-01]
 [ 3.44102509e+02  1.84503159e+02  3.75831940e+02  2.09355545e+02
   4.32791639e-02]
 [ 4.64867738e+02  1.41698882e+02  4.94225463e+02  1.67711823e+02
   2.64807785e-02]
 [ 4.73108459e+02  1.67362900e+02  4.89758972e+02  1.91726364e+02
   2.92584806e-02]
 [ 4.61926818e+02  7.54505357e+00  5.00294190e+02  5.70810145e+01
  -2.28992094e-02]
 [ 5.28181030e+02  1.34920731e+01  5.91065918e+02  5.79329758e+01
   1.37541032e-02]]