[[ 4.79572000e+02  2.26076218e+02  5.33044638e+02  2.51368118e+02
   3.59569267e-03]
 [ 3.58371857e+02  9.57539368e+01  4.41253571e+02  1.01335068e+02
  -4.30240041e-01]
 [ 3.72535326e+02  1.69422722e+02  4.53811842e+02  1.64657509e+02
  -5.05106320e-01]
 [ 5.16594553e+02  2.54093284e+02  5.94536672e+02  2.53004280e+02
  -4.13341588e-01]
 [ 9.19290984e+00  8.16181572e+00  6.19448923e+01  2.62771110e+01
  -2.39469616e-02]
 [ 6.52844010e+01  7.25967508e+00  1.32333504e+02  3.10766296e+01
  -6.68564257e-03]
 [ 5.12805603e+02  1.22849884e+01  5.58443787e+02  3.93846550e+01
  -3.37662291e-01]
 [ 3.85016711e+02  6.14542449e+01  4.90526563e+02  4.47067888e+01
  -4.47710880e-01]
 [ 3.92975677e+02  1.17748550e+02  4.91716583e+02  1.01773270e+02
  -4.81352344e-01]
 [ 5.45164551e+02  2.09789352e+02  6.01086304e+02  2.18316971e+02
  -2.62719460e-01]
 [ 3.27157837e+02  3.53678864e+02  4.38104309e+02  3.83487152e+02
  -1.35639733e-02]
 [ 4.61813171e+02  3.56545166e+02  5.44457581e+02  3.84619019e+02
   2.12838930e-02]
 [ 5.60441833e+02  3.63530212e+02  5.84085510e+02  3.81506897e+02
  -4.08924986e-01]
 [ 5.12514038e+02  5.46106415e+01  5.50466797e+02  9.01713104e+01
  -3.37454185e-01]
 [ 5.53170093e+02  4.80544162e+01  5.83766309e+02  8.04425320e+01
  -3.38041203e-01]]