[[ 7.52121735e+01  4.27864349e+02  1.16453796e+02  4.57138092e+02
   6.19060200e-02]
 [ 4.55665863e+02  1.23958504e+02  5.93265991e+02  1.45045471e+02
  -3.43069717e-02]
 [ 4.74672629e+02  1.64469956e+02  5.87601663e+02  1.88357406e+02
  -4.40199053e-03]
 [ 4.49956577e+02  2.05403747e+02  5.31072998e+02  2.32404022e+02
   2.72229529e-02]
 [ 5.54995361e+02  2.07323120e+02  5.85356567e+02  2.33882141e+02
   2.65001436e-02]
 [ 4.43090310e+02  2.41722869e+02  5.74751099e+02  2.81435211e+02
   6.06505487e-02]
 [ 6.04068255e+01  2.83666808e+02  2.58125275e+02  3.65912964e+02
   2.46757042e-01]
 [ 3.49993164e+02  4.02309326e+02  3.88644226e+02  4.20129883e+02
  -8.50161904e-02]
 [ 3.49421033e+02  4.31407011e+02  3.86964710e+02  4.59313509e+02
   9.78422989e-02]
 [ 3.88142492e+02  6.43937091e+01  5.23236414e+02  9.62411329e+01
  -7.13923827e-02]
 [ 1.00733643e+02  2.11196136e+02  1.91978821e+02  2.67953125e+02
   2.69823941e-01]
 [ 9.03231354e+01  2.50662079e+02  1.83356433e+02  3.01781831e+02
   2.66715768e-01]
 [ 2.23710861e+02  2.98271118e+02  2.46214645e+02  3.16647400e+02
   2.58707921e-01]]