[[ 1.84754517e+02  3.36509285e+01  2.54104858e+02  5.89437904e+01
  -1.58159996e-01]
 [ 2.64973877e+02  1.26279633e+02  3.55158264e+02  1.89227814e+02
   3.89259171e-01]
 [ 3.64464447e+02  6.49249268e+00  4.26367462e+02  6.26243286e+01
   3.92571134e-02]
 [ 1.33987575e+02  2.05647182e+01  1.62221471e+02  4.88041020e+01
   4.12244971e-01]
 [ 1.35075745e+02  4.21388474e+01  1.58430542e+02  7.63413773e+01
   5.47700291e-01]
 [ 2.30973244e+02  1.43035345e+02  2.84640085e+02  1.89748280e+02
   4.03739568e-01]
 [ 2.93744192e+02  9.26832399e+00  3.62619151e+02  4.42251739e+01
  -9.29403252e-03]]