[[ 2.48437149e+02  4.38895454e+01  3.02335632e+02  4.94997978e+01
  -2.44271581e-01]
 [ 3.21328834e+02  2.83578702e+01  3.62402733e+02  3.23344630e+01
  -2.45752290e-01]
 [ 2.70636902e+02  5.59581833e+01  2.92193665e+02  7.80506210e+01
   6.02821056e-02]
 [ 3.10332934e+02  5.31967422e+01  3.54429761e+02  5.72469757e+01
  -2.40276335e-01]
 [ 2.40159031e+02  8.41801196e+01  3.59202541e+02  8.38309278e+01
  -1.83520207e-01]
 [ 2.83038268e+02  1.00869843e+02  3.40312074e+02  1.10160126e+02
  -1.95607796e-01]
 [ 2.57835691e+02  1.31485856e+02  3.50867190e+02  1.41176406e+02
  -2.06798684e-01]
 [ 2.79070701e+02  1.59275362e+02  3.41309487e+02  1.67424895e+02
  -1.68322798e-01]
 [ 2.28036572e+02  1.88365191e+02  3.31047046e+02  2.00939344e+02
  -1.32104183e-01]
 [ 2.21882154e+02  2.19123184e+02  3.22847902e+02  2.34382583e+02
  -1.08566138e-01]
 [ 3.43399404e+02  2.10048295e+02  4.12887888e+02  2.24568740e+02
  -1.08566195e-01]
 [ 2.20644791e+02  2.50847687e+02  3.63440186e+02  2.69442535e+02
  -6.48482557e-02]]