[[ 7.41344299e+01  8.11022339e+01  2.56013153e+02  1.42392792e+02
   1.90888747e-02]
 [ 3.65750586e+02  2.43078291e+00  3.93682947e+02  2.35618261e+01
   1.32608625e-01]
 [ 3.65219392e+02  3.20331310e+01  4.03061492e+02  5.37706715e+01
   1.17707454e-01]
 [ 3.64473803e+02  6.15051790e+01  4.02438490e+02  8.27209868e+01
   1.02724802e-01]
 [ 5.46240104e+02  4.94864273e+01  5.95687753e+02  6.78397293e+01
  -1.86669266e-03]
 [ 4.96760148e+02  2.06338638e+02  5.87373794e+02  2.40983749e+02
  -1.11760408e-03]
 [ 9.85846100e+01  1.51455154e+02  1.64278061e+02  1.91621811e+02
   9.36833021e-03]
 [ 6.15956421e+01  2.28902710e+02  1.05436722e+02  2.56306732e+02
   1.16784364e-02]
 [ 1.42504211e+02  2.20507935e+02  1.81506653e+02  2.57318420e+02
   1.11171755e-02]
 [ 5.47411891e+02  6.70218165e+00  5.94890721e+02  2.04311659e+01
  -5.00511077e-02]
 [ 5.41940058e+02  3.41455079e+01  5.90218389e+02  4.95062331e+01
  -2.06124443e-02]
 [ 5.14071472e+02  1.41201019e+02  5.89966858e+02  1.48801392e+02
  -1.94082701e-01]]