[[ 4.58672365e+01  3.68593079e+02  1.16093732e+02  3.96543274e+02
   1.01682774e-04]
 [ 1.31572830e+02  3.68576324e+02  1.71957870e+02  3.95512299e+02
  -3.31054737e-04]
 [ 4.58932485e+01  4.11022400e+02  8.72005473e+01  4.38991760e+02
   3.24997865e-04]
 [ 1.01093595e+02  4.18631134e+02  1.76777316e+02  4.40123626e+02
  -1.28799730e-01]
 [ 7.58635559e+01  4.53489075e+02  1.47217697e+02  4.81560486e+02
   9.85020756e-04]
 [ 3.50461977e+02  5.63283875e+02  4.17066222e+02  5.86711853e+02
  -5.15954343e-03]
 [ 8.38624725e+01  2.17904770e+02  2.08309799e+02  2.76356140e+02
  -2.36259096e-01]
 [ 1.24220106e+01  8.57893524e+01  1.67795107e+02  1.64572372e+02
  -4.71784792e-03]]