[[1.67706253e+02 2.42979095e+02 2.19706558e+02 2.67059296e+02
  1.67861613e-01]
 [1.56486846e+02 1.48802093e+02 1.89357027e+02 1.66279877e+02
  6.79959017e-02]
 [1.56090088e+02 1.71558548e+02 1.90249542e+02 1.86156754e+02
  7.43714149e-02]
 [4.34605105e+02 1.73384153e+02 4.76210080e+02 1.87906741e+02
  9.70065020e-02]
 [4.33613141e+02 1.98032591e+02 4.70651691e+02 2.17124178e+02
  1.03369949e-01]
 [2.18259864e+02 1.45917175e+02 2.55687219e+02 1.70606720e+02
  2.80381920e-03]
 [1.70218396e+02 1.32269943e+02 1.98901813e+02 1.51690659e+02
  6.79977299e-02]
 [4.17514130e+02 2.04220123e+02 4.93369415e+02 2.40616486e+02
  1.07862160e-01]]