[[ 1.73814663e+01  2.72218048e+02  1.73072410e+02  3.61479767e+02
   2.93083559e-02]
 [ 3.56400099e+02  3.39701690e+02  4.27886278e+02  3.83925263e+02
   1.37177907e-02]
 [ 1.52950367e+02  1.64558487e+01  2.03086712e+02  3.35078201e+01
  -6.49085086e-04]
 [ 2.10739852e+02  1.64345226e+01  2.38803575e+02  3.34068756e+01
  -1.55500705e-03]
 [ 2.48833758e+02  2.35110226e+01  2.55998029e+02  2.61874409e+01
  -1.02804777e-03]
 [ 2.63063783e+02  1.63844452e+01  3.04003722e+02  3.60111846e+01
  -1.69964967e-03]
 [ 1.51349526e+02  4.17510643e+01  1.96946128e+02  5.83033867e+01
  -1.98991850e-03]
 [ 2.04721100e+02  3.98753471e+01  3.47746246e+02  5.87538795e+01
  -2.92204812e-03]
 [ 3.55108917e+02  4.04397278e+01  4.01061981e+02  6.04434280e+01
  -3.02101228e-03]
 [ 4.07865969e+02  4.03372918e+01  4.59433957e+02  6.02769660e+01
  -1.94150910e-03]
 [ 1.71983976e+02  2.81068634e+02  2.50373293e+02  3.01123261e+02
   3.07969521e-02]
 [ 2.67040436e+02  2.86939300e+02  2.78390167e+02  3.04382355e+02
   4.26983813e-02]
 [ 2.01278514e+02  3.20885925e+02  2.45003072e+02  3.37445069e+02
   3.62874601e-02]
 [ 1.65393127e+02  3.56434418e+02  2.10540741e+02  3.73738800e+02
   4.19663081e-02]
 [ 2.27485578e+02  3.58893249e+02  2.74194506e+02  3.76411683e+02
   4.19644917e-02]
 [ 3.79794833e+02  3.06292908e+02  5.12967285e+02  3.40312927e+02
   1.58513649e-03]
 [ 3.38624938e+02  3.77573586e+01  5.95143800e+02  1.31213028e+02
  -1.79630494e-03]]