[[ 1.14819031e+02  2.39895767e+02  2.10265594e+02  2.64565857e+02
  -1.84377694e-01]
 [ 3.55077322e+01  3.20014771e+02  1.34669232e+02  3.63396606e+02
  -1.08443322e-03]
 [ 3.40321802e+02  5.59423218e+02  4.11510535e+02  5.86740478e+02
  -5.16139968e-03]
 [ 2.66117175e+01  4.04049286e+02  1.43521717e+02  4.36956695e+02
  -2.10497260e-02]
 [ 1.97069778e+02  1.59376938e+02  2.47668320e+02  1.40385513e+02
  -7.26419201e-01]
 [ 2.01797653e+02  1.94269485e+02  2.42127213e+02  1.75888443e+02
  -8.02799143e-01]]