[[ 3.02667914e+02  1.17352981e+02  3.58172662e+02  1.38220780e+02
   3.47676763e-02]
 [ 2.61055908e+02  4.12815460e+02  3.08489929e+02  4.22222504e+02
  -7.72161862e-04]
 [ 3.17515350e+02  4.14315948e+02  3.50886383e+02  4.22189728e+02
  -7.71973190e-04]
 [ 2.76871796e+02  4.27774841e+02  3.03828705e+02  4.37607910e+02
   1.88911428e-02]
 [ 3.09260956e+02  4.27997528e+02  3.48215240e+02  4.37802155e+02
   1.81124348e-02]
 [ 2.98359253e+02  2.25264874e+01  3.79319946e+02  5.05887909e+01
  -3.41558376e-02]
 [ 2.61617889e+02  2.36568146e+02  3.77212616e+02  2.40421417e+02
  -1.45868528e-01]
 [ 2.36226642e+01  4.03332916e+02  8.96283905e+01  4.43232575e+02
   2.51229576e-02]
 [ 2.75292023e+02  1.00882408e+02  3.71457855e+02  1.20759438e+02
   2.07872407e-02]
 [ 2.82075679e+02  1.29406219e+02  3.33499516e+02  1.51770600e+02
   4.61914372e-02]
 [ 2.88262685e+02  1.59105483e+02  3.50872386e+02  1.81672349e+02
   8.74330958e-02]
 [ 2.94064299e+02  1.85385681e+02  3.69742586e+02  2.08540070e+02
   1.08181488e-01]
 [ 2.63410370e+02  5.63522720e+01  3.28358368e+02  7.48298111e+01
  -1.01121221e-01]
 [ 2.64846344e+02  2.23446198e+02  3.18855011e+02  2.27821442e+02
  -1.57919656e-01]]