[[ 3.14564743e+01  5.09529495e+01  7.71283951e+01  6.86383591e+01
   1.16672555e-02]
 [ 2.21994206e+01  8.11213836e+01  1.05849228e+02  1.00782166e+02
   1.63890595e-02]
 [ 1.35069534e+01  1.13098740e+02  1.30965707e+02  1.35141434e+02
   2.14084369e-02]
 [ 3.90877315e+00  1.46262267e+02  7.88793945e+01  1.80601685e+02
   1.13722045e-01]
 [ 2.52804642e+01  3.28235962e+02  9.16943588e+01  3.59533875e+02
   6.40388685e-02]
 [ 1.27460638e+02  3.83648984e+02  2.56202692e+02  4.30933414e+02
   1.24203367e-01]
 [ 1.16731522e+02  4.44746124e+02  1.94467209e+02  4.84241913e+02
   1.22564996e-01]
 [ 1.13264183e+02  4.79973322e+02  2.05407898e+02  5.42951054e+02
   2.51836404e-01]
 [ 2.35967194e+02  5.01662781e+02  2.59456329e+02  5.35612732e+02
   9.86624640e-02]
 [ 9.71392724e+01  5.40088805e+02  1.89645579e+02  5.91408022e+02
   6.02687034e-02]
 [ 2.18054932e+02  5.50818481e+02  2.74289307e+02  5.93907715e+02
   1.15693302e-01]
 [ 3.25451449e+02  4.50213709e+02  3.66901090e+02  4.81111242e+02
   1.92994979e-01]
 [ 3.24164124e+02  4.84462585e+02  3.77176758e+02  5.21606567e+02
   1.94039186e-01]
 [ 3.24715942e+02  3.60073822e+02  3.59859315e+02  3.95225189e+02
   3.46674208e-01]
 [ 1.64672460e+02  1.43029923e+02  3.28865601e+02  8.83166656e+01
  -6.27506722e-01]
 [ 3.62569733e+02  4.38794617e+02  3.96797638e+02  4.64156677e+02
   1.92432453e-01]
 [ 3.61769278e+02  4.73170012e+02  3.87761362e+02  4.95773531e+02
   1.93473329e-01]
 [ 3.51588900e+02  3.26132984e+02  3.92348783e+02  3.60222790e+02
   3.96523614e-01]
 [ 3.46614227e+02  3.52793823e+02  3.89777863e+02  3.95840515e+02
   4.83584587e-01]]