[[ 6.02960014e+01  5.27872734e+01  1.84800522e+02  8.56577454e+01
  -7.87261401e-02]
 [ 5.03114586e+01  4.18640015e+02  8.36100159e+01  4.29426514e+02
  -2.14408947e-01]
 [ 8.92845993e+01  4.07708801e+02  1.37287628e+02  4.17737671e+02
  -2.14410058e-01]
 [ 3.62581115e+01  4.61378724e+02  1.11219836e+02  4.61214416e+02
  -3.01526077e-01]
 [ 1.20854401e+02  4.36593262e+02  1.46464447e+02  4.57852051e+02
  -4.33564114e-02]
 [ 5.07954063e+01  4.87419098e+02  1.26087097e+02  4.98253632e+02
  -1.21334133e-01]
 [ 1.39445312e+02  4.76620112e+02  1.58910828e+02  4.95562750e+02
  -5.08269808e-02]
 [ 2.54409158e+01  5.32283571e+02  9.27205985e+01  5.48319212e+02
  -9.12125527e-02]
 [ 1.05159996e+02  5.21960449e+02  1.23022118e+02  5.41525757e+02
  -2.52091656e-02]
 [ 1.37524567e+02  5.16124268e+02  1.68548279e+02  5.37558960e+02
  -6.99244971e-02]]