[[4.38302405e+02 8.16628862e+01 5.30074518e+02 1.57191730e+02
  5.46597839e-02]
 [4.23816278e+02 1.93092498e+02 5.77734198e+02 3.07299104e+02
  1.25097375e-01]
 [8.02057033e+01 2.76222379e+01 2.12973195e+02 1.88760979e+02
  5.69884649e-01]
 [6.05746002e+01 1.37671692e+02 2.51565567e+02 2.75503143e+02
  3.34856128e-01]
 [2.79737854e+01 2.63489349e+02 2.03925644e+02 3.73943329e+02
  1.26088294e-01]
 [4.35379968e+02 1.61487364e+02 5.57057624e+02 1.96123813e+02
  4.98216910e-02]
 [2.58214098e+02 2.80247038e+02 2.93067139e+02 3.10475494e+02
  1.49806496e-01]
 [2.52688110e+02 3.27800110e+02 2.72318481e+02 3.47336426e+02
  7.27918345e-02]
 [2.83690614e+02 3.30060789e+02 3.00329161e+02 3.47508913e+02
  7.27870677e-02]]