[[ 1.54633191e+02  1.12661761e+02  3.10240085e+02  8.74038214e+01
  -6.46024774e-01]
 [ 1.03700082e+02  1.41641599e+02  1.43732871e+02  1.71119112e+02
   3.17115787e-01]
 [ 4.99388408e+01  4.24762306e+01  7.50475217e+01  5.30758401e+01
   9.34971995e-03]
 [ 9.17925313e+01  3.96649551e+01  1.13610758e+02  5.34364166e+01
   9.34966136e-03]
 [ 2.56574214e+01  6.22593383e+01  7.77781560e+01  7.87107087e+01
   1.31674815e-02]
 [ 9.39742432e+01  6.79252777e+01  1.30219269e+02  8.28265228e+01
   1.36747828e-02]
 [ 1.86190332e+01  8.89093170e+01  1.01371079e+02  1.09637482e+02
   1.77153975e-02]
 [ 3.18555237e+02  4.40012817e+02  3.80037048e+02  4.79035095e+02
   1.92727409e-01]
 [ 3.45937897e+02  3.07150238e+02  3.73231171e+02  3.39679474e+02
   4.09264633e-01]
 [ 3.40684866e+02  3.42166500e+02  3.79416391e+02  3.80913151e+02
   3.93004472e-01]
 [ 3.34066181e+02  3.77872921e+02  3.69595441e+02  4.13144841e+02
   3.31361488e-01]
 [ 7.78536530e+01  4.83824768e+02  2.18697250e+02  5.65358459e+02
   1.16861036e-01]
 [ 2.54174927e+02  5.10695496e+02  2.94224487e+02  5.73829407e+02
   8.88646687e-02]
 [ 1.41998518e+02  2.30654665e+02  1.78388048e+02  2.26888640e+02
  -6.14847139e-01]
 [ 1.84236557e+02  2.03625031e+02  2.03014542e+02  2.10773956e+02
  -5.31792733e-01]
 [ 1.56443244e+02  2.59223944e+02  2.02439660e+02  2.56375116e+02
  -5.94707285e-01]
 [ 3.52272430e+02  2.57343231e+02  3.88396149e+02  2.94389557e+02
   4.14299526e-01]
 [ 2.31906929e+01  3.34993133e+02  7.02793884e+01  3.53564850e+02
  -8.79961475e-03]
 [ 1.20958710e+02  3.42289215e+02  2.83764313e+02  3.95661957e+02
   1.50082475e-01]
 [ 1.12948395e+02  3.84950012e+02  2.03166962e+02  4.21153870e+02
   1.24369167e-01]
 [ 2.23811218e+02  4.00917236e+02  2.69521179e+02  4.29449097e+02
   1.24368619e-01]
 [ 1.08490381e+02  4.28542297e+02  1.63870825e+02  4.61531190e+02
   1.21987386e-01]
 [ 1.85280553e+02  4.39118826e+02  2.02940394e+02  4.66321055e+02
   1.21991941e-01]]