[[ 3.95663757e+01 -1.96686096e+01  3.71229370e+02  1.45210266e+02
   1.52760672e-01]
 [ 4.90853821e+02  2.17070740e+02  5.51518625e+02  2.43811829e+02
   4.70852297e-02]
 [ 4.29292908e+02  9.08547974e+00  5.94855286e+02  8.57497177e+01
   1.00757646e-01]
 [ 3.37031387e+01  2.25521057e+02  1.01804777e+02  2.94659302e+02
   9.07111988e-03]
 [ 1.37285770e+02  2.27817949e+02  2.53296995e+02  2.74933470e+02
  -1.06068712e-01]
 [ 2.62784210e+02  2.21862305e+02  3.27224884e+02  2.48118439e+02
  -1.54856180e-01]
 [ 3.37817841e+02  2.13147720e+02  3.68250214e+02  2.46967514e+02
   1.39190526e-02]
 [ 4.55803623e+02  2.94827297e+02  5.27457119e+02  3.26704624e+02
   1.50891541e-01]
 [ 4.62739075e+02  3.41747101e+02  5.25945557e+02  3.69518341e+02
   1.91584305e-01]
 [ 4.97792947e+02  7.45772836e+01  5.52072632e+02  9.97759247e+01
   9.89558736e-02]]