[[ 2.90110168e+01  3.95752960e+02  1.83030075e+02  4.58933685e+02
  -5.64715974e-03]
 [ 2.55550655e+02  2.37340046e+02  2.82353581e+02  2.66557720e+02
  -3.49729286e-01]
 [ 2.69585846e+02  2.09711838e+02  2.88530853e+02  2.36233414e+02
  -3.31935683e-01]
 [ 2.79788388e+02  1.90987754e+02  2.96565188e+02  2.14490396e+02
  -3.16118243e-01]
 [ 2.89883911e+02  3.87439819e+02  3.51644592e+02  4.29834900e+02
   3.30711602e-03]
 [ 2.55578598e+02  4.51174133e+02  3.68361817e+02  4.74052004e+02
  -1.55385202e-01]
 [ 2.51966446e+02  4.98340607e+02  3.69201416e+02  5.23864258e+02
  -1.15488053e-01]
 [ 2.20809226e+02  5.62711614e+02  3.71691491e+02  5.68133235e+02
  -2.00119653e-01]
 [ 1.86610130e+02  3.51201416e+02  2.38716713e+02  3.72651611e+02
  -2.29239590e-02]
 [ 1.31831329e+02  3.22899841e+02  1.97622864e+02  3.11536499e+02
  -3.19743244e-01]
 [ 1.35530584e+02  3.35215305e+02  1.80173548e+02  3.32583340e+02
  -2.97668614e-01]
 [ 4.68011856e+01  2.62492798e+02  2.26809143e+02  2.93397949e+02
  -2.47732720e-02]
 [ 2.93714828e+01  6.17286530e+01  9.09913101e+01  9.76295624e+01
   2.17508473e-01]
 [ 1.13339493e+02  8.18682938e+01  1.76707693e+02  1.16573297e+02
   2.17508481e-01]
 [ 1.96439549e+02  1.00195946e+02  2.73437757e+02  1.42347202e+02
   2.69658145e-01]
 [ 1.84649055e+02  3.09859225e+02  2.40748803e+02  3.03412625e+02
  -3.15959786e-01]
 [ 1.77669989e+02  3.30042518e+02  2.25193567e+02  3.28998741e+02
  -2.89160144e-01]]