[[ 4.33956146e+00  2.22591690e+02  8.21356049e+01  2.46422653e+02
   7.38425884e-03]
 [ 2.69094818e+02  8.82561588e+00  3.11856964e+02  3.51968536e+01
  -2.29311020e-02]
 [ 2.71909454e+02  5.52627693e+01  3.21114533e+02  7.67808212e+01
  -4.95835360e-02]
 [ 1.74324890e+02  2.00006134e+02  1.88495667e+02  2.33840454e+02
   4.71118834e-01]
 [ 2.18318268e+02  2.06305878e+02  2.20771454e+02  2.47692444e+02
   4.82613029e-01]
 [ 7.60080897e+00  4.02930298e+02  5.37930666e+01  4.33096069e+02
   2.51225958e-02]
 [ 2.22312581e+02  2.74736274e+02  3.13398036e+02  3.14568169e+02
  -2.58299171e-01]
 [ 2.91415955e+02  4.28949280e+01  3.65117981e+02  5.14636688e+01
  -2.12361221e-01]
 [ 6.80223236e+01  4.06803101e+02  1.21420593e+02  4.33005005e+02
  -6.02617520e-02]]