[[ 2.41895264e+02  4.92792664e+01  3.91685317e+02  1.79659014e+02
   1.50292817e-01]
 [ 6.15892906e+01  1.22835037e+02  1.08917574e+02  1.29921037e+02
  -4.69571786e-01]
 [ 2.49188843e+02  3.13735291e+02  3.84361938e+02  3.52867126e+02
   9.28799425e-02]
 [ 1.60759052e+02  3.27948648e+02  1.94303814e+02  3.18575400e+02
  -6.51761258e-01]
 [ 1.71455534e+02  3.43062776e+02  2.03834811e+02  3.29882963e+02
  -6.53931114e-01]
 [ 1.03055438e+02  1.52970377e+01  1.90861738e+02  4.01225036e+01
  -1.20553994e-01]
 [ 2.06998596e+02  7.83795166e+00  2.62408813e+02  5.06915169e+01
   5.59248243e-03]
 [ 2.86849518e+02  1.72132797e+01  3.43391876e+02  5.56705856e+01
   3.21819098e-02]
 [ 2.39359042e+02  2.55358811e+02  3.03071377e+02  2.70291503e+02
  -3.37816724e-02]
 [ 2.19821883e+02  2.75631775e+02  3.51804200e+02  2.90018616e+02
  -1.95425466e-02]
 [ 2.28212128e+02  2.92571442e+02  3.45846222e+02  3.09259125e+02
   1.96708723e-02]]