[[ 9.56790161e+01  1.02485552e+01  2.03614014e+02  3.04725418e+01
  -5.77831149e-02]
 [ 6.41597748e+00  5.84978676e+01  1.42017708e+02  7.04396806e+01
  -1.79668019e-01]
 [ 1.53763995e+02  4.04381272e+01  2.27756666e+02  5.99357742e+01
  -1.21902906e-01]
 [ 2.32294719e+02  3.38730569e+01  2.87425312e+02  5.26257529e+01
  -1.21902794e-01]
 [ 6.98641510e+01  8.85141525e+01  2.04890366e+02  9.88639297e+01
  -1.92340668e-01]
 [ 4.13546847e+02  2.36590227e+01  5.19428007e+02  5.47058779e+01
  -4.63337073e-02]
 [ 4.08875977e+02  7.41159821e+01  5.10223267e+02  1.14447678e+02
  -5.13336163e-03]
 [ 4.10547238e+02  1.20943130e+02  5.64362491e+02  2.06024643e+02
   1.76960379e-01]
 [ 3.92210983e+02  1.90740996e+02  5.54353104e+02  2.61502107e+02
   9.39249381e-02]]