[[ 5.34492615e+02  1.60636734e+02  5.78826477e+02  1.68236038e+02
  -1.33327141e-01]
 [ 3.49192047e+02  1.65380630e+01  4.39875580e+02  3.39067764e+01
  -1.26875792e-01]
 [ 3.52500492e+02  6.74302400e+01  4.35863278e+02  8.24036986e+01
  -1.19170135e-01]
 [ 1.81268387e+02  2.21743942e+02  2.42515945e+02  2.35107712e+02
   9.78263226e-03]
 [ 3.57961373e+01  8.52719709e+01  8.74571704e+01  1.31028199e+02
   3.22950661e-01]
 [ 3.17245560e+01  1.23748398e+02  1.04998238e+02  1.69840317e+02
   3.05613115e-01]
 [ 4.89668405e+02  5.10064501e+01  5.77093192e+02  6.47670102e+01
  -2.06362975e-01]
 [ 5.01927015e+02  1.00278453e+02  5.81811175e+02  1.05323613e+02
  -1.74941442e-01]
 [ 3.38597443e+02  5.56236534e+01  4.56291901e+02  6.63414459e+01
  -1.13786189e-01]]