[[ 1.24729419e+01  7.28855057e+01  3.84666790e+01  8.98173141e+01
  -3.98508493e-03]
 [ 1.03367854e+02  8.75476503e+01  1.33419567e+02  1.28297919e+02
   5.14697762e-01]
 [ 4.32609406e+02  1.03212616e+02  4.93407379e+02  1.45171936e+02
   1.51268484e-01]
 [ 4.29688764e+02  1.43498439e+02  4.82567828e+02  1.83629185e+02
   2.31556745e-01]
 [ 3.22542478e+02  3.82736932e+01  4.07675479e+02  5.36850318e+01
  -2.24292500e-02]
 [ 4.18974967e+02  3.86267894e+01  4.53033028e+02  5.01373250e+01
  -3.35228494e-02]
 [ 4.62944580e+02  3.71522522e+01  4.78324036e+02  4.87944870e+01
  -3.35228664e-02]
 [ 5.27831421e+02  6.50095520e+01  5.72678955e+02  8.46504974e+01
   5.43553275e-02]
 [ 5.26573364e+02  8.81342010e+01  5.79247681e+02  1.09451660e+02
   6.43736730e-02]
 [ 5.25384888e+02  1.10741135e+02  5.64640747e+02  1.33507965e+02
   8.82523998e-02]
 [ 4.41338264e+02  8.05282709e+01  4.96117547e+02  1.14430759e+02
   1.51755767e-01]]