[[ 5.27833997e+02  5.98296090e+01  5.80787585e+02  7.76913604e+01
  -1.24196224e-03]
 [ 5.26067139e+02  9.07207642e+01  5.77157715e+02  1.05684006e+02
   1.49344907e-02]
 [ 5.24382548e+02  1.13551925e+02  5.79447774e+02  1.35455460e+02
   3.20907842e-02]
 [ 5.17551366e+02  1.48472915e+02  5.86485377e+02  1.72736192e+02
   4.10613127e-02]
 [ 6.69292603e+01  3.47962006e+02  4.32656568e+02  3.71503571e+02
  -1.64528862e-01]
 [ 5.28107056e+02  4.59080458e+00  5.75666260e+02  1.52032585e+01
  -3.73791234e-02]
 [ 3.85175868e+01  1.56516056e+01  2.28566459e+02  3.52902984e+01
  -5.64244099e-03]
 [ 3.64225423e+01  4.52003136e+01  8.39889072e+01  6.87536468e+01
  -2.56957071e-02]
 [ 1.06983543e+02  4.39145660e+01  1.92123260e+02  6.59744339e+01
  -2.56956534e-02]
 [ 2.11829071e+02  4.48268623e+01  2.32844147e+02  6.49278412e+01
  -1.20943749e-01]
 [ 2.50321941e+02  4.16394311e+01  2.96076909e+02  6.33026618e+01
  -2.56958018e-02]
 [ 3.58401947e+01  8.26686249e+01  1.79505936e+02  9.94705963e+01
  -3.86168774e-02]
 [ 1.99141403e+02  7.44149933e+01  2.51502548e+02  9.66889191e+01
  -3.86169201e-02]
 [ 3.66543884e+01  1.12853989e+02  1.33614105e+02  1.45030014e+02
   3.23461532e-02]
 [ 1.56192688e+02  1.12683182e+02  2.85123840e+02  1.28880936e+02
  -1.09194416e-01]
 [ 3.01635193e+02  1.05417038e+02  3.35484131e+02  1.32048370e+02
  -1.79099031e-01]]