[[ 3.78747109e+02  3.48371279e+01  5.84674644e+02  8.23233946e+01
  -8.89898943e-03]
 [ 3.06831024e+02  2.56394043e+02  3.95022858e+02  3.20842346e+02
   1.21434124e-01]
 [ 4.43789735e+02  2.63300492e+02  4.42222228e+02  3.22259200e+02
   7.85843668e-02]
 [ 1.33106232e+01  1.80276871e+01  4.34892542e+02  8.84656148e+01
  -7.39707986e-02]
 [ 2.90071211e+02  3.57173980e+02  3.28613176e+02  3.73619477e+02
   4.50993409e-02]
 [ 3.60158092e+02  3.41398711e+02  5.04171742e+02  3.96827852e+02
   7.18237143e-02]]