[[ 3.62763654e+02  1.85931015e+02  5.44211932e+02  2.43542709e+02
   6.92045108e-03]
 [ 3.71765778e+02  2.78789917e+02  4.88431549e+02  3.43052795e+02
  -1.80103608e-02]
 [ 7.13449357e+01  3.54577820e+02  1.49664410e+02  3.84026002e+02
   6.44493458e-02]
 [ 6.95842372e+00  2.15405306e+01  4.39469603e+01  6.26026503e+01
   2.54271077e-02]
 [ 9.44519653e+01  2.13248100e+01  1.23061813e+02  5.92962227e+01
  -1.99744278e-02]
 [-7.28284726e-01  8.81555712e+01  1.70846853e+02  1.24108513e+02
  -4.28433110e-02]
 [ 2.12067139e+02  8.20062256e+01  2.91017273e+02  1.18956863e+02
  -4.28430876e-02]
 [ 1.88385422e+02  3.72312469e+02  2.39158524e+02  3.94185333e+02
   6.39464551e-03]
 [ 1.13828817e+01  3.68549011e+02  1.01364512e+02  3.93906800e+02
   2.84103991e-02]
 [ 2.92005723e+02  1.31487869e+01  4.25444228e+02  6.79747082e+01
  -2.55932047e-02]]