[[ 4.23196531e+02  2.09504318e+02  5.14627475e+02  2.51431138e+02
   2.59766090e-02]
 [ 1.36883971e+01  2.15193664e+02  1.60326860e+02  2.73166504e+02
   1.80076741e-02]
 [ 4.50018860e+02  1.44441071e+02  5.30583618e+02  1.80052673e+02
   1.93519739e-01]
 [ 2.11588192e+02  2.21705309e+02  3.00835393e+02  2.63566038e+02
  -4.49571913e-02]
 [ 1.84251509e+02  1.26432861e+02  2.75616365e+02  1.54077972e+02
   1.92750543e-03]
 [ 2.14204391e+02  6.89969406e+01  2.39783524e+02  7.57015915e+01
  -3.67377736e-01]
 [ 2.47776688e+02  5.60955887e+01  3.35297607e+02  4.19015045e+01
  -3.81576468e-01]
 [ 3.92811055e+02  2.49603515e+02  4.48937480e+02  2.67125916e+02
   2.08399313e-02]
 [ 1.26131119e+02  1.93650970e+02  1.87908804e+02  2.27364289e+02
   9.98009055e-02]
 [ 4.75416185e+02  1.24855482e+02  5.39168500e+02  1.56990105e+02
   1.74443158e-01]
 [ 5.54420715e+02  1.38531311e+02  5.81755432e+02  1.64495392e+02
   1.74443078e-01]
 [ 2.20098782e+02  1.95353150e+02  2.46744968e+02  2.16854980e+02
  -4.66726249e-02]
 [ 2.67293334e+02  1.98349335e+02  3.18831788e+02  2.13193665e+02
  -4.96795984e-02]
 [ 1.11031242e+02  6.14224396e+01  2.11196198e+02  6.13014908e+01
  -3.43820810e-01]
 [ 2.25706055e+02  1.76940060e+01  2.76385376e+02  3.64848557e+01
  -3.22464880e-01]]