[[ 6.02507833e+01  8.68365760e+01  8.49717804e+01  1.95578065e+02
   7.45526942e-01]
 [ 9.03992939e+00  5.51267396e+02  6.49379530e+01  5.60333801e+02
  -8.63992492e-02]
 [ 3.85308105e+02  2.61750946e+02  5.56988953e+02  3.12665741e+02
   1.22099481e-01]
 [ 3.80869141e+02  3.02866364e+02  4.60533142e+02  3.45518524e+02
   1.36971255e-01]
 [ 2.39422302e+02  2.95583008e+02  3.10145569e+02  3.04723145e+02
  -3.13269800e-01]
 [ 2.56068817e+02  3.50498260e+02  3.03595612e+02  3.66597931e+02
  -2.53933762e-01]
 [ 3.10895966e+02  3.32082672e+02  3.37806366e+02  3.51105560e+02
  -2.77763765e-01]
 [ 1.49825810e+02  7.65391539e+00  2.21525569e+02  2.03016014e+01
   1.84009788e-03]
 [ 1.07470093e+02  3.07084732e+01  2.72573792e+02  4.99354248e+01
   1.18726138e-02]
 [ 4.94466492e+02  3.81669250e+02  5.89437585e+02  4.32148379e+02
   1.10233446e-01]
 [ 4.90773010e+02  4.63811829e+02  5.86541687e+02  5.13141235e+02
   1.27859330e-02]
 [ 2.06467895e+02  3.27286619e+02  2.55701600e+02  3.57418459e+02
  -2.72669853e-01]
 [ 1.59285156e+02  1.37726379e+02  1.92182190e+02  1.88600922e+02
   7.20671135e-01]]