[[ 3.58349823e+02  2.41635849e+02  4.93219208e+02  2.57962524e+02
  -1.81067564e-01]
 [ 1.22648610e+02  2.51750659e+02  1.45231398e+02  3.24184343e+02
   8.70842862e-01]
 [ 1.27567609e+02  3.03350544e+01  1.94689646e+02  5.08779678e+01
  -1.06194436e-03]
 [ 2.13143829e+02  2.65564404e+01  2.98838715e+02  4.42322159e+01
  -5.08057105e-04]
 [ 3.16271124e+02  2.74402008e+01  3.97025873e+02  4.41217804e+01
  -9.12150544e-04]
 [ 4.11978790e+02  2.64554234e+01  4.36738129e+02  4.40855560e+01
  -9.12154742e-04]
 [ 4.53580298e+02  2.64466820e+01  4.95688868e+02  4.40317802e+01
  -9.12247098e-04]
 [ 1.45166290e+02  5.64435120e+01  1.97444885e+02  7.93825378e+01
   7.26508129e-02]
 [ 2.14538635e+02  5.75039787e+01  2.86327148e+02  7.71487122e+01
  -3.08260442e-03]
 [ 3.01890510e+02  5.63985062e+01  3.41173760e+02  7.71279220e+01
  -1.19089947e-03]
 [ 3.58512211e+02  5.63398438e+01  4.59225826e+02  7.40829467e+01
  -1.60028949e-03]
 [ 4.74194908e+02  5.99427033e+01  5.31111336e+02  7.39679108e+01
  -1.60033377e-03]
 [ 2.27961206e+02  2.22663450e+02  2.89471717e+02  3.09946413e+02
   2.81985356e-01]
 [ 1.98047638e+02  7.73711395e+01  2.65758606e+02  1.16520370e+02
  -2.56154843e-03]
 [ 2.93195188e+02  7.63487015e+01  4.43316409e+02  1.16065529e+02
  -2.56162925e-03]
 [ 2.00258087e+02  1.30510025e+02  3.54842438e+02  1.92870285e+02
   7.88319322e-02]
 [ 3.73230835e+02  3.09511475e+02  4.39745850e+02  3.60818970e+02
   2.89461552e-01]
 [ 4.63585437e+02  3.34716580e+02  5.14283337e+02  3.83018101e+02
   2.89461033e-01]]