[[ 3.76898536e+02  2.20478016e+02  4.34358791e+02  2.59370906e+02
  -1.80118372e-01]
 [ 3.46258817e+02  2.99567321e+02  4.20877475e+02  3.62533997e+02
   2.82635888e-01]
 [ 4.68371674e+02  3.35316071e+02  5.02685455e+02  3.99517914e+02
   2.44530875e-01]
 [ 1.21921379e+02  2.31108637e+02  1.39713821e+02  2.81536011e+02
   9.10856680e-01]
 [ 1.07026295e+02  2.51512618e+02  1.28772670e+02  3.17782853e+02
   9.90853377e-01]
 [ 2.02660614e+02  1.95156174e+01  4.96448151e+02  1.09948189e+02
   1.88332184e-02]
 [ 4.25539490e+02  2.13103760e+02  4.77886047e+02  2.22948120e+02
  -1.91201908e-01]
 [ 4.30672349e+02  2.43126946e+02  4.54617932e+02  2.57232902e+02
  -1.85914686e-01]
 [ 4.70365254e+02  2.40589449e+02  5.25039989e+02  2.48696531e+02
  -1.88336771e-01]
 [ 2.37402342e+02  3.04526824e+02  3.03910890e+02  3.63359650e+02
   3.94382305e-01]
 [ 3.38167664e+02  3.37768433e+02  3.48638428e+02  3.69979431e+02
   2.62394112e-01]
 [ 3.79202393e+02  3.49854034e+02  4.36161377e+02  4.02967377e+02
   2.98078161e-01]]