[[ 4.44066582e+01  7.00918808e+01  1.46974503e+02  5.27955627e+01
  -4.69566387e-01]
 [ 1.49870895e+02  1.20394440e+02  2.07836563e+02  1.56646210e+02
   2.55062695e-01]
 [ 4.44057739e+02  2.35573517e+02  5.24130859e+02  2.12265656e+02
  -5.23785313e-01]
 [ 4.55431889e+02  2.59889724e+02  5.43504665e+02  2.37809526e+02
  -5.04212000e-01]
 [ 4.68818493e+02  2.88139612e+02  5.66505005e+02  2.68142914e+02
  -4.81114476e-01]
 [ 4.87252946e+02  3.39156566e+02  5.62500991e+02  3.19419484e+02
  -6.67029403e-01]
 [ 5.02276809e+02  3.64798744e+02  5.93828172e+02  3.62797935e+02
  -4.47430595e-01]
 [-4.40946198e+00  1.40420395e+02  1.43012817e+02  7.85522156e+01
  -5.50651372e-01]
 [ 1.85284316e+02  2.00693344e+02  2.29057298e+02  2.19094284e+02
   2.93565797e-02]]