[[ 4.78360951e+02  1.19099597e+02  5.50328899e+02  1.26529508e+02
  -2.20474467e-01]
 [ 6.91824896e+01  5.94001847e+01  3.50620214e+02  1.07352760e+02
  -1.96476526e-02]
 [ 6.53385676e+01  1.26563126e+02  2.14503725e+02  1.66932144e+02
  -5.86000871e-02]
 [ 4.72603564e+02  4.76601588e+01  5.70843091e+02  5.86860479e+01
  -2.04445520e-01]
 [ 3.84784056e+01  3.42488434e+02  1.01977634e+02  3.61409760e+02
   2.25794025e-02]
 [ 3.41726678e+01  3.67259674e+02  1.01795273e+02  3.89326630e+02
   7.01620704e-03]
 [ 4.17487451e+02  1.17117511e+02  5.18948486e+02  1.24187561e+02
  -2.26496730e-01]
 [ 2.86163482e+02  9.68272278e+00  4.64458710e+02  5.84084924e+01
  -2.22734488e-02]]