[[ 7.16115112e+01  4.26317078e+02  2.68363928e+02  4.91045899e+02
   1.23312405e-01]
 [ 4.01174617e+02  9.60343010e+01  4.73566716e+02  1.27571671e+02
   1.52087228e-01]
 [ 4.07350948e+02  1.34781204e+02  4.71890996e+02  1.64884262e+02
   2.93713772e-02]
 [ 4.03483002e+02  1.69552277e+02  4.61777863e+02  2.04482788e+02
   1.75595001e-01]
 [ 2.39112978e+02  3.25721626e+02  3.25779600e+02  3.47369927e+02
  -2.35385242e-01]
 [ 3.63907282e+01  3.95167419e+02  1.48804386e+02  4.35999512e+02
   8.94624996e-02]
 [ 1.83202377e+02  4.08336639e+02  2.30619675e+02  4.44139801e+02
   8.94611609e-02]
 [ 6.43405136e+01  4.69635466e+02  9.91601578e+01  5.03234468e+02
   1.12778133e-01]
 [ 1.34962171e+02  4.67543518e+02  2.43002520e+02  5.20906678e+02
   1.22245246e-01]
 [ 1.00365874e+02  5.45069639e+02  1.91851015e+02  5.87481997e+02
   1.35510187e-01]
 [ 4.85868225e+02  7.49009247e+01  5.81039612e+02  1.22842026e+02
   1.46688966e-01]
 [ 4.75469691e+02  1.22922907e+02  5.93444737e+02  1.82324926e+02
   1.62552435e-01]
 [ 2.72977803e+02  3.51766757e+02  3.57487834e+02  3.68159146e+02
  -2.80716799e-01]]