[[ 1.28275467e+02  7.43545516e+00  2.91338989e+02  7.93385544e+01
  -5.31638918e-03]
 [ 1.58178207e+02  1.24056473e+02  3.44025696e+02  1.87223221e+02
  -1.70291760e-01]
 [ 2.10945648e+02  2.87626831e+02  3.68198883e+02  3.85006958e+02
   1.11633319e-01]
 [ 4.10522614e+02  3.09999329e+02  4.59805634e+02  3.77672363e+02
   8.76815724e-02]
 [ 3.70615906e+02  1.98714428e+01  4.99185242e+02  3.26603394e+01
  -1.82718992e-02]
 [ 3.11190895e+02  5.15697795e+01  3.94063805e+02  6.56527318e+01
  -4.56086743e-02]
 [ 3.95260157e+02  4.70382882e+01  4.64329748e+02  6.27055320e+01
  -1.78553402e-02]
 [ 4.65928497e+02  4.67759895e+01  4.94087250e+02  5.85506248e+01
  -4.79573474e-02]
 [ 4.91045532e+02  4.26291313e+01  5.39034912e+02  5.61289940e+01
  -4.48304896e-02]
 [ 5.41387024e+02  4.31544342e+01  5.78518250e+02  5.34552765e+01
  -4.79569079e-02]
 [ 3.26238411e+02  2.67553617e+02  3.90556388e+02  3.24063143e+02
   9.16046338e-02]]