[[ 4.13528809e+02  2.15390289e+02  4.99521423e+02  2.15641083e+02
  -1.91750531e-01]
 [ 4.18271576e+02  2.42435623e+02  4.85355133e+02  2.53376297e+02
  -1.85571927e-01]
 [ 4.22925916e+02  2.75408512e+02  4.84167467e+02  2.85825253e+02
  -1.83727964e-01]
 [ 2.11860748e+02  2.28359192e+02  3.25903473e+02  2.96017456e+02
   2.83121664e-01]
 [ 3.59471680e+02  2.89175262e+02  3.70910461e+02  2.99584015e+02
   2.79727598e-01]
 [ 1.97406677e+02  2.77991455e+02  2.70055634e+02  3.34000610e+02
   2.94373313e-01]
 [ 3.09370422e+02  3.10106964e+02  4.02029663e+02  3.74012604e+02
   2.87016174e-01]
 [ 1.16642072e+02  2.69303903e+02  1.45736624e+02  3.43665217e+02
   8.58052958e-01]
 [ 2.12677902e+02  9.88584614e+00  3.73365738e+02  7.05144043e+01
  -1.28058688e-04]
 [ 2.11435323e+02  1.12456329e+02  4.22635529e+02  1.75987732e+02
   2.46285307e-03]
 [ 4.29078308e+02  3.29336967e+01  4.80545288e+02  5.05744057e+01
  -1.06192430e-03]
 [ 4.95132355e+02  3.28881721e+01  5.48143433e+02  5.05026207e+01
  -1.06193570e-03]
 [ 4.63567674e+02  6.08948097e+01  5.26579481e+02  7.86947937e+01
  -1.70834201e-03]
 [ 3.64242462e+02  8.94323730e+01  4.07639557e+02  1.07503937e+02
  -2.36338700e-03]
 [ 4.25688555e+02  8.93095475e+01  4.64566817e+02  1.07381615e+02
  -1.94805867e-03]
 [ 4.78438237e+02  8.92067948e+01  5.94937160e+02  1.11867409e+02
  -1.94786145e-03]
 [ 4.32047760e+02  1.18023819e+02  4.74669037e+02  1.36273727e+02
  -3.02696973e-03]
 [ 4.91525925e+02  1.17865707e+02  5.49480423e+02  1.36047287e+02
  -3.02650518e-03]
 [ 4.33062551e+02  1.47112335e+02  4.84896921e+02  1.65537323e+02
  -3.69872601e-03]
 [ 5.00358802e+02  1.43456005e+02  5.54219475e+02  1.73582024e+02
   1.50440913e-01]]