[[ 1.17424341e+02  2.73067566e+02  2.35895308e+02  3.36014831e+02
  -9.57257503e-03]
 [ 1.17430115e+02  3.77388916e+02  1.71113708e+02  4.30124084e+02
   1.11215068e-02]
 [ 2.22368179e+02  3.62397858e+02  3.66789795e+02  4.25786285e+02
  -1.16194758e-03]
 [ 5.40898895e+00  2.19088043e+02  6.51565399e+01  2.57941772e+02
   1.40781598e-02]
 [ 8.60897827e+01  2.17862366e+02  1.41474167e+02  2.59055939e+02
   8.98805210e-03]
 [ 1.62914413e+02  2.19532135e+02  1.93961014e+02  2.58190948e+02
   1.05474148e-02]
 [ 2.15083464e+02  2.21070343e+02  2.61056885e+02  2.58245148e+02
   8.70935290e-03]]