[[3.35184204e+02 7.46414566e+00 4.33256470e+02 2.94639091e+01
  1.29392422e-02]
 [4.59705994e+02 7.80579758e+00 5.64513855e+02 3.11623726e+01
  1.29392518e-02]
 [3.04592041e+02 3.79191818e+01 3.40059326e+02 6.68125687e+01
  5.60918135e-02]
 [3.61468689e+02 4.03045807e+01 4.60600769e+02 6.46610870e+01
  2.92067675e-02]
 [4.91788330e+02 4.22945480e+01 5.84466187e+02 6.90936890e+01
  4.74421679e-02]
 [2.96689745e+02 7.27688669e+01 3.52606275e+02 9.75790030e+01
  4.69252350e-02]
 [3.81929242e+02 7.62604516e+01 5.04245746e+02 1.10344163e+02
  3.59389202e-02]
 [5.27787579e+02 7.94488135e+01 5.69075336e+02 1.06728051e+02
  4.64749044e-02]
 [3.08669800e+02 1.09596222e+02 5.49550476e+02 1.50136627e+02
  6.62850929e-02]
 [3.98576172e+02 1.42504135e+02 5.21106445e+02 1.85715195e+02
  8.32094407e-02]
 [3.94059702e+02 1.83825132e+02 4.77997243e+02 2.19376162e+02
  1.00326219e-01]
 [5.08947021e+02 1.96581009e+02 5.48280029e+02 2.26451126e+02
  8.85958931e-02]
 [3.86677368e+02 2.25754883e+02 5.32554932e+02 2.83010315e+02
  1.26263183e-01]]