[[ 2.18464325e+02  2.37178864e+02  2.70054077e+02  2.54205963e+02
  -3.93879206e-02]
 [ 2.84171234e+02  2.32063843e+02  3.49345001e+02  2.54978455e+02
   1.99929818e-02]
 [ 4.47398373e+02  2.72136507e+02  5.97264224e+02  2.18134428e+02
  -5.34935447e-01]
 [ 2.94380543e+02  7.13279334e+01  3.31254222e+02  1.05265054e+02
   7.70891790e-02]
 [ 3.44192723e+02 -4.61392596e+00  3.27939846e+02  5.16763039e+01
   8.08077843e-01]
 [ 3.82237518e+02  2.03353043e+01  4.44037445e+02  9.33879929e+01
   4.41115370e-01]
 [ 4.86768005e+02  5.47970581e+01  5.56752625e+02  1.46605713e+02
   4.41115095e-01]
 [ 2.12979599e+02  1.90325378e+02  2.48096024e+02  2.13439301e+02
  -1.35119801e-02]
 [ 2.54041641e+02  2.55492036e+02  3.99134690e+02  2.65007354e+02
  -3.93323202e-02]
 [ 2.50817780e+02  2.74188507e+02  3.92356903e+02  2.82891998e+02
  -3.65883414e-02]
 [ 2.46845797e+02  2.95408021e+02  3.45651823e+02  3.07537108e+02
  -3.46641546e-02]
 [ 4.51879028e+02  3.04902283e+02  5.69303284e+02  2.64127563e+02
  -5.03713193e-01]
 [ 4.59351257e+02  3.53006134e+02  5.72237381e+02  3.25923135e+02
  -5.30573414e-01]
 [ 1.33064955e+01  5.20660363e+01  4.80845491e+01  4.22100791e+01
  -5.90170130e-01]
 [ 5.04148941e+01  2.72107525e+01  7.62155016e+01  2.34983516e+01
  -5.90170069e-01]
 [-3.57880203e-01  8.12275700e+01  1.12134507e+02  2.14949719e+01
  -5.82012769e-01]
 [ 9.35886383e-01  1.05365898e+02  9.61089172e+01  5.54112778e+01
  -5.79451934e-01]
 [ 1.55581982e+01  1.19773882e+02  9.24331463e+01  8.19491558e+01
  -6.19922658e-01]
 [ 5.73402482e-01  1.54405322e+02  1.14874454e+02  9.59883552e+01
  -5.67657954e-01]
 [ 1.23859386e+01  1.70019272e+02  6.00938187e+01  1.59877457e+02
  -5.57226104e-01]
 [ 6.54554325e+01  1.41067589e+02  1.23700924e+02  1.20221321e+02
  -5.60951320e-01]
 [ 1.50492044e+01  1.97910480e+02  1.02769521e+02  1.65515118e+02
  -5.49506367e-01]
 [ 4.07979126e+02 -3.45826721e+00  4.76919312e+02  5.73130798e+01
   3.38201692e-01]
 [ 4.98917847e+02  4.52050095e+01  5.90240371e+02  1.00874754e+02
   3.43394369e-01]]