[[ 4.00395516e+02  2.94104466e+02  4.83599113e+02  2.99438930e+02
  -1.94667416e-01]
 [ 3.30528656e+02  9.50504220e+01  3.79678619e+02  1.88637238e+02
  -4.25622871e-02]
 [ 4.18113785e+02  7.35090954e+01  5.23959365e+02  1.62295714e+02
  -7.94324900e-02]
 [ 2.97148621e+02  1.31741772e+01  3.18432678e+02  2.92055111e+01
   3.01490435e-02]
 [ 3.30741216e+02  1.35707333e+01  3.53118342e+02  3.02515781e+01
   3.01491543e-02]
 [ 2.96629336e+02  1.95445454e+02  3.46890745e+02  2.08320751e+02
  -1.46274872e-01]
 [ 3.55276642e+02  1.79260223e+02  4.35739227e+02  2.04393097e+02
  -3.20793129e-02]
 [ 3.19137115e+02  2.21996948e+02  3.35217560e+02  2.39446747e+02
  -3.09395061e-02]
 [ 3.44611206e+02  2.22637589e+02  4.21090881e+02  2.35731613e+02
  -1.17548492e-01]]