[[ 3.61817372e+02  6.41375322e+01  4.89139781e+02  4.57982206e+01
  -4.09386800e-01]
 [ 3.20276947e+02  1.29110825e+02  5.60881836e+02  1.02452896e+02
  -2.81955945e-01]
 [ 3.52461395e+02  1.78387146e+02  5.18594849e+02  1.93019623e+02
  -1.36347709e-01]
 [ 3.83327271e+02  2.91459229e+02  5.18463623e+02  2.92169739e+02
  -1.72965927e-01]
 [ 2.67811194e+02  2.64043491e+01  3.17220361e+02  4.90063183e+01
   4.91089589e-02]
 [ 3.79928772e+02  2.20987915e+02  4.47219971e+02  2.50035278e+02
  -5.00220853e-02]
 [ 4.72339904e+02  2.22130908e+02  4.95852235e+02  2.47600598e+02
  -7.07879277e-02]]