[[ 4.08840024e+01  1.98252430e+01  1.04249695e+02  3.81607590e+01
  -6.28571773e-03]
 [ 1.23099525e+02  1.76521568e+01  2.21024078e+02  3.73061600e+01
  -1.28794257e-02]
 [ 2.37448715e+02  1.86902847e+01  2.92049744e+02  3.55164909e+01
  -1.25612200e-02]
 [ 3.97565914e+01  4.73313294e+01  1.34690705e+02  6.47952881e+01
  -2.19435185e-02]
 [ 1.53590023e+02  4.23019480e+01  2.03032719e+02  7.09900671e+01
   1.34253373e-01]
 [ 2.19467926e+02  4.27377014e+01  2.83373810e+02  6.24425354e+01
  -2.22734936e-02]
 [ 2.98305756e+02  4.33335419e+01  3.21914276e+02  5.97896271e+01
  -9.09659417e-02]
 [ 3.36753662e+02  4.71033211e+01  3.72049561e+02  5.95858879e+01
  -2.19439404e-02]
 [ 4.17442693e+02  8.25197337e+01  5.33505641e+02  8.32115895e+01
  -1.60290778e-01]
 [ 8.56612015e+01  2.94270355e+02  1.66603668e+02  2.85974518e+02
  -4.41094145e-01]
 [ 2.60476379e+02  1.59997040e+02  4.18491516e+02  2.26580231e+02
   7.59057923e-03]
 [ 2.25063156e+02  2.85331665e+02  4.27207581e+02  3.61281860e+02
  -1.39978472e-01]
 [ 4.52315063e+01  3.48792389e+02  1.65162155e+02  3.97603607e+02
   2.05119759e-02]
 [ 4.40332051e+02  1.17607737e+02  5.08421488e+02  1.36621763e+02
  -1.70460049e-01]
 [ 1.72536091e+01  8.97235569e+01  3.51380134e+02  1.29947647e+02
  -4.78762801e-02]
 [ 4.68598999e+02  5.60113297e+01  5.25749573e+02  5.66952667e+01
  -2.62083195e-01]
 [ 5.36285339e+02  3.88344650e+01  5.78704407e+02  4.31342316e+01
  -2.17611117e-01]
 [ 2.02474701e+02  3.69412567e+02  2.42933990e+02  3.94466461e+02
   4.18012686e-02]
 [ 2.29208000e+02  2.34200149e+02  2.62998481e+02  2.49941086e+02
   6.57568926e-03]
 [ 2.84019409e+02  2.35598068e+02  3.66868591e+02  2.50624039e+02
   6.57551704e-03]
 [ 3.87638611e+02  2.36341492e+02  4.93728333e+02  2.51458191e+02
   6.57536219e-03]
 [ 4.73827271e+02  1.44367126e+02  5.88821655e+02  1.69517212e+02
  -1.58442568e-01]]