[[ 4.48212128e+01  3.18486977e+01  1.01775528e+02  4.52850838e+01
  -1.22177556e-02]
 [ 1.24898956e+02  2.26333733e+01  1.63498718e+02  4.63593102e+01
  -1.94195631e-02]
 [ 5.62434006e+00  5.85925636e+01  9.81946564e+01  8.56125488e+01
  -2.32798808e-02]
 [ 1.23494155e+02  5.42315333e+01  1.73852273e+02  7.46880796e+01
  -3.23477509e-02]
 [ 9.60098475e+01  2.24596923e+02  1.24868311e+02  2.43217316e+02
   5.35500566e-02]
 [ 1.41706100e+02  2.25275269e+02  2.19830124e+02  2.47837250e+02
   2.28953863e-03]
 [ 2.37039612e+02  2.25511481e+02  2.53191254e+02  2.44855371e+02
  -2.09961541e-02]
 [ 8.16783986e+01  2.49447845e+02  1.51687294e+02  2.66763153e+02
   1.95193966e-03]
 [ 1.66057373e+02  2.49638245e+02  2.17648224e+02  2.66903259e+02
   2.25558727e-03]
 [ 2.33586937e+02  2.49790466e+02  2.83447670e+02  2.67020386e+02
   1.95359439e-03]
 [ 8.47026482e+01  2.77925629e+02  1.33911426e+02  2.90087372e+02
   1.53742838e-03]
 [ 1.49284175e+02  2.76165375e+02  1.87001897e+02  2.90169037e+02
   1.53804107e-03]
 [ 2.02736640e+02  2.73466736e+02  2.85626733e+02  2.90320740e+02
   1.53846882e-03]
 [ 7.03657837e+01  2.96439972e+02  1.34848679e+02  3.12908539e+02
   1.13456472e-03]
 [ 1.49811874e+02  2.97088989e+02  1.69063400e+02  3.12045166e+02
  -6.47418553e-02]
 [ 1.83556089e+02  3.01173767e+02  2.23465639e+02  3.17502930e+02
   1.05478823e-03]
 [ 2.39083954e+02  2.96680298e+02  2.88751190e+02  3.13093506e+02
   1.42237849e-03]
 [ 3.79439026e+02  2.66511841e+02  4.56888184e+02  3.14489258e+02
  -9.42291264e-04]
 [ 4.89540985e+02  2.78093506e+02  5.21283386e+02  3.14428583e+02
  -9.84935985e-02]
 [ 4.31429110e+02  6.53437039e+00  4.59620694e+02  3.25933724e+01
   1.04942125e-03]
 [ 4.91194031e+02  2.70516205e+00  5.93608603e+02  4.66747994e+01
   1.07915585e-01]
 [ 4.31455750e+02  4.43125687e+01  5.75396179e+02  8.59845810e+01
   3.77559221e-02]
 [ 9.84929575e+01  1.96151901e+02  1.59030915e+02  2.22344040e+02
   2.73910737e-03]
 [ 1.79709243e+02  1.96411751e+02  2.05389939e+02  2.22471031e+02
  -4.41604007e-02]
 [ 2.25557251e+02  1.96558472e+02  2.49570801e+02  2.22592041e+02
  -2.25407463e-02]
 [ 3.13327545e+02  1.96073944e+02  4.56136749e+02  2.71493500e+02
  -7.36117845e-03]
 [ 3.36718689e+02  3.97478714e+01  3.67907898e+02  6.83499832e+01
   1.89758813e-01]]