[[ 1.96298798e+02  4.22388153e+02  3.65675201e+02  4.39722443e+02
  -1.64816563e-01]
 [ 2.22755766e+02  4.87656311e+02  3.30122530e+02  5.29619079e+02
  -1.35624532e-01]
 [ 3.59468323e+02  4.70437347e+02  4.38821472e+02  5.13143311e+02
  -8.26516470e-02]
 [ 1.59848648e+02  3.21183075e+02  2.28090134e+02  3.69926178e+02
   3.09124833e-01]
 [ 9.22781749e+01  5.13883599e+02  1.23468887e+02  5.45802438e+02
   2.18964761e-01]
 [ 1.46048599e+02  5.25522888e+02  1.58911453e+02  5.53827209e+02
   1.85148790e-01]
 [ 1.41602875e+02  8.62030697e+00  4.42789276e+02  1.24406441e+02
  -4.40456964e-02]
 [ 1.45470992e+02  3.39669692e+02  1.40376237e+02  3.63233873e+02
   6.93332481e-01]
 [ 1.60362823e+02  3.47920502e+02  1.93157990e+02  3.78078522e+02
   3.43807132e-01]
 [ 3.35401688e+01  4.99863525e+02  6.65419540e+01  5.33363892e+02
   2.56091433e-01]
 [ 5.11439514e+00  7.17197113e+01  4.08261070e+01  1.52110153e+02
   1.58683347e-02]
 [ 6.40891726e+01  4.20132390e+01  1.46788025e+02  1.53724432e+02
   3.46917442e-02]
 [ 3.51315806e+01  3.89341741e+02  1.06629310e+02  3.70390010e+02
  -5.81120296e-01]
 [ 2.34530220e+01  4.45983521e+02  1.31575943e+02  4.02629883e+02
  -5.92747008e-01]]