[[ 5.18189963e+02  3.81699106e+02  5.85685891e+02  3.87197440e+02
  -2.23389747e-01]
 [ 2.45331265e+02  3.50672851e+02  3.32604465e+02  3.90624573e+02
   6.66019825e-02]
 [ 1.35567208e+02  3.31359524e+02  2.09102287e+02  3.87101414e+02
   1.67820798e-01]
 [ 1.19344940e+01  2.16047821e+01  2.48372971e+02  7.28625183e+01
   1.68669935e-02]
 [ 2.91492859e+02  2.54294968e+01  3.77949524e+02  6.27358017e+01
   3.96649782e-03]
 [ 4.40080597e+02  3.74142242e+02  4.98673187e+02  3.88782013e+02
  -1.48009366e-02]
 [ 1.07509670e+02  2.91189452e+02  2.14567692e+02  3.38150208e+02
   1.49840211e-01]
 [ 2.18539867e+02  5.58169744e+00  2.64308277e+02  2.44977150e+01
   1.39111118e-03]
 [ 2.83024628e+02  5.60356140e+00  3.43283295e+02  2.46075668e+01
   1.39109709e-03]
 [ 3.61488997e+02  1.08027931e+01  4.23676530e+02  2.46770310e+01
  -8.94414363e-02]
 [ 4.42168884e+02  5.58689499e+00  5.31400696e+02  2.48692398e+01
   1.39111035e-03]
 [ 5.49850307e+02  5.61474032e+00  5.97621373e+02  2.49613495e+01
   1.39110934e-03]
 [ 4.28436033e+02  3.99069519e+02  4.79666567e+02  4.13038025e+02
  -1.19683180e-02]]