[[ 3.70442596e+02  2.84892731e+02  4.46698151e+02  3.13005035e+02
  -1.61215101e-01]
 [ 3.87425629e+02  1.28103394e+02  4.38525177e+02  1.74009949e+02
   4.58607494e-01]
 [ 3.24052887e+02  1.33371521e+02  4.23691742e+02  2.01744629e+02
   4.65068478e-01]
 [ 3.11978149e+02  1.61261948e+02  3.44637573e+02  1.95323349e+02
   4.71269755e-01]
 [ 3.75104065e+02  1.91804382e+02  4.21471069e+02  2.32007660e+02
   4.70819114e-01]
 [ 2.89758331e+02  5.63168091e+02  4.42018341e+02  5.75075928e+02
   8.34968855e-03]
 [ 2.67164505e+02  1.88220413e+02  2.91561631e+02  2.09896439e+02
   1.28781265e-02]
 [ 5.91810755e+01  3.19811554e+01  2.20888508e+02  6.50799485e+01
   1.04093692e-02]
 [ 5.59324951e+01  8.61509399e+01  2.70999756e+02  1.18244354e+02
  -1.20620599e-02]
 [ 3.24616025e+02  2.98836994e+02  3.28979068e+02  3.10384015e+02
  -2.14549743e-01]
 [ 3.36145813e+02  3.00451843e+02  3.67686096e+02  3.07828735e+02
  -1.00146866e-01]]