[[ 2.57330075e+02  1.83020081e+02  3.24624515e+02  2.13819641e+02
  -7.02710890e-02]
 [ 1.70444971e+01  4.41143075e+01  1.11116243e+02  5.42637137e+01
  -9.15349640e-02]
 [ 1.54148521e+01  7.64912262e+01  1.05208832e+02  7.58369904e+01
  -1.80178359e-01]
 [ 3.33875008e+01  9.99938889e+01  8.17693024e+01  1.12117302e+02
  -1.81609147e-01]
 [ 1.59339973e+01  1.35140290e+02  1.12945271e+02  1.34186584e+02
  -1.87972784e-01]
 [ 3.67574043e+01  1.62864655e+02  1.02465790e+02  1.68688385e+02
  -1.89800993e-01]
 [ 3.77708206e+01  1.88983200e+02  1.27625111e+02  2.07229385e+02
  -8.98198590e-02]
 [ 1.78312224e+01  2.40786378e+02  4.49443666e+01  2.50594482e+02
  -1.99329725e-01]
 [ 5.86814728e+01  2.32534180e+02  1.40147934e+02  2.38845764e+02
  -1.99328829e-01]
 [ 4.85397640e+02  1.50158759e+02  5.25198796e+02  1.22168450e+02
  -9.77269402e-01]
 [ 1.18624087e+02  1.06003076e+02  2.03202305e+02  1.30208282e+02
  -1.84437718e-01]]