[[ 4.66016464e+01  2.23568611e+01  2.46544403e+02  5.51141319e+01
  -3.14249222e-02]
 [ 3.68942245e+02  2.68050355e+02  4.88109268e+02  3.05953674e+02
  -3.25216637e-02]
 [ 7.90449803e+01  2.15495908e+02  2.17393374e+02  2.79865847e+02
   1.28917830e-01]
 [ 3.90843946e+02  2.38620454e+01  5.88826006e+02  5.86523971e+01
  -5.22583855e-03]
 [ 6.70893540e+00  6.27107850e+01  9.80616334e+01  7.25810698e+01
  -4.21902461e-02]
 [ 6.54507256e+00  8.20048523e+01  3.97767944e+01  9.33920288e+01
  -3.31486564e-02]
 [ 5.01376902e+01  8.05592882e+01  9.32436117e+01  9.13895491e+01
  -3.31492407e-02]
 [ 1.02426407e+02  7.88253403e+01  1.23498352e+02  9.01110306e+01
  -3.31491259e-02]
 [ 1.31581207e+02  7.78585281e+01  1.61551819e+02  8.86956863e+01
  -3.31485418e-02]
 [ 3.26188451e+00  1.00549828e+02  3.85055811e+01  1.13627892e+02
  -4.70893881e-02]
 [ 4.88907471e+01  9.88358917e+01  1.07679047e+02  1.09414719e+02
  -4.66702915e-02]
 [ 1.16784556e+02  9.60115817e+01  1.58957449e+02  1.07019806e+02
  -4.66703366e-02]
 [ 3.80529785e+00  1.18608185e+02  5.33185539e+01  1.35186432e+02
   1.42670463e-02]
 [ 6.16139141e+01  1.15977585e+02  1.42404480e+02  1.30146713e+02
  -1.38287404e-02]
 [ 3.22361145e+02  2.16811234e+02  4.68261658e+02  2.70710999e+02
  -1.37537551e-02]
 [ 3.32000427e+01  3.03719299e+02  8.41439819e+01  3.20049011e+02
   1.00726483e-03]
 [ 9.86121770e+01  3.03797180e+02  1.57540907e+02  3.20123047e+02
   1.00853493e-03]
 [ 4.61855347e+02  5.57165604e+01  5.65300171e+02  8.64188461e+01
   9.99246936e-02]]