[[ 5.10828923e+01  1.50605240e+02  1.21619073e+02  1.76842392e+02
   8.96670703e-02]
 [ 1.97240219e+01  6.45420074e+00  8.96539688e+01  3.06598701e+01
  -3.51238500e-02]
 [ 3.16165744e+01  5.43867346e+01  1.00923346e+02  7.50567163e+01
  -9.14263953e-02]
 [ 6.00717656e+01  1.91607102e+02  9.47657245e+01  2.06595871e+02
  -2.67915684e-02]
 [ 1.04628448e+01  1.46477142e+02  4.77999496e+01  1.61942841e+02
   1.02032551e-01]
 [ 8.56819383e+00  3.64712908e+01  6.65028034e+01  5.65522077e+01
  -6.53845202e-02]
 [ 1.73193403e+01  7.97117312e+01  7.16251788e+01  1.05300674e+02
  -8.80173499e-02]
 [ 2.68279114e+01  2.12971893e+02  9.48645554e+01  3.05846771e+02
   7.61051955e-02]
 [ 2.73962463e+02  9.30020981e+01  3.38674988e+02  1.18787483e+02
   5.64885157e-02]]