[[ 1.86677199e+02  4.28392086e+02  3.34758545e+02  4.36088745e+02
  -2.77767808e-01]
 [ 3.40695526e+02  3.85179810e+02  4.22362823e+02  4.17062073e+02
  -3.07918701e-01]
 [ 1.10655866e+02  7.68718292e+00  2.09297381e+02  4.56855926e+01
  -5.34471640e-03]
 [ 5.86590576e+01  6.40612564e+01  1.12950424e+02  1.22864769e+02
   1.34981787e-02]
 [ 1.66139557e+02  6.71766739e+01  2.33326202e+02  1.03781670e+02
  -1.06920955e-02]
 [ 3.95757202e+02  6.92426682e+01  4.18911133e+02  1.07086235e+02
   4.47954615e-01]
 [ 3.73629956e+02  1.13066489e+02  3.91859180e+02  1.46332315e+02
   4.57741192e-01]
 [ 1.58420796e+02  2.65641856e+01  3.44505779e+02  7.50883642e+01
   4.89919113e-02]
 [ 3.63371613e+02  1.39810577e+02  4.33408417e+02  2.02441559e+02
   4.64302093e-01]
 [ 3.45226238e+02  1.75144537e+02  4.12796833e+02  2.36118555e+02
   4.72380310e-01]
 [ 3.30700897e+02  2.03322845e+02  3.89755341e+02  2.56925690e+02
   4.78350297e-01]]