[[ 6.14361674e+01  1.24375826e+02  1.40553884e+02  1.23867186e+02
  -3.12990080e-01]
 [ 1.39861145e+02  1.00241699e+02  1.94415436e+02  1.09490097e+02
  -2.64937534e-01]
 [ 6.43296814e+01  1.59566040e+02  1.02615097e+02  1.73024170e+02
  -2.45708508e-01]
 [ 1.01322891e+02  1.49576889e+02  1.60700485e+02  1.58457718e+02
  -2.45710092e-01]
 [ 1.64583282e+02  1.28548920e+02  2.09051025e+02  1.51386810e+02
  -1.26523842e-01]
 [ 2.25563383e+02  1.81705172e+02  2.66042574e+02  1.67326353e+02
  -7.45683378e-01]
 [ 4.82634115e+02  2.52282683e+02  5.26251841e+02  2.68731722e+02
   2.60299506e-02]
 [ 4.66154891e+02  3.72253113e+02  5.20419144e+02  3.91793151e+02
  -2.60092833e-02]
 [ 4.70097778e+02  4.02681366e+02  5.51337403e+02  4.26442291e+02
  -3.08086297e-03]
 [ 3.90685485e+01  2.73889527e+02  7.77228028e+01  2.83415832e+02
  -1.92249627e-01]
 [ 8.83454584e+01  2.67294909e+02  9.80366217e+01  2.80832105e+02
  -4.37231842e-02]
 [ 1.10929726e+02  2.59335908e+02  1.39286689e+02  2.71432219e+02
  -1.92251034e-01]
 [ 4.73627991e+02  2.36671616e+02  5.40380798e+02  2.54725235e+02
   1.87255088e-03]
 [ 4.93370863e+02  3.95609039e+02  5.65696887e+02  4.09868866e+02
  -3.37556161e-06]]