[[ 2.59810241e+02  2.88366165e+01  3.59505982e+02  5.41379013e+01
   4.51669880e-03]
 [ 3.88148712e+02  2.86047230e+01  4.14741058e+02  5.16355286e+01
  -4.56555645e-01]
 [ 4.41755432e+02  2.75040741e+01  5.83643494e+02  5.21444702e+01
   8.27152194e-03]
 [ 1.78526978e+02  3.25233856e+02  2.14401031e+02  3.14961334e+02
  -7.05432931e-01]
 [ 3.71538086e+02  4.44373810e+02  4.64550659e+02  5.09391876e+02
   2.48573298e-02]
 [ 4.86811646e+02  4.66343079e+02  5.47491361e+02  5.21018372e+02
   3.17799200e-02]
 [ 3.94104340e+02  5.49232849e+02  5.11828295e+02  5.91434999e+02
   6.39120624e-02]
 [ 3.09284241e+02  1.20810638e+02  3.60770813e+02  1.34042374e+02
  -9.73407194e-02]
 [ 4.63984486e+02  3.08772826e+02  5.76453491e+02  3.70537354e+02
   1.32630952e-01]
 [ 4.64491995e+02  3.69245331e+02  5.56878000e+02  4.12085236e+02
   1.18136200e-02]
 [ 4.65653748e+02  4.24822479e+02  5.93752991e+02  4.77645660e+02
   3.45352585e-02]]