[[ 4.37299454e+02  2.13830020e+02  5.15746475e+02  2.18726102e+02
  -1.90656335e-01]
 [ 4.41747772e+02  2.52903015e+02  4.88879303e+02  2.58363007e+02
  -1.87114969e-01]
 [ 2.82131437e+02  3.11414632e+02  3.43289034e+02  3.58626994e+02
   2.94865078e-01]
 [ 4.85027546e+02  5.80538750e+01  5.91423229e+02  1.04239944e+02
  -1.23367674e-03]
 [ 1.05282410e+02  2.60322205e+02  1.42572571e+02  3.35221375e+02
   8.61312153e-01]
 [ 3.67272552e+02  2.23442383e+02  4.25624969e+02  2.33064117e+02
  -1.91202096e-01]
 [ 3.73151337e+02  2.60092163e+02  4.32448456e+02  2.67903381e+02
  -1.88161225e-01]
 [ 2.47096069e+02  2.61570129e+02  3.82911573e+02  3.40262882e+02
   2.88726936e-01]
 [ 5.95526886e+01  6.14814835e+01  1.89299179e+02  9.35998917e+01
  -2.03500306e-03]
 [ 2.24206172e+02  7.25608826e+01  2.61817875e+02  9.34608459e+01
  -1.55677478e-03]
 [ 2.98015097e+02  6.11327477e+01  3.76820474e+02  9.32182770e+01
  -2.03505802e-03]
 [ 5.32137451e+01  1.04909683e+02  1.38303650e+02  1.54831009e+02
   2.92735329e-02]
 [ 1.73394694e+02  1.11459450e+02  3.13494024e+02  1.53025574e+02
  -8.96305634e-03]]