[[ 3.86879700e+02  5.85816193e+00  5.79540478e+02  6.61770554e+01
   8.91000750e-06]
 [ 8.53800812e+01  3.61898254e+02  2.93518511e+02  4.30219116e+02
  -4.87100862e-03]
 [ 3.68542419e+02  3.64706635e+02  5.47101379e+02  4.31732574e+02
   1.71538436e-02]
 [ 2.39773193e+02  1.91001266e+02  3.62562806e+02  2.45007828e+02
   6.34108781e-02]
 [ 4.08631452e+02  1.92446548e+02  5.23303057e+02  2.33887863e+02
  -1.65126207e-03]
 [ 5.02408465e+02  2.73853910e+02  5.61032452e+02  3.02864840e+02
   6.43126309e-02]
 [ 3.26396520e+02  4.44215151e+01  3.87165857e+02  6.33556455e+01
   5.13547382e-02]
 [ 1.26234363e+02  3.30605987e+02  2.75372937e+02  3.61637482e+02
   1.76362015e-02]
 [ 3.01352478e+02  3.33610901e+02  4.11665894e+02  3.64014709e+02
   6.47110845e-02]
 [ 2.84133338e+01  1.22998482e+02  8.66602308e+01  1.58047790e+02
  -7.55559251e-03]
 [ 1.11893676e+02  1.11461418e+02  1.97979927e+02  1.46013031e+02
  -2.99746024e-02]
 [ 2.19985718e+02  1.08747238e+02  3.21459778e+02  1.48279648e+02
   3.09451007e-02]
 [ 3.39071627e+01  2.85000519e+02  1.94891574e+02  3.11467010e+02
  -6.70998847e-03]]