[[ 2.81310120e+02  1.16102325e+02  3.20573608e+02  1.60693848e+02
   4.59367317e-01]
 [ 2.72023163e+02  1.46906921e+02  3.09376251e+02  1.97649689e+02
   5.69994440e-01]
 [ 2.79483956e+02  1.93978795e+02  2.77319694e+02  2.17024776e+02
   6.46012844e-01]
 [ 2.97244133e+02  2.17522573e+02  3.14251045e+02  2.63697764e+02
   9.24516721e-01]
 [ 1.18117210e+02  3.00827057e+02  2.98748566e+02  3.41585236e+02
  -3.82032432e-02]
 [ 4.28630620e+02  2.72781139e+02  5.33604614e+02  3.35348938e+02
  -3.88579688e-01]
 [ 4.08827313e+02  4.04669673e+02  4.62605915e+02  4.48611882e+02
   2.48311282e-01]
 [ 4.81895290e+02  4.21059812e+02  5.32839878e+02  4.46475284e+02
   7.98395711e-02]
 [ 2.58539848e+01  2.16451130e+01  5.54340401e+01  4.63561249e+01
  -2.04645298e-03]
 [ 7.02147141e+01  2.15543251e+01  1.16227394e+02  4.61191978e+01
  -2.04668826e-03]
 [ 1.98924732e+01  5.33973198e+01  1.61004004e+02  7.84017028e+01
  -7.96729599e-03]
 [ 1.79280502e+02  5.79051400e+01  2.19999619e+02  7.80175933e+01
  -5.85079036e-03]
 [ 1.25967913e+01  8.69291764e+01  1.75034976e+02  1.12670692e+02
  -1.15412189e-02]
 [ 1.92796302e+02  8.53437348e+01  2.31570977e+02  1.12127014e+02
  -8.71676388e-03]
 [ 2.51038940e+02  9.45033188e+01  2.61244141e+02  1.11675667e+02
  -1.35900919e-02]
 [ 8.09729004e+00  1.22365715e+02  2.43719269e+02  1.47980774e+02
  -1.53209622e-02]
 [ 3.47722534e+02  2.62009399e+02  3.91735229e+02  2.87817810e+02
   4.97349262e-02]
 [ 3.95204507e+02  4.44773803e+02  5.44465881e+02  5.15247192e+02
   1.91386554e-02]
 [ 4.20772294e+02  8.27592758e+00  5.24015273e+02  2.62359619e+01
  -2.65190134e-03]
 [ 3.53438599e+02  3.66494751e+01  5.78545532e+02  6.49588623e+01
   2.61969851e-02]
 [ 4.55764803e+02  6.46012845e+01  5.25284302e+02  9.53891449e+01
   1.15172779e-01]]