[[ 3.89771271e+00  4.96141602e+02  6.79454803e+01  5.31767944e+02
   1.75750813e-01]
 [ 2.13695938e+02  4.19884888e+02  3.60597351e+02  4.30097229e+02
  -1.89933807e-01]
 [ 2.29927460e+02  4.51794250e+02  4.23194244e+02  4.65701111e+02
  -1.30372691e-01]
 [ 2.48601929e+02  5.03908386e+02  4.11906250e+02  5.20459412e+02
  -7.75905257e-02]
 [ 2.66240107e+02  5.43256897e+02  3.94740179e+02  5.71730896e+02
  -2.68408011e-02]
 [ 1.42530396e+02  5.33536224e+01  3.06139015e+02  2.21592820e+02
   1.07406082e-01]
 [ 1.19912140e+02  5.14005249e+02  1.62605194e+02  5.54832153e+02
   3.39453939e-01]
 [ 3.08833594e+01  1.14584106e+02  9.52567468e+01  1.65618439e+02
   2.24392212e-02]]