[[ 3.40056610e+00  5.75151596e+01  1.07154808e+02  6.43484879e+01
  -2.25481625e-01]
 [ 1.18032400e+02  3.03831964e+01  2.21852518e+02  3.78094153e+01
  -2.45915757e-01]
 [ 4.23530701e+02  2.91202362e+02  4.43387085e+02  2.95868744e+02
  -2.20020082e-01]
 [ 4.50390195e+02  2.85195496e+02  5.66564333e+02  2.71645080e+02
  -2.20019266e-01]
 [ 2.72286316e+02  2.66788101e+01  3.05720703e+02  4.59462357e+01
   2.90148065e-02]
 [ 3.23768951e+02  1.12327919e+02  3.68463104e+02  1.15325050e+02
  -3.15327193e-01]
 [ 3.71177307e+02  8.49523392e+01  4.81965149e+02  8.91659775e+01
  -2.18835406e-01]
 [ 3.25748131e+02  1.40238680e+02  3.99817909e+02  1.38869749e+02
  -2.76050760e-01]
 [ 4.07995575e+02  1.23700478e+02  4.57476837e+02  1.24443520e+02
  -2.79430842e-01]
 [ 3.86856506e+02  1.62997025e+02  4.32551453e+02  1.67059647e+02
  -2.19499159e-01]
 [ 3.52219691e+02  1.94200608e+02  4.74777928e+02  2.09105758e+02
  -9.25815343e-02]
 [ 3.92816315e+02  2.21814789e+02  4.55754059e+02  2.41165924e+02
  -3.12315410e-02]
 [ 3.68778534e+02  2.56935974e+02  4.37699615e+02  2.85700195e+02
   6.34801909e-03]
 [ 7.01666641e+01  2.26035706e+02  2.11145905e+02  2.54359283e+02
  -1.20006635e-01]
 [ 6.13442993e+01  2.80925751e+02  2.40278259e+02  3.11189178e+02
  -6.63654089e-02]
 [ 1.98919294e+01  3.44264191e+02  1.19340111e+02  3.86518646e+02
  -6.39675581e-03]
 [ 1.55531876e+02  3.39761169e+02  2.55908432e+02  3.85645142e+02
  -6.39623013e-03]
 [ 2.66505859e+02  5.84209824e+00  3.10629089e+02  2.66109505e+01
   8.22700944e-03]
 [ 3.28740540e+02  1.11423149e+01  3.50234253e+02  2.77132454e+01
   2.00325207e-02]
 [ 3.84232478e+02  7.74755879e+01  4.34115545e+02  7.66716747e+01
  -3.42517329e-01]
 [ 4.41702271e+02  3.65766754e+01  5.93821777e+02  3.16024475e+01
  -2.66877272e-01]
 [ 4.71124401e+02  7.75778900e+01  5.08330128e+02  1.06337119e+02
  -7.65648077e-02]
 [ 4.29110679e+02  1.33543321e+02  5.23075081e+02  1.55483108e+02
  -1.12780390e-01]
 [ 5.47397461e+02  1.04570374e+02  5.69514038e+02  1.35372589e+02
  -9.15699626e-02]]