[[ 3.49739711e+00  2.34081383e+01  2.33792938e+02  1.04390915e+02
  -1.32339108e-02]
 [ 9.96529277e+00  1.87921494e+02  2.55312051e+02  2.63023071e+02
  -9.39792080e-03]
 [ 3.88469421e+02  9.42126465e+00  6.02226074e+02  7.19273529e+01
   6.39968929e-03]
 [ 5.31344421e+02  2.73631470e+02  5.94652893e+02  3.09171265e+02
   9.40854546e-02]
 [ 2.18939514e+02  2.96165527e+02  3.88800598e+02  3.15730774e+02
  -9.42303881e-02]
 [ 3.59578018e+01  1.29107941e+02  1.10161217e+02  1.55863678e+02
  -7.29107698e-03]
 [ 1.32990051e+02  1.28847183e+02  2.73092407e+02  1.54675644e+02
  -7.29124367e-03]
 [ 3.71074684e+02  1.29224334e+02  4.08907616e+02  1.48474976e+02
   1.22144807e-02]
 [ 4.41358704e+02  1.23695938e+02  5.09736145e+02  1.48878922e+02
  -3.92540034e-02]
 [ 5.35620544e+02  1.31234283e+02  5.77504211e+02  1.50846680e+02
   1.22145556e-02]]