[[ 6.48044586e+00  4.93515381e+02  7.00920029e+01  5.40864624e+02
   2.29016763e-01]
 [ 2.66620636e+02  4.33649719e+02  3.61878571e+02  4.64619324e+02
  -1.90423709e-01]
 [ 1.71312714e+01  3.78145111e+02  7.13703308e+01  3.79633636e+02
  -4.28903684e-01]
 [ 2.39912109e+01  4.10278198e+02  1.29928528e+02  3.72355408e+02
  -5.85267266e-01]
 [ 3.59071808e+01  4.46319000e+02  1.50281906e+02  4.05175018e+02
  -5.96354752e-01]
 [ 1.42834290e+02  3.27515686e+02  2.08993530e+02  3.73799377e+02
   3.50356509e-01]
 [ 2.45225057e+02  3.54914858e+02  4.37812175e+02  3.94871336e+02
  -1.95859009e-01]
 [ 3.07114217e+02  4.54002373e+02  4.53915202e+02  5.64075325e+02
   1.76599673e-01]
 [ 1.42320969e+02  5.79134888e+02  2.38669754e+02  5.44836914e+02
  -6.35225532e-01]
 [ 1.30360062e+02  3.08398956e+02  2.09094009e+02  3.52566498e+02
   2.53095873e-01]]