[[ 8.29972153e+01  2.42474632e+01  2.20489502e+02  8.33202820e+01
  -6.83656389e-02]
 [ 2.70191066e+02  1.84758445e+01  5.26425537e+02  6.41859131e+01
  -1.54866287e-02]
 [ 2.42231232e+02  3.45536804e+02  2.49360535e+02  3.93455750e+02
   1.33531629e-01]
 [ 2.88397980e+02  3.46436554e+02  4.02455902e+02  3.98631989e+02
   5.68151389e-02]
 [ 4.29406524e+02  3.54456633e+02  5.04177827e+02  3.97316988e+02
   5.68142461e-02]
 [ 1.41485596e+01  9.38499832e+01  2.00678574e+02  1.10780388e+02
  -8.94702311e-02]
 [ 2.23284683e+01  1.50788239e+02  1.36942963e+02  1.74263916e+02
  -1.33589842e-01]
 [ 1.72941895e+02  1.33009888e+02  3.66395325e+02  1.58097321e+02
  -6.20625836e-02]
 [ 2.90761158e+01  2.16675900e+02  4.14468140e+02  2.06963135e+02
  -1.53112023e-01]
 [ 2.41414337e+02  2.93052490e+02  4.70391510e+02  3.54714661e+02
   1.13663127e-01]]