[[ 5.52838745e+02  3.79965332e+02  5.94353882e+02  3.84641418e+02
  -2.40679347e-01]
 [ 2.83960693e+02  3.58391266e+02  3.46199219e+02  3.97449615e+02
   2.14951663e-01]
 [ 4.28641907e+02  3.67659821e+02  5.01531128e+02  3.86826324e+02
  -1.53724977e-02]
 [ 3.77091343e+01  1.27488479e+01  3.27437781e+02  6.91534959e+01
   1.05285519e-02]
 [ 2.94631691e+01  1.56254137e+02  2.48794338e+02  1.86320142e+02
  -1.89339937e-01]
 [ 7.13277045e+01  2.84453520e+02  1.52149590e+02  3.34553194e+02
   1.90262673e-01]
 [ 6.88014069e+01  3.36584381e+02  1.50083206e+02  3.86289642e+02
   2.01844343e-01]
 [ 5.17812802e+02  3.72930756e+02  5.71297550e+02  3.76389373e+02
  -2.25544086e-01]
 [ 4.18045148e+02  4.10477904e+01  5.62489672e+02  1.18361588e+02
   7.63354713e-03]
 [ 4.16735474e+02  1.69222824e+02  5.56614624e+02  2.47854294e+02
   1.62887874e-02]
 [ 1.65236630e+02  3.07937164e+02  2.27960697e+02  3.52758820e+02
   1.91049689e-01]
 [ 1.61476852e+02  3.49321991e+02  2.08327438e+02  3.83161713e+02
   1.93141307e-01]]