[[ 2.50992751e+02  3.09079284e+01  3.12194457e+02  9.64976408e+01
   4.31118601e-01]
 [ 3.17822553e+02  2.28058391e+01  3.23399676e+02  5.68853688e+01
   4.93739294e-01]
 [ 3.45087921e+02  2.93515854e+01  4.03264374e+02  5.62331924e+01
   9.45196225e-02]
 [ 4.16887884e+02  4.15714857e+01  4.88286555e+02  6.40915773e+01
   6.77575735e-02]
 [ 3.63866557e+02  2.15618406e+02  4.96732381e+02  2.95476321e+02
   1.17522360e-01]
 [ 2.63484314e+02  1.26014572e+02  3.83675171e+02  9.73694000e+01
  -3.21674735e-01]
 [ 6.22741623e+01  6.89134064e+01  1.37454407e+02  9.45804596e+01
  -6.07321214e-02]
 [ 2.64114624e+02  5.43670654e+00  2.62949460e+02  3.41382659e+01
   5.04118787e-01]
 [ 2.98767184e+02 -4.21801075e+00  3.04099027e+02  4.21026429e+01
   4.97638251e-01]
 [ 3.39409790e+02  6.87103271e+00  3.40138977e+02  3.97457504e+01
   4.92658934e-01]
 [ 3.70924793e+02  5.21928102e+00  4.03134594e+02  4.39327652e+01
   2.63500338e-01]
 [ 4.23681030e+02  1.28064270e+01  4.91727234e+02  4.22482834e+01
   6.11851456e-02]
 [ 3.92606964e+02  3.12327271e+02  5.11252777e+02  3.84052551e+02
   2.78016386e-01]
 [ 6.38946461e+01  1.42072058e+01  1.28130806e+02  3.56652832e+01
  -6.83308909e-03]]