[[ 6.83921775e+01  1.13196252e+02  2.53102268e+02  8.31166446e+01
  -2.94864895e-01]
 [ 2.61113540e+02  5.83287019e+01  3.49453476e+02  4.91235457e+01
  -2.91684309e-01]
 [ 8.16929077e+01  1.45799563e+02  2.25971033e+02  1.24927030e+02
  -3.03193233e-01]
 [ 9.36610396e+01  1.77009553e+02  3.97138155e+02  9.42015985e+01
  -3.46436661e-01]
 [ 1.07511801e+02  2.09087833e+02  1.78112162e+02  2.01655270e+02
  -3.67260311e-01]
 [ 1.86528244e+02  1.79919022e+02  2.17980972e+02  1.86449692e+02
  -3.62692755e-01]
 [ 2.21440366e+02  9.09759986e+01  2.91412783e+02  8.61361840e+01
  -2.94400234e-01]
 [ 3.00905701e+02  7.08580551e+01  3.47883667e+02  7.16531754e+01
  -3.11268390e-01]
 [ 2.31872864e+02  1.14057137e+02  2.91422363e+02  1.09081902e+02
  -3.27296218e-01]
 [ 3.00621643e+02  8.88662796e+01  3.96763306e+02  7.33179398e+01
  -3.27296007e-01]
 [ 4.03337799e+02  5.32974472e+01  4.69764923e+02  5.25444107e+01
  -2.67860020e-01]
 [ 4.74474121e+02  3.49275169e+01  5.19632202e+02  3.14962578e+01
  -3.15291194e-01]
 [ 5.25318481e+02  1.64555664e+01  5.44862305e+02  2.45283775e+01
  -3.13281549e-01]]