[[ 4.27059692e+02  2.21604172e+02  5.22097169e+02  1.79830398e+02
  -5.58262028e-01]
 [ 4.54925003e+02  2.25516732e+02  5.34064712e+02  1.97046164e+02
  -5.30309807e-01]
 [ 4.65789642e+02  2.49603394e+02  5.22670341e+02  2.33499883e+02
  -5.96101498e-01]
 [ 4.75194633e+02  2.62941806e+02  5.19903756e+02  2.66449246e+02
  -3.75867088e-01]
 [ 4.63195428e+02  3.04363682e+02  5.05022712e+02  3.03354885e+02
  -4.89184361e-01]
 [ 5.16008118e+02  2.66568756e+02  6.08143860e+02  2.57220490e+02
  -3.90289133e-01]
 [ 2.15139282e+02  2.39718781e+02  3.46247437e+02  2.76788483e+02
  -2.34412420e-03]
 [ 4.34078857e+02  1.99406586e+02  5.01116577e+02  1.79098175e+02
  -5.46968678e-01]
 [ 2.68770020e+02  2.75146637e+02  3.97124146e+02  2.92560272e+02
  -3.76239024e-02]
 [ 3.00852661e+02  3.18251160e+02  3.71889160e+02  3.43290527e+02
  -3.15938006e-02]
 [ 2.99261870e+02  3.75455048e+02  3.81458040e+02  4.09567718e+02
  -2.60230053e-02]]