[[ 2.01505971e+02  1.84667021e+01  3.44493724e+02  2.92991327e+01
  -2.40387161e-01]
 [ 2.61441316e+02  7.43484320e+01  3.69767302e+02  9.03117547e+01
  -1.77032904e-01]
 [ 2.14291229e+01  1.93063568e+02  2.36731888e+02  2.04781708e+02
  -1.09723161e-01]
 [ 4.33180237e+00  2.72867554e+02  2.91946228e+02  3.00919983e+02
  -5.81705117e-02]
 [ 3.09444214e+02  5.94388733e+01  4.94326294e+02  4.02938843e+01
  -3.63419929e-01]
 [ 3.17635162e+02  1.22651978e+02  4.81236969e+02  1.31928940e+02
  -2.18434831e-01]
 [ 3.28532104e+02  1.89192108e+02  4.43799377e+02  2.23088440e+02
  -6.74757783e-02]
 [ 4.03517822e+02  2.90725464e+02  4.07812622e+02  3.13078979e+02
   3.51747889e-01]
 [ 4.12243677e+02  2.92341188e+02  4.62248999e+02  2.96352172e+02
  -2.03464421e-01]
 [ 4.65503761e+02  2.78823668e+02  4.76334374e+02  2.98824952e+02
   2.20242556e-01]
 [ 4.79955200e+02  2.82546204e+02  5.36076660e+02  2.80356323e+02
  -3.19122966e-01]
 [ 5.36994873e+02  2.67745239e+02  5.42369751e+02  2.81496094e+02
   6.29108693e-02]
 [ 2.20944270e+01  3.16634948e+02  3.49214294e+02  3.69248779e+02
  -5.81698905e-02]
 [ 3.49818408e+02  1.57485903e+02  4.69733471e+02  1.67290189e+02
  -1.83255329e-01]
 [ 4.86404622e+02  1.23206711e+02  5.95391644e+02  1.44001427e+02
  -1.83255150e-01]
 [ 2.68443329e+02  5.19515228e+00  3.73918671e+02  3.46071625e+01
   2.14100899e-02]]