[[ 6.59385071e+01  5.04854965e+00  2.22519012e+02  8.56870270e+01
  -5.63888497e-04]
 [ 3.26506378e+02  2.03563213e+01  4.09235687e+02  6.91886292e+01
  -1.33383265e-03]
 [ 8.04752502e+01  4.85663483e+02  1.87176239e+02  5.21064209e+02
  -1.63151327e-02]
 [ 8.15144043e+01  5.39626953e+02  3.47426208e+02  5.90778442e+02
   1.14560096e-02]
 [ 2.97341209e+01  9.67056427e+01  9.43093972e+01  1.18970154e+02
  -1.65548279e-03]
 [ 1.10142860e+02  9.40732727e+01  1.88797455e+02  1.14399338e+02
  -1.87007365e-03]
 [ 2.08166583e+02  9.38976746e+01  2.40565778e+02  1.14310440e+02
  -1.62601713e-03]
 [ 2.96860733e+01  1.24770172e+02  8.75663986e+01  1.59020020e+02
   1.22821763e-01]
 [ 1.09422233e+02  1.27796188e+02  1.63302071e+02  1.51465347e+02
  -2.31157156e-03]
 [ 1.83153046e+02  1.27641647e+02  2.63066010e+02  1.51257431e+02
  -2.02769450e-03]
 [ 1.31588877e+01  1.69125900e+02  2.15678164e+02  1.91088180e+02
  -3.41957333e-02]
 [ 1.54872131e+00  2.10154739e+02  1.42607986e+02  2.34187057e+02
  -5.09296873e-02]
 [ 1.62485657e+02  2.06657349e+02  2.19464600e+02  2.34144592e+02
  -2.97039344e-03]
 [ 3.75354797e+02  2.20533539e+02  5.55566589e+02  2.88300659e+02
   2.33397895e-02]
 [ 3.26796478e+02  1.26849701e+02  3.31463287e+02  1.48688385e+02
   2.43958326e-01]
 [ 3.47019714e+02  1.30331757e+02  4.02731384e+02  1.31860443e+02
  -1.73364340e-01]
 [ 3.14522339e+02  1.50607224e+02  3.72501709e+02  1.54514359e+02
  -1.88777304e-01]]