[[ 8.52888947e+01  1.99036774e+02  1.88227890e+02  3.06041656e+02
   1.19079398e-02]
 [ 3.66580414e+02  7.39093552e+01  3.77312592e+02  8.41717911e+01
   3.11361115e-02]
 [ 3.89274839e+02  6.87874603e+01  4.22028689e+02  8.55645295e+01
   3.11362021e-02]
 [ 4.29910916e+02  7.60516969e+01  4.68689914e+02  9.07083739e+01
  -4.88571321e-02]
 [ 4.79593891e+02  7.17949282e+01  5.12350109e+02  8.83776649e+01
   3.11360186e-02]
 [ 5.21717592e+02  7.89911710e+01  5.51261290e+02  9.53704165e+01
   3.01701818e-02]]