[[ 1.39853101e+02  3.23073607e+02  1.78184985e+02  3.67076966e+02
   3.36743368e-01]
 [ 1.21814544e+01  3.60281557e+02  6.33840134e+01  3.49147764e+02
  -5.39790675e-01]
 [ 1.82413818e+02  4.84441528e+01  3.98266418e+02  2.78652161e+02
   1.52833921e-01]
 [ 2.61599396e+02  3.74344269e+02  3.49971039e+02  3.91308502e+02
  -2.57961045e-01]
 [ 2.84640764e+02  4.23957577e+02  3.38137190e+02  4.49376652e+02
  -3.72203727e-01]
 [ 3.57015289e+02  4.03452271e+02  4.47132172e+02  4.31846252e+02
  -1.59471349e-01]
 [ 3.04770961e+02  4.77549530e+02  4.13267674e+02  5.02422943e+02
  -9.53935788e-02]
 [ 3.27253402e+02  5.40877809e+02  4.39904069e+02  5.70194091e+02
  -6.25201546e-02]
 [ 1.89218298e+02  3.25699948e+02  2.48948715e+02  3.74253540e+02
   2.79775505e-01]
 [ 3.20776737e+01  3.74396399e+02  1.00759790e+02  3.51518579e+02
  -5.75682294e-01]
 [ 1.99783325e+01  4.14247711e+02  7.96772156e+01  4.01522858e+02
  -5.84293340e-01]
 [ 9.20694580e+01  3.72229797e+02  1.09700394e+02  3.82962219e+02
  -4.82615579e-01]
 [ 2.88221728e+01  4.47989414e+02  9.84810232e+01  4.32546719e+02
  -5.94533777e-01]
 [ 1.07298828e+02  3.97107056e+02  1.42124880e+02  4.00218082e+02
  -5.87581583e-01]
 [ 7.04120483e+01  4.69056000e+02  1.50735413e+02  4.44488007e+02
  -5.98586399e-01]
 [ 3.12557994e+00  4.84976358e+01  4.32129287e+01  1.11449432e+02
   1.51078828e-02]
 [ 6.43285066e+01 -1.84784907e+00  1.20965897e+02  8.68356647e+01
   5.37424923e-02]
 [ 1.01968155e+02  5.04235352e+02  1.60495529e+02  5.58826782e+02
   2.26466645e-01]]