[[ 4.71466827e+01  8.97918320e+01  1.28823624e+02  1.03316109e+02
  -1.80615669e-01]
 [ 1.57230911e+02  6.92046509e+01  1.80202774e+02  8.63654480e+01
  -1.56763105e-01]
 [ 8.28705597e+01  1.19997726e+02  1.51993637e+02  1.35100021e+02
  -1.89064567e-01]
 [ 4.99847019e+01  1.65263855e+02  1.05585244e+02  1.91833160e+02
  -1.95280559e-01]
 [ 5.24515305e+01  2.17873856e+02  1.46990094e+02  2.36413743e+02
  -1.97280777e-01]
 [ 4.86016541e+02  1.39154129e+02  5.18255859e+02  1.20273911e+02
  -9.27822628e-01]
 [ 5.09998176e+02  1.05101774e+02  5.25957886e+02  1.16053696e+02
  -4.99924925e-01]
 [ 4.97612621e+02  1.62062337e+02  5.25439839e+02  1.41841258e+02
  -1.05712111e+00]
 [ 5.17143311e+02  1.30367645e+02  5.27612671e+02  1.40618622e+02
  -5.00548376e-01]
 [ 3.43422685e+02  3.02566819e+02  3.98908431e+02  2.74165847e+02
  -8.37990964e-01]
 [ 1.94197231e+01  4.36710289e+01  1.39510884e+02  7.15024483e+01
  -1.74006449e-01]]