[[ 1.47702133e+02  1.25929642e+02  1.83877731e+02  1.26597870e+02
  -4.54595128e-01]
 [ 1.19057692e+02  5.00945203e+01  1.95480699e+02  9.16397784e+01
   1.70532700e-01]
 [ 1.05874977e+01  5.11731911e+00  8.43838501e+01  2.45429401e+01
  -2.73387270e-02]
 [ 2.09779530e+01  4.41101074e+01  7.41850052e+01  6.34822006e+01
  -7.44168025e-02]
 [ 3.28391342e+01  8.52549820e+01  9.05279312e+01  1.01043571e+02
  -1.22260709e-01]
 [ 3.59770190e+02  1.65233034e+02  3.91588574e+02  1.83654539e+02
  -1.45901509e-01]
 [ 4.09406544e+02  1.58363573e+02  4.45526256e+02  1.75728560e+02
  -1.45902148e-01]
 [ 2.01272149e+02  1.93895304e+01  2.26725349e+02  5.34502370e+01
   4.80915467e-01]
 [ 1.07814346e+02  2.39058609e+01  1.62221422e+02  5.77083209e+01
   1.61065013e-01]
 [ 3.49243895e+02  1.95552403e+02  3.64219911e+02  2.10356167e+02
  -5.00341324e-02]
 [ 3.81022674e+02  1.85528976e+02  4.86659088e+02  1.92755386e+02
  -1.33223127e-01]
 [ 3.89704750e+02  2.21477618e+02  4.53696496e+02  2.33167768e+02
  -1.12982087e-01]]