[[ 1.77505611e+02  7.54853592e+01  2.86592839e+02  1.63358276e+02
  -3.08195651e-03]
 [ 3.54913173e+02  7.61439591e+01  5.62744267e+02  1.43768341e+02
  -3.20510168e-03]
 [ 1.10443497e+02  2.55339844e+02  1.34862442e+02  3.35055481e+02
   8.79175900e-01]
 [ 4.29253714e+02  2.22063691e+02  4.95468881e+02  2.32332152e+02
  -1.22328600e-01]
 [ 2.34967285e+02  2.55972473e+02  4.75085999e+02  3.93669800e+02
   2.77594905e-01]
 [ 2.63785675e+02  1.81894531e+01  2.85245880e+02  4.23535461e+01
  -8.70750277e-04]
 [ 3.15266096e+02  1.26048421e+01  4.61196916e+02  5.85596934e+01
   6.05863671e-02]
 [ 4.87774516e+02  1.15415173e+01  5.97363667e+02  5.75957890e+01
   9.48493341e-02]
 [ 4.10998396e+02  1.93977268e+02  4.87015154e+02  2.09662045e+02
  -1.93233056e-01]
 [ 4.19448700e+02  2.52043396e+02  4.89833832e+02  2.65778381e+02
  -1.83232195e-01]
 [ 1.83962676e+02  2.10424484e+02  2.39500977e+02  2.52411148e+02
   2.79245360e-01]
 [ 2.65222931e+02  2.33293976e+02  2.83551849e+02  2.65042145e+02
   2.76417424e-01]]