[[ 2.34400543e+02  8.91713638e+01  4.06118378e+02  1.60160889e+02
  -2.98236431e-02]
 [ 4.61817169e+02  8.42904129e+01  5.69363159e+02  1.52710297e+02
  -2.93239482e-02]
 [ 1.50869522e+02  3.39079071e+02  4.34245850e+02  3.41480804e+02
  -1.23763646e-01]
 [ 1.15297880e+02  3.81195465e+02  2.41916780e+02  4.10399628e+02
  -8.47638753e-02]
 [ 2.69722290e+02  3.69914978e+02  5.17547241e+02  3.86979980e+02
  -8.47641452e-02]
 [ 7.18929125e+01  4.34758911e+02  2.50115480e+02  4.88038452e+02
  -1.59873563e-02]
 [ 2.85012662e+02  4.26406525e+02  5.79966648e+02  4.82764617e+02
  -1.59871158e-02]
 [ 1.92887756e+02  3.26368599e+01  3.13763947e+02  6.27308464e+01
  -1.13288898e-02]
 [ 3.45329283e+02  3.25032630e+01  3.75305238e+02  6.20336327e+01
  -1.34616099e-01]
 [ 4.07766937e+02  2.30680466e+01  4.93781464e+02  7.97949371e+01
   2.07208923e-01]
 [ 2.36856750e+02  2.74208099e+02  3.23675293e+02  2.76183685e+02
  -1.87972945e-01]
 [ 3.51322991e+02  2.49358690e+02  4.81855598e+02  2.46095015e+02
  -1.87972382e-01]
 [ 2.12310425e+02  3.07308990e+02  3.13786743e+02  3.14699615e+02
  -1.58335182e-01]
 [ 3.40379378e+02  2.85516757e+02  4.99035967e+02  2.84520352e+02
  -1.67250923e-01]]