[[ 8.18502174e+00  8.53287655e+01  1.07409500e+02  1.04211365e+02
  -6.58175870e-02]
 [ 4.17193451e+02  6.02651566e+01  5.70162841e+02  1.11787962e+02
   9.90531830e-02]
 [ 2.41120575e+02  3.64612732e+01  3.51585175e+02  1.10142044e+02
   2.91785006e-01]
 [ 2.89969466e+02  2.00339156e+02  3.50433122e+02  2.21296617e+02
   5.69311678e-02]
 [ 2.97064758e+02  1.17910622e+02  3.29046204e+02  1.17492744e+02
  -3.21495951e-01]
 [ 3.44928833e+02  1.00184998e+02  3.89748352e+02  9.72758484e+01
  -3.21496198e-01]
 [ 3.02923846e+02  1.34172856e+02  3.59627180e+02  1.27132869e+02
  -3.21230698e-01]
 [ 1.89572052e+02  1.36791229e+02  2.03560394e+02  1.63260529e+02
   6.91092570e-01]
 [ 1.75031723e+02  1.48297607e+02  1.92638565e+02  1.84042419e+02
   7.78955073e-01]
 [ 1.41936932e+01  6.34808980e+00  1.17111792e+02  5.26416015e+01
  -1.77381648e-02]
 [ 3.09814270e+02 -3.11656952e-01  3.75461670e+02  5.09762306e+01
   1.18774916e-01]
 [ 2.80156464e+02  1.53948318e+02  3.48839874e+02  1.79533249e+02
   6.40723375e-02]
 [ 2.79521057e+02  1.81842514e+02  3.40895874e+02  2.04310287e+02
   5.87982841e-02]]