[[ 8.77539825e+01  2.11166565e+02  1.67258087e+02  2.97237793e+02
   1.24938968e-02]
 [ 3.51741119e+02  1.56722809e+02  3.83324066e+02  1.74364655e+02
  -1.52012368e-01]
 [ 4.14573494e+02  1.45620227e+02  4.94920524e+02  1.57268658e+02
  -1.52013050e-01]
 [ 1.51684875e+02  1.04750710e+02  1.65432892e+02  1.24073708e+02
  -3.98029594e-02]
 [ 1.52801162e+02  1.33563283e+02  1.71254074e+02  1.50980601e+02
  -3.63379582e-02]
 [ 2.01775046e+01  1.95108643e+02  9.11205149e+01  2.37550049e+02
  -8.59395414e-02]
 [ 2.36539917e+01  2.48768555e+02  7.97070923e+01  3.06321472e+02
   8.30918501e-02]
 [ 3.50569928e+02  2.06173266e+02  4.22944476e+02  2.29139081e+02
  -1.36094849e-01]
 [ 3.52541789e+02  2.48493015e+02  4.80879232e+02  2.76946988e+02
  -1.58754236e-01]]