[[ 3.64852325e+02  1.01920967e+01  5.02877167e+02  5.22859306e+01
   1.10000484e-02]
 [ 5.12443726e+02  2.75968933e+02  5.79589600e+02  3.06958557e+02
   1.08885264e-01]
 [ 3.20857550e+01  1.20003470e+01  1.62306899e+02  5.18992005e+01
   6.41846503e-03]
 [ 1.85832779e+02  1.48727551e+01  2.55681747e+02  5.20137405e+01
  -1.68020805e-02]
 [ 3.42482981e+01  7.28984299e+01  9.54614187e+01  1.11561653e+02
  -1.46533988e-03]
 [ 1.18261932e+02  8.41884308e+01  2.35863495e+02  1.22766281e+02
   2.13238148e-03]
 [ 1.23224701e+02  3.66001251e+02  3.26161499e+02  4.07996979e+02
   1.54353454e-02]
 [ 1.48162288e+02  2.90779724e+02  3.38112950e+02  3.21941101e+02
  -2.50848775e-02]
 [ 2.62869446e+02  6.41916351e+01  3.27426880e+02  8.56245575e+01
   2.93828961e-02]
 [ 4.90605745e+02  2.71737041e+02  5.10104094e+02  2.99845537e+02
   9.72337994e-02]
 [ 1.81247843e+00  1.41367188e+02  1.83493399e+02  1.76160217e+02
  -1.00561238e-02]
 [ 3.98829616e+00  2.13337677e+02  1.55273980e+02  2.48593933e+02
  -1.46411511e-02]
 [ 3.45539093e+01  3.49044098e+02  1.03152328e+02  3.66495331e+02
   1.51867924e-02]
 [ 1.22644989e+02  3.50685028e+02  2.34345886e+02  3.68487946e+02
   1.51876320e-02]
 [ 2.54089927e+02  3.53322693e+02  3.32139932e+02  3.69973145e+02
   1.51865129e-02]
 [ 3.47063509e+02  3.55300964e+02  4.21866422e+02  3.71335938e+02
   1.51866216e-02]
 [ 4.32532095e+02  3.57597595e+02  4.57683175e+02  3.71962891e+02
   1.99894641e-02]
 [ 2.31979675e+01  3.74622772e+02  1.35104782e+02  3.94279144e+02
   6.63392926e-03]
 [ 6.88833654e+00  4.04484619e+02  8.14558105e+01  4.25830566e+02
  -3.20010230e-03]
 [ 1.03280975e+02  4.01641174e+02  1.91920074e+02  4.29953491e+02
   4.66348426e-02]
 [ 2.20841432e+02  4.05789307e+02  2.90129408e+02  4.25162781e+02
  -3.19963852e-03]
 [ 3.10561140e+02  4.05159912e+02  4.11339739e+02  4.25414002e+02
   3.41105361e-03]
 [ 4.26348351e+02  4.05648956e+02  4.86153480e+02  4.24535431e+02
  -3.19967197e-03]
 [ 5.31471104e+01  2.90148316e+02  1.53174152e+02  3.02770264e+02
  -2.73799333e-02]]