[[ 3.07711408e+02  2.69634913e+02  3.76576556e+02  3.32351781e+02
   2.78761319e-01]
 [ 2.86151401e+02  3.47264518e+02  3.47077908e+02  3.93971261e+02
   2.96099389e-01]
 [ 1.06276743e+01  3.44905699e+01  9.73683853e+01  1.20644592e+02
   3.84855234e-02]
 [ 1.72055214e+02  5.85431821e+01  2.89410484e+02  1.18314209e+02
   1.31370072e-02]
 [ 3.57632019e+02  2.44202103e+02  4.69171326e+02  2.69006409e+02
  -2.03430626e-01]
 [ 1.35685029e+02  2.51957227e+02  1.38798702e+02  2.79575179e+02
   8.94550266e-01]
 [ 1.55726924e+02  2.75222830e+02  1.58994084e+02  3.16108468e+02
   1.08857799e+00]
 [ 1.21021666e+02  2.76227293e+02  1.40721318e+02  3.23548956e+02
   8.67707559e-01]
 [ 1.94925735e+02  2.86618286e+02  2.28172897e+02  3.23664001e+02
   2.94866170e-01]
 [ 2.52128963e+02  3.03766317e+02  2.79077289e+02  3.39124618e+02
   2.89215826e-01]
 [ 3.04647827e+02  3.19079559e+02  3.62136963e+02  3.64351471e+02
   2.94865005e-01]
 [ 3.36882999e+02  1.56305320e+01  4.66803341e+02  6.84126428e+01
  -2.40298072e-02]
 [ 4.23019348e+02  2.08341309e+02  5.20187866e+02  2.17555328e+02
  -1.95699742e-01]]