[[ 2.61669103e+00  5.65136110e+01  1.43558243e+02  6.23541106e+01
  -2.42982564e-01]
 [ 1.05144432e+01  1.55475830e+02  8.51770050e+01  1.83742157e+02
  -9.83204594e-02]
 [ 1.28035400e+02  1.07326340e+02  1.91618500e+02  1.75867142e+02
   3.31170463e-03]
 [ 2.68223374e+02  2.05090607e+02  3.09371048e+02  2.22316528e+02
  -4.73102057e-02]
 [ 7.57895182e-01  1.88965073e+02  1.09357003e+02  2.09047806e+02
  -1.00002947e-01]
 [ 2.88301319e+00  2.26824051e+02  6.50347443e+01  2.44534256e+02
  -4.95595567e-02]
 [ 3.92898560e+00  2.60508392e+02  1.54191025e+02  2.88668488e+02
   1.15079736e-02]
 [ 3.43809875e+00  2.91866669e+02  9.17418889e+01  3.25507965e+02
   4.74880208e-02]
 [ 1.10704132e+02  2.96117004e+02  1.49378143e+02  3.21323730e+02
   3.98543612e-02]]