[[ 1.56158447e-01  5.37984009e+02  5.41679649e+01  5.49276978e+02
  -8.65069431e-02]
 [-1.84535404e-01  5.62824403e+02  3.64255823e+01  5.76556701e+02
  -9.88142994e-02]
 [ 4.80375361e+02  2.84824401e+02  5.31087402e+02  3.29447998e+02
   1.20062071e-01]
 [ 4.76674053e+02  3.52257353e+02  5.67057373e+02  4.03102020e+02
   1.12959505e-01]
 [ 4.73069885e+02  4.34241455e+02  5.94410217e+02  4.78905640e+02
   1.05475681e-01]
 [ 4.34298401e+02  1.86897491e+02  5.43556213e+02  2.32887787e+02
   1.89467823e-01]
 [ 3.96238495e+02  3.75496857e+02  4.58790436e+02  3.88040619e+02
  -3.74344229e-02]
 [ 4.80187493e+01  1.88668631e+00  4.01895061e+02  2.85041428e+01
   8.88300129e-04]
 [ 2.31408905e+02  3.18150085e+02  2.68543182e+02  3.39592468e+02
  -2.71578662e-01]
 [ 2.78373931e+02  3.01903682e+02  3.21506685e+02  3.37774419e+02
  -2.78496835e-01]
 [ 3.43260498e+02  2.27258331e+02  4.21435730e+02  2.81082672e+02
   1.23606890e-01]
 [ 4.90145203e+02  5.90346680e+01  5.50240295e+02  8.54569244e+01
   1.36329713e-01]
 [ 4.86076355e+02  8.80591125e+01  5.90326477e+02  1.25697250e+02
   1.43981080e-01]
 [ 1.64756393e+02  8.13132629e+01  2.21006577e+02  9.86692657e+01
   5.76324490e-03]
 [ 1.72125595e+02  1.03247940e+02  2.29132095e+02  1.20237854e+02
  -1.75727254e-02]
 [ 2.72866394e+02  3.46138641e+02  3.47622986e+02  3.75082916e+02
  -2.53933973e-01]]