[[ 2.64806582e+02  1.39468554e+02  3.26879697e+02  1.87321821e+02
   4.39418649e-01]
 [ 2.58106718e+02  1.64376204e+02  2.98919342e+02  1.98655746e+02
   4.29385556e-01]
 [ 3.75319519e+02  4.19130188e+02  5.17838623e+02  5.20857666e+02
   2.02313611e-01]
 [ 9.15012894e+01  3.09207123e+02  3.10626343e+02  3.43007782e+02
  -4.05342265e-02]
 [ 3.95743101e+02  1.91710326e+02  4.27899416e+02  2.36753664e+02
   7.18638854e-01]
 [ 2.84475632e+02  1.12760491e+02  3.24565017e+02  1.44792915e+02
   4.56406763e-01]
 [ 2.90524559e+02  1.38968716e+02  3.06043679e+02  1.61835362e+02
   4.52043397e-01]
 [ 4.08800595e+02  2.89214847e+02  5.08401859e+02  2.58492673e+02
  -7.49743064e-01]
 [ 3.68888428e+02  3.57395081e+02  4.55972168e+02  4.02588989e+02
   5.90077576e-02]]