[[ 1.95841885e+02  3.70023834e+02  2.47395389e+02  3.91846954e+02
   7.05662186e-03]
 [ 4.59830377e+02  3.87669844e+01  5.45669378e+02  3.87523790e+01
  -2.28974153e-01]
 [ 4.53215255e+02  6.71006195e+01  5.45765702e+02  7.43374145e+01
  -1.94178581e-01]
 [ 7.50196219e+01  3.53753479e+02  1.54739167e+02  3.91687439e+02
   6.32052169e-03]
 [ 3.56686821e+02  3.16954956e+02  5.57598336e+02  3.58929260e+02
  -3.63537489e-02]
 [ 4.43588226e+02  1.19991501e+02  5.96466675e+02  1.42519516e+02
  -1.90183431e-01]
 [ 4.04857407e+01  1.37605820e+01  1.04100166e+02  3.60498199e+01
   2.86111527e-02]
 [ 1.18330441e+02  1.69205114e+01  2.91799442e+02  3.51900099e+01
  -3.97928473e-02]
 [ 3.03824280e+02  1.30963945e+01  3.31238953e+02  3.76147041e+01
  -1.48752263e-01]
 [ 3.98150709e+01  4.92572098e+01  6.48836901e+01  6.84551849e+01
  -1.60800369e-02]
 [ 8.07823792e+01  4.85983963e+01  1.24559448e+02  7.49699783e+01
  -1.60800673e-02]
 [ 1.39781418e+02  4.79657211e+01  1.67670273e+02  6.69209671e+01
  -3.77597878e-02]
 [ 3.97062974e+01  8.40898895e+01  1.08646028e+02  1.07500229e+02
   2.78143493e-02]
 [ 1.24830138e+02  8.25315554e+01  3.51905526e+02  9.71426389e+01
  -2.79423930e-02]
 [ 1.57747345e+01  3.48458801e+02  7.65074463e+01  3.66713440e+02
   1.46405280e-02]
 [ 2.81164703e+02  1.79866821e+02  5.08391754e+02  2.23352600e+02
   7.75374543e-03]
 [ 3.79922485e+02  2.59362854e+02  5.13531311e+02  3.13231995e+02
   3.99853562e-03]
 [ 4.69963501e+02  1.70977081e+02  5.71343628e+02  1.74673065e+02
  -1.70382570e-01]
 [ 4.57778101e+01  1.23981362e+02  2.62564926e+02  1.76838866e+02
  -6.31590959e-02]]