[[-5.79334277e+00  1.11423706e+02  6.03203049e+01  1.28294342e+02
  -2.52801447e-01]
 [-3.34292603e+00  1.46958633e+02  6.58274994e+01  1.62510269e+02
  -1.81131336e-01]
 [ 4.64172244e+02  1.12981775e+02  5.85054349e+02  1.35566893e+02
  -5.21129066e-02]
 [ 5.52413253e+02  1.82500566e+02  6.01693925e+02  2.03000014e+02
  -5.87734851e-02]
 [ 9.53980456e+00  1.86452515e+02  4.86485576e+01  2.08521912e+02
  -3.96494437e-04]
 [ 4.17532349e+02  2.85929909e+01  4.82817322e+02  4.33167763e+01
  -5.16471012e-02]
 [ 4.17597598e+02  6.52481019e+01  5.76490873e+02  7.70549986e+01
  -5.95163325e-02]
 [ 4.16820740e+02  9.96167297e+01  4.87233582e+02  1.10701874e+02
  -6.68760600e-02]
 [ 4.99368105e+02  9.07432190e+01  5.16543517e+02  1.14381857e+02
   6.96469834e-02]
 [ 5.28805613e+02  9.06044315e+01  5.98059743e+02  1.10931411e+02
  -7.69222392e-03]]