[[ 2.03082428e+01  4.41014404e+01  2.35844193e+02  1.03394424e+02
   3.81336805e-02]
 [ 4.27808677e+02  3.91721619e+02  4.83479897e+02  4.10972717e+02
  -3.88598439e-02]
 [ 2.81082457e+02  3.50500089e+02  3.33379396e+02  3.74854159e+02
   6.87568605e-02]
 [ 8.64570770e+01  3.13165375e+02  1.53001790e+02  3.80051179e+02
   2.00329650e-01]
 [ 5.32490540e+02  3.78156952e+02  5.84335510e+02  3.80477081e+02
  -2.41843194e-01]
 [ 3.04509498e+02  2.91992683e+01  5.37213684e+02  5.93130836e+01
   3.69525975e-03]
 [ 4.33806820e+02  3.63605286e+02  4.83235050e+02  3.82317322e+02
  -1.68148944e-02]
 [ 1.58652477e+01  2.95560150e+02  6.37530746e+01  3.14669891e+02
  -5.58756166e-02]
 [ 2.90973633e+02  3.71121002e+02  3.50042603e+02  3.94443085e+02
   6.86599457e-02]
 [ 1.35479446e+02  3.18482697e+02  2.31233078e+02  3.56989716e+02
   1.77811750e-01]
 [ 1.52665512e+02  3.56746155e+02  2.05300064e+02  3.88356262e+02
   1.99822795e-01]
 [ 5.46414429e+02  3.91215240e+02  5.94331665e+02  3.95440704e+02
  -2.38790655e-01]]