[[ 2.65713116e+02  1.74038654e+02  3.45918415e+02  1.75107739e+02
  -1.88332531e-01]
 [ 2.63125174e+02  1.99988131e+02  3.54974374e+02  1.93134672e+02
  -2.07449879e-01]
 [ 5.39017181e+01  5.60398254e+02  1.52477921e+02  6.05846008e+02
   1.07811104e-01]
 [ 1.79813356e+02  5.60424683e+02  2.50250335e+02  5.81463622e+02
  -4.57440288e-02]
 [ 2.74039148e+02  5.69661743e+02  3.08983435e+02  5.80112793e+02
  -2.28955530e-02]
 [ 3.28298269e+01  3.44072418e+01  1.35888584e+02  8.90910492e+01
  -9.13449849e-04]
 [ 1.86211609e+02  3.72269859e+01  2.74353943e+02  7.49978027e+01
  -9.48798688e-04]
 [ 3.05684985e+01  1.04369644e+02  1.27568392e+02  1.47815506e+02
  -2.26690504e-03]
 [ 1.75410915e+02  1.17270981e+02  2.43756352e+02  1.56454178e+02
   3.84208967e-02]
 [ 6.63178581e+00  2.00545166e+02  1.99032948e+02  2.44923065e+02
  -6.70311784e-02]
 [ 2.14329833e+02  3.25784851e+02  2.57908478e+02  3.65703186e+02
   4.09641066e-01]
 [ 2.00345825e+02  3.61654175e+02  2.61044739e+02  4.03986267e+02
   4.01370113e-01]
 [ 3.70976501e+02  3.32217346e+02  4.02107483e+02  4.10116455e+02
   6.00548395e-01]]