[[ 5.16506348e+01  7.74648437e+01  8.88043671e+01  1.07343323e+02
   2.81662048e-01]
 [ 2.42604279e+01  2.85150166e+01  1.16506418e+02  5.78061751e+01
  -5.83949541e-02]
 [ 1.08818352e+02  5.70510063e+01  1.36568878e+02  6.72984924e+01
  -4.93278510e-02]
 [ 1.03681953e+02  9.00661922e+01  1.31238678e+02  1.01178757e+02
  -2.94083892e-02]
 [ 9.94191742e+01  1.23603279e+02  1.31171738e+02  1.35906006e+02
  -1.47686623e-03]
 [ 1.48093903e+02  3.89742508e+01  2.17983124e+02  1.00671715e+02
   4.21170193e-01]
 [ 4.85660095e+02  5.78320770e+01  5.37718101e+02  7.86792604e+01
   5.68642952e-03]
 [ 4.93109314e+02  9.30800552e+01  5.30590271e+02  1.14348503e+02
  -9.61726096e-03]
 [ 2.89321431e+01  9.00885083e+01  8.09600677e+01  1.22785789e+02
   2.53959851e-01]
 [ 4.37861938e+02  6.50133057e+01  4.79947754e+02  8.23187408e+01
   4.02220044e-03]
 [ 4.42748016e+02  9.30206146e+01  4.90655365e+02  1.14844742e+02
  -4.60019668e-04]]