[[-1.04581633e+01  3.16733501e+01  1.68490650e+02  5.15760261e+01
  -2.35536413e-01]
 [-8.93719482e+00  1.03736458e+02  1.94821548e+02  1.39025696e+02
  -1.71998526e-01]
 [-1.82492324e+00  1.83285340e+02  1.80651866e+02  2.48261291e+02
  -6.94554569e-02]
 [ 4.40785639e+00  2.59346160e+02  1.44658761e+02  3.30318147e+02
   5.00329993e-02]
 [ 2.47969040e+02  2.14780853e+02  3.03039001e+02  2.33181671e+02
  -7.82111885e-02]
 [ 4.00036049e+00  3.69808411e+02  3.00187435e+01  3.92523438e+02
   1.54805092e-04]
 [ 4.33168442e+01  3.76613891e+02  9.35225380e+01  4.01195740e+02
   1.35721672e-01]
 [ 1.08456352e+02  3.79093687e+02  1.38817924e+02  4.07381289e+02
   1.08196509e-01]]