[[ 4.89882520e+02  1.54141408e+02  5.46878100e+02  1.65810466e+02
  -9.19254025e-02]
 [ 4.91946777e+02  1.82037598e+02  5.34674316e+02  1.97831451e+02
  -5.63215939e-02]
 [ 8.19846289e+01  1.26876459e+02  1.85693531e+02  1.36766570e+02
  -2.53084558e-01]
 [ 2.89425354e+02  1.80518738e+02  3.45483826e+02  1.77035370e+02
  -4.94260554e-01]
 [ 4.83515625e+02  2.33602829e+02  5.23604614e+02  2.48407455e+02
   2.25826482e-03]
 [ 9.94480286e+01  3.94081451e+02  9.36701050e+01  4.37134979e+02
   7.52683162e-01]
 [ 3.94665430e+01  5.45524386e+01  1.37883795e+02  6.67439176e+01
  -2.92953686e-01]
 [ 1.52057707e+02  2.67026373e+01  1.85646059e+02  3.91807550e+01
  -2.99083685e-01]
 [ 6.47843105e+01  1.09792238e+02  1.68429282e+02  1.04914366e+02
  -2.70492613e-01]
 [ 3.75905685e+01  1.77096313e+02  2.09082310e+02  1.72317933e+02
  -2.52038285e-01]]