[[ 3.09597572e+02  3.40453674e+02  6.01977966e+02  4.16619690e+02
   2.48549717e-02]
 [ 5.12023926e+02  2.72395844e+02  5.74944946e+02  3.06805878e+02
   5.41815067e-03]
 [ 3.35464233e+02  1.27935028e+01  5.56893642e+02  6.42689209e+01
   6.97604893e-04]
 [ 6.43039780e+01  2.86844574e+02  3.14480194e+02  3.15238129e+02
  -2.87894400e-02]
 [ 3.72737366e+02  2.80194672e+02  4.24808655e+02  3.11006439e+02
  -2.87013980e-02]
 [ 1.88906006e+02  4.29677917e+02  2.60130066e+02  4.45392517e+02
  -9.76513426e-03]
 [ 2.82699951e+02  4.28223358e+02  3.26716919e+02  4.44742096e+02
  -9.76638556e-03]
 [ 3.46176819e+02  4.28957367e+02  4.08195618e+02  4.44248444e+02
  -4.53315699e-03]
 [ 4.23850403e+02  4.27338196e+02  5.69076538e+02  4.44487671e+02
   5.49670369e-03]
 [ 4.42879639e+02  7.69835587e+01  5.60200262e+02  1.04544960e+02
   9.59343699e-03]
 [ 4.44056946e+02  1.17200272e+02  6.01199524e+02  1.48114914e+02
   1.37695671e-02]]