[[ 3.27715647e+00  1.31780579e+02  5.60690922e+01  1.41014709e+02
  -2.29193539e-01]
 [ 4.44411133e+02  2.18593811e+02  4.97633423e+02  2.38322723e+02
   8.02925573e-03]
 [ 5.11115389e+02  2.24568069e+02  5.46294645e+02  2.37566025e+02
   8.60889161e-03]
 [ 4.43280374e+02  2.51020812e+02  5.58154166e+02  2.81873416e+02
   6.37463245e-02]
 [ 4.14859603e+02  2.86537012e+02  5.45012955e+02  4.19999609e+02
   3.66952494e-01]
 [ 1.21588066e+02  2.80183685e+02  1.59791902e+02  2.85318454e+02
  -4.48540727e-01]
 [ 5.49539062e+02  1.81441162e+02  5.96546753e+02  2.02379150e+02
  -2.06218591e-01]
 [ 3.84989052e+01  1.48653290e+02  5.97051353e+01  1.87647644e+02
  -2.68574342e-03]
 [ 2.67326233e+02  2.27619080e+02  3.43595886e+02  2.77149841e+02
   3.63071244e-01]]