[[ 1.68911209e+02  1.88450741e+01  5.16117340e+02  7.09760433e+01
  -1.40045130e-02]
 [ 2.48967322e+02  1.25323075e+02  4.73256784e+02  1.63728500e+02
  -6.45321510e-02]
 [ 5.28435126e+02  4.00680169e+00  5.92107110e+02  2.12547773e+01
  -4.50757054e-02]
 [ 5.28154201e+02  3.33966273e+01  5.73858251e+02  5.89189091e+01
   5.63238479e-02]
 [ 5.27707275e+02  6.22178574e+01  5.90330688e+02  9.40442581e+01
   9.15066983e-02]
 [ 5.22465887e+02  9.64616457e+01  5.90203791e+02  1.22756143e+02
   2.46131555e-02]
 [ 5.21691589e+02  1.32109009e+02  5.80522400e+02  1.61326996e+02
   4.69730781e-02]
 [ 9.40440153e+01  3.58595093e+02  1.87538657e+02  3.90254211e+02
  -2.63855380e-02]
 [ 2.07427612e+02  3.49552673e+02  2.43338379e+02  3.68184326e+02
  -1.36789044e-01]
 [ 2.60834167e+02  3.40863525e+02  3.95606140e+02  3.54567322e+02
  -1.36260527e-01]
 [ 9.36103132e+01  4.04743745e+02  2.43983742e+02  4.15935027e+02
  -1.51393880e-01]]