[[ 4.44582516e+02  2.33650574e+02  5.43436157e+02  2.58735474e+02
   2.86065100e-03]
 [ 2.33992468e+02  2.13774747e+02  3.18663889e+02  2.65218568e+02
   1.05025091e-01]
 [ 6.45929644e+01  2.00482437e+02  1.75870369e+02  2.30104599e+02
   2.26117008e-02]
 [ 2.39061127e+01  9.75076904e+01  2.69708707e+02  3.45537425e+01
  -3.61957191e-01]
 [ 2.82563384e+02  1.36982580e+01  2.99515535e+02  1.09969649e+01
  -3.55262122e-01]
 [ 5.08718994e+02  1.38511475e+02  5.61854004e+02  1.61884338e+02
   1.74707594e-01]
 [ 4.88533054e+02  1.60458903e+02  5.66620510e+02  1.93863515e+02
   1.78186078e-01]
 [ 1.86152481e+02  1.26110821e+02  2.05720230e+02  1.56633015e+02
  -9.01996011e-03]
 [ 2.24728391e+02  1.21513222e+02  3.15581974e+02  1.40509216e+02
  -1.33074965e-01]
 [ 2.55298607e+02  1.92558670e+02  3.48386528e+02  2.26485520e+02
   2.18449545e-02]
 [ 4.43553223e+02  1.33995483e+02  4.93802979e+02  1.58725281e+02
   1.77377679e-01]]