[[ 4.95840607e+02  2.06589460e+02  5.26764893e+02  2.19345078e+02
  -3.17294056e-02]
 [ 4.85133026e+02  2.31007980e+02  5.20045410e+02  2.44022079e+02
  -2.90261103e-03]
 [ 4.84276667e+02  2.55032562e+02  5.21706487e+02  2.68613434e+02
   1.05207459e-02]
 [ 3.14972778e+02  4.53632965e+01  5.02963623e+02  9.55827026e+01
   6.24889838e-02]
 [ 1.65522232e+02  2.97051727e+02  2.03697495e+02  2.79268707e+02
  -1.00215428e+00]
 [ 1.93009155e+02  3.23086151e+02  2.29301666e+02  3.31696198e+02
  -6.21325725e-01]
 [ 3.88093077e+02  1.08477417e+02  4.51040834e+02  1.43414414e+02
   1.15825818e-01]]