[[ 1.23303711e+02  1.98614990e+02  3.52355103e+02  2.10058167e+02
  -1.92082370e-01]
 [ 1.12624842e+02  3.16939453e+02  2.29782684e+02  3.78708008e+02
   2.00286970e-02]
 [ 2.71703115e+02  3.20383636e+02  3.73508677e+02  3.82573700e+02
   4.26405533e-02]
 [ 4.11179468e+02  3.30694854e+02  4.62171118e+02  3.86106293e+02
   7.01470504e-02]
 [ 2.94637386e+02  1.53120985e+01  3.63030826e+02  4.75426154e+01
  -5.44396168e-01]
 [ 3.83735718e+02  6.79023552e+00  4.90623474e+02  3.19219570e+01
  -3.34273896e-02]
 [ 5.03344177e+02  1.23128157e+01  5.77354553e+02  3.96895561e+01
  -1.27326695e-02]
 [ 3.13038935e+02  2.49868158e+02  4.69615301e+02  3.28731329e+02
   1.66268212e-01]]