[[ 2.41486237e+02  3.62908478e+01  3.34180267e+02  1.01982590e+02
   2.68243801e-01]
 [ 3.68576406e+02  1.00955341e+01  4.44538951e+02  4.81435406e+01
   1.11570863e-01]
 [ 4.61161621e+02  1.58684921e+01  5.24489441e+02  4.99436417e+01
   2.27506483e-02]
 [ 2.18010418e+02  1.23155301e+02  2.42573994e+02  1.60088199e+02
   6.89257597e-01]
 [ 1.94808548e+02  1.41062195e+02  2.19459457e+02  1.85167572e+02
   6.91545186e-01]
 [ 6.66057008e+01  8.11075819e+00  2.02752118e+02  4.68461071e+01
  -3.02604265e-02]
 [ 7.28455421e+01  6.42176209e+01  1.46740174e+02  1.06971863e+02
  -3.88482628e-02]
 [ 2.74390907e+01  1.59951690e+02  1.64560762e+02  2.62502290e+02
   9.34636915e-02]
 [ 2.73796082e+00  3.00396881e+02  1.36622894e+02  3.80493927e+02
   3.84902738e-02]
 [ 3.53521210e+02  2.07930328e+02  5.02670319e+02  4.15717621e+02
   4.71698721e-01]
 [ 2.09598711e+01  1.10540215e+02  1.52448126e+02  1.27233223e+02
  -4.68455167e-02]
 [ 1.55519925e+02  3.20765015e+02  3.03071323e+02  3.77281922e+02
   4.25563461e-02]
 [ 3.62885116e+02  1.89876738e+02  5.60435654e+02  2.40000432e+02
   1.11870941e-01]
 [ 4.25885844e+02  2.27582151e+02  5.23179005e+02  2.65413397e+02
   1.23851350e-01]]