[[ 3.09018400e-01  1.02238598e+01  2.48945268e+01  1.90270596e+01
   7.07585137e-04]
 [ 3.64348578e+01  6.93403922e+00  5.65282464e+01  1.90494422e+01
  -4.18924405e-02]
 [ 6.92417214e+01  7.27762604e+00  1.03372094e+02  2.29989090e+01
   9.18013320e-04]
 [ 2.48115877e+00  2.97076912e+01  3.24947259e+01  4.23474388e+01
   1.28554831e-03]
 [ 4.50291290e+01  2.97623825e+01  7.14316940e+01  4.24239502e+01
   1.28538865e-03]
 [ 8.22698901e+01  2.98102569e+01  1.20800453e+02  4.25209580e+01
   1.28532649e-03]
 [ 1.33551224e+02  2.98761749e+01  1.62923691e+02  4.26037216e+01
   1.28529095e-03]
 [ 3.71684472e+00  5.28448029e+01  5.77144349e+01  6.93537598e+01
   3.41669827e-03]
 [ 6.90666504e+01  5.30518036e+01  1.29857300e+02  6.65813065e+01
  -1.63974630e-02]
 [ 1.40701263e+02  5.32335587e+01  1.61571564e+02  6.77823639e+01
   2.53727836e-03]
 [ 4.91948542e+00  7.96518707e+01  4.56615836e+01  8.83723755e+01
   3.98305265e-03]
 [ 5.52329559e+01  7.60368500e+01  6.95512957e+01  8.84785309e+01
   3.77826069e-03]
 [ 8.10894302e+01  7.66828766e+01  1.00884630e+02  8.86177673e+01
  -3.33764037e-02]
 [ 1.47137984e+02  1.84756897e+02  2.17433031e+02  1.87450897e+02
  -2.52708215e-01]
 [ 3.26960541e+02  3.42955078e+02  3.95842682e+02  3.75875793e+02
  -6.07029800e-02]
 [ 3.76863366e+02  4.90561210e+01  4.57451515e+02  8.40512398e+01
   1.11226670e-01]
 [ 1.76753052e+02  2.54786148e+02  2.61167267e+02  2.73882080e+02
  -2.12684582e-01]
 [ 3.97694797e+02  1.31020405e+02  4.04429287e+02  1.58682232e+02
   2.83027527e-01]
 [ 4.29824495e+02  1.35653270e+02  4.37062285e+02  1.60843007e+02
   2.77204168e-01]
 [ 1.38821060e+02  1.71026703e+02  1.83986923e+02  1.77329254e+02
  -2.41568760e-01]
 [ 3.17934294e+02  3.68633973e+02  3.85903170e+02  4.00564635e+02
  -3.72213276e-02]]