[[ 3.19396973e+02  2.36473602e+02  5.01646667e+02  3.52836212e+02
   3.55806846e-01]
 [ 5.57074527e+02  3.35096714e+02  5.77341001e+02  3.72363247e+02
   1.06242423e-01]
 [ 4.11828247e+02  7.05121841e+01  5.81353882e+02  1.41208862e+02
  -7.17504184e-02]
 [ 1.42599240e+02  6.01130336e+01  1.69159305e+02  1.48375003e+02
   8.79135090e-01]
 [ 1.11972336e+02  1.14852310e+02  1.37592514e+02  2.06727890e+02
   9.23653838e-01]
 [ 9.59035091e+01  1.80284604e+02  1.03544434e+02  2.73019897e+02
   1.15054165e+00]
 [ 7.73122899e+00  9.65235686e+01  6.37028549e+01  1.06189292e+02
  -2.94503497e-01]
 [-6.07078752e+00  1.39258590e+02  7.55336075e+01  1.50894119e+02
  -2.20093088e-01]
 [-1.71434402e+00  1.78577835e+02  7.22995758e+01  2.01200851e+02
  -9.98099689e-02]
 [ 8.20464002e+01  3.58055728e+01  1.21503984e+02  4.81437299e+01
  -1.54190664e-01]
 [ 1.12183884e+02  2.86315887e+02  1.60791916e+02  2.83460175e+02
  -4.97558834e-01]
 [ 3.85705504e+02  3.17043274e+02  5.25536316e+02  4.53385254e+02
   3.57471673e-01]]