[[ 1.61751374e+02  1.21652725e+02  2.63217285e+02  1.20397644e+02
  -3.03867809e-01]
 [ 2.72580370e+02  7.67565044e+01  3.54473157e+02  8.79665791e+01
  -3.13218581e-01]
 [ 3.62910307e+02  4.89486032e+01  4.01992159e+02  7.23555961e+01
  -3.01933923e-01]
 [ 4.08648499e+02  3.49280014e+01  4.62255493e+02  5.19503098e+01
  -2.95077146e-01]
 [ 4.69424805e+02  1.65757675e+01  5.08927002e+02  3.72086372e+01
  -2.69959064e-01]
 [ 4.45036011e+02  1.32193145e+02  4.70094971e+02  1.63129487e+02
   1.44896125e-02]
 [ 1.48952911e+02  1.63736084e+02  2.53183044e+02  1.49869934e+02
  -3.29003573e-01]
 [ 2.67766357e+02  1.20394379e+02  3.15472046e+02  1.26402298e+02
  -3.29951360e-01]
 [ 3.28577870e+02  1.02669270e+02  3.61654247e+02  1.09750545e+02
  -3.32601740e-01]
 [ 3.73138177e+02  8.72766058e+01  4.16412421e+02  8.93125208e+01
  -3.32601555e-01]
 [ 4.26047180e+02  6.77586594e+01  5.38900330e+02  4.74679413e+01
  -3.24669619e-01]]