[[ 2.57797060e+02  2.40217988e+02  3.49859068e+02  2.48445586e+02
  -3.96072359e-02]
 [ 2.50847214e+02  2.66382874e+02  3.27772766e+02  2.82878418e+02
  -3.67885995e-02]
 [ 1.66520096e+02  1.28573181e+02  2.10130295e+02  1.57152466e+02
  -4.57265751e-01]
 [ 3.47918323e+02  3.47212921e+02  4.49322461e+02  3.78219391e+02
  -9.50269265e-03]
 [ 1.90952708e+02  1.98781952e+02  2.41434957e+02  2.20287750e+02
   2.83276875e-02]
 [ 1.62012085e+02  1.49467682e+02  1.95056000e+02  1.65989166e+02
  -5.96877049e-02]]