[[ 2.56240143e+02  1.93651505e+02  2.80111176e+02  2.55942001e+02
   8.74589480e-01]
 [ 2.99718536e+02  2.48760162e+02  2.98070953e+02  2.77429535e+02
   6.09325660e-01]
 [ 3.32309329e+02  1.30618308e+02  3.75981687e+02  1.38622903e+02
  -2.40086785e-01]
 [ 3.33863312e+02  1.61700104e+02  3.96635956e+02  1.67537476e+02
  -2.09707912e-01]
 [ 4.15341064e+02  3.95894897e+02  5.60281494e+02  4.45654236e+02
   9.46855886e-02]
 [ 4.09197535e+02  4.48985866e+02  4.78317235e+02  4.94069859e+02
   1.10979196e-01]
 [ 4.12322968e+02  2.83808105e+02  5.02160492e+02  2.35313904e+02
  -8.63472514e-01]
 [ 4.36114990e+02  3.35796326e+02  5.45115295e+02  3.05156860e+02
  -6.99759642e-01]
 [ 3.67877380e+02  4.16429758e+00  3.96950806e+02  1.52543354e+01
  -1.44739764e-03]
 [ 4.07769629e+02  3.87824192e+00  4.54634668e+02  1.63110548e+01
   2.37775091e-02]
 [ 4.66526914e+02  4.13802385e+00  4.96826235e+02  1.58261261e+01
  -2.66354001e-04]
 [ 5.07312191e+02  4.12716199e+00  5.29068791e+02  1.50631151e+01
  -1.44730738e-03]
 [ 5.38850709e+02  6.15190038e+00  5.66260130e+02  1.50092858e+01
  -1.44733326e-03]
 [ 3.71153965e+02  2.44961069e+01  4.26723232e+02  3.41112731e+01
  -6.34065091e-02]
 [ 4.37688232e+02  2.43348083e+01  4.87795471e+02  3.41781235e+01
  -2.42409901e-03]
 [ 4.97123356e+02  2.41907292e+01  5.66421536e+02  3.39032440e+01
  -2.42424889e-03]
 [ 3.74025963e+02  4.11379242e+01  4.43538551e+02  5.26280059e+01
  -5.45164193e-03]
 [ 4.55932800e+02  4.07946053e+01  4.94430786e+02  5.23505669e+01
  -5.45154993e-03]
 [ 3.75633606e+02  5.97801628e+01  5.17195618e+02  7.34043579e+01
  -6.17181706e-03]
 [ 3.78964386e+02  8.29328690e+01  4.22141327e+02  9.28385391e+01
  -9.72920637e-03]
 [ 4.31864998e+02  8.24761736e+01  4.53389274e+02  9.49234541e+01
  -9.98520646e-03]
 [ 4.65559692e+02  8.21852798e+01  4.89999390e+02  9.21782761e+01
  -9.72977578e-03]
 [ 3.81422333e+02  1.03735863e+02  4.58057404e+02  1.14390266e+02
  -1.08451906e-02]
 [ 4.67555450e+02  1.02801682e+02  5.05726898e+02  1.12930450e+02
  -1.19795720e-02]
 [ 5.15668152e+02  1.02279884e+02  5.27496155e+02  1.12669640e+02
  -2.22449407e-01]
 [ 5.38138083e+02  1.02036171e+02  5.93136209e+02  1.12733848e+02
  -1.08450817e-02]
 [ 3.32807312e+02  3.68866364e+02  4.70195190e+02  3.99576813e+02
  -1.48039449e-02]
 [ 3.29890336e+02  4.06332121e+02  3.93816695e+02  4.45188203e+02
   1.09033703e-01]]