[[ 6.16279694e+01  2.31002792e+02  1.89518141e+02  3.54913147e+02
  -4.12515089e-03]
 [ 8.05959392e+01  3.85601616e+01  2.31797760e+02  1.03654343e+02
  -2.02656635e-03]
 [ 3.83727875e+01  4.08345764e+02  1.69716537e+02  4.36075378e+02
  -1.34257518e-02]
 [ 2.23212232e+02  2.30647752e+02  4.77527452e+02  2.69327758e+02
  -4.32765008e-02]
 [ 1.30931389e+02  1.01924828e+02  2.14703316e+02  1.40864593e+02
  -2.73030770e-03]
 [-1.80480251e+00  3.54704894e+02  1.32269989e+02  3.94487793e+02
  -4.21241465e-02]]