[[ 2.62462880e+02  2.32565306e+02  4.09763072e+02  3.10016237e+02
   1.13967284e-01]
 [ 2.19680287e+02  1.31484145e+02  2.46406139e+02  1.47974107e+02
   6.94949306e-02]
 [ 2.56175738e+02  1.38693862e+02  2.78730878e+02  1.50224137e+02
   6.94945102e-02]
 [ 2.90067999e+02  1.34346143e+02  4.41148310e+02  1.71488909e+02
   1.04341984e-01]
 [ 2.14188744e+02  1.63890884e+02  3.98011146e+02  1.97755417e+02
   5.46877031e-02]
 [ 4.80489847e+02  1.45472005e+00  5.62716452e+02  5.83961959e+01
   3.29066118e-01]
 [ 3.14723122e+01  2.13879821e+02  1.10650828e+02  2.86345566e+02
   4.79256285e-01]
 [ 5.49943050e+01  1.11825912e+02  2.03831382e+02  1.45705643e+02
   6.92500267e-02]
 [ 4.00078705e+02  2.12886261e+02  5.18715340e+02  2.15849131e+02
  -4.08220562e-01]]