[[ 2.67903274e+00  3.52424285e+02  7.23778152e+01  3.37754181e+02
  -5.60964011e-01]
 [ 1.36544563e+01  3.90100103e+02  8.54781121e+01  3.75207636e+02
  -5.78964941e-01]
 [ 1.43354858e+02  3.13612427e+02  2.21001038e+02  3.67671082e+02
   3.19602943e-01]
 [-4.91555023e+00  3.13433876e+01  1.81747253e+02  4.86718864e+01
  -2.23630698e-01]
 [ 6.02129541e+00  1.15410995e+02  7.15391962e+01  1.65086105e+02
   2.24388393e-02]
 [ 4.13999939e+00  4.27096619e+02  8.03535233e+01  3.98346924e+02
  -5.83649531e-01]
 [ 1.50970306e+01  4.64439850e+02  9.45074463e+01  4.35233368e+02
  -5.94534341e-01]
 [ 1.37114059e+02  3.42862457e+02  1.72265274e+02  3.80966095e+02
   3.68728583e-01]
 [ 8.10097885e+01  6.96033173e+01  2.23062683e+02  1.44449753e+02
  -2.40367116e-02]
 [ 2.56955969e+02  4.23951651e+01  3.95625391e+02  1.40301147e+02
  -2.40365776e-02]]