[[ 4.19799241e+02  2.27190523e+02  4.64541030e+02  2.44382719e+02
  -1.33664227e-01]
 [ 1.08999176e+02  2.31452933e+02  1.21218799e+02  2.71729810e+02
   8.85938110e-01]
 [ 2.37701355e+02  2.62727997e+02  3.69262695e+02  3.34707672e+02
   3.25277584e-01]
 [ 2.12772949e+02  2.90709869e+02  2.58646424e+02  3.29353363e+02
   2.94125964e-01]
 [ 2.80141925e+02  3.10474880e+02  3.64142498e+02  3.61309360e+02
   2.94124134e-01]
 [ 2.33448303e+02  1.36011276e+01  3.36930115e+02  5.07269135e+01
  -1.06192556e-03]
 [ 3.56660736e+02  1.35491190e+01  3.90410858e+02  5.06701346e+01
  -1.89643197e-02]
 [ 4.10640442e+02  1.44579315e+01  5.02779236e+02  5.05507965e+01
  -1.06193945e-03]
 [ 2.54700867e+02  7.72575912e+01  2.79510315e+02  1.12646675e+02
  -1.55742183e-03]
 [ 2.99072937e+02  7.52872925e+01  3.20046692e+02  1.12523743e+02
  -5.91406743e-03]
 [ 3.41319718e+02  7.52536240e+01  4.27450424e+02  1.12258064e+02
  -2.47346900e-03]
 [ 4.47618317e+02  7.50463385e+01  4.73599579e+02  1.12143908e+02
  -3.88942985e-02]
 [ 4.92374390e+02  7.49737625e+01  5.29437134e+02  1.12005806e+02
  -4.88203225e-02]
 [ 2.11116382e+02  1.38096558e+02  2.83680066e+02  1.76176056e+02
  -3.92440268e-03]
 [ 3.03447028e+02  1.37788162e+02  3.80725397e+02  1.75795151e+02
  -3.92467508e-03]
 [ 3.98610779e+02  1.36503922e+02  4.50532532e+02  1.75521225e+02
  -3.92433882e-03]
 [ 4.70002869e+02  1.37841278e+02  5.70812195e+02  1.81402710e+02
  -2.16476720e-02]
 [ 3.93773224e+02  2.59659058e+02  4.74121124e+02  2.68771118e+02
  -1.68908220e-01]
 [ 3.99350392e+02  2.93281283e+02  4.43897350e+02  3.01962675e+02
  -1.78293876e-01]
 [ 1.10456080e+02  2.57496209e+02  1.52952364e+02  3.52674686e+02
   9.22794186e-01]
 [ 1.64376417e+02  2.06571833e+02  2.55709124e+02  2.62836797e+02
   2.80454375e-01]
 [ 2.93008545e+02  2.43466003e+02  3.28369202e+02  2.95553162e+02
   2.72177665e-01]]