[[ 4.32332961e+02  4.20785523e+02  4.96833970e+02  4.33666930e+02
  -5.54885643e-02]
 [ 2.50434707e+02  1.21374320e+01  3.05563600e+02  3.64385987e+01
   3.31002855e-03]
 [ 2.31907758e+02  4.55958618e+01  2.89954363e+02  7.78150497e+01
   8.65750932e-02]
 [ 2.11944722e+02  8.43392701e+01  2.91947510e+02  1.24726982e+02
   1.39050113e-01]
 [ 3.70853276e+01  4.25581787e+02  8.41201019e+01  4.37857727e+02
  -1.30602352e-02]
 [ 3.12634342e+02  3.51488921e+02  3.57829953e+02  3.71726533e+02
   3.31088344e-02]
 [ 4.07132793e+02  3.50748229e+02  5.98325397e+02  3.80427125e+02
   3.36903901e-02]
 [ 4.59286372e+02  4.29247407e+02  4.88600774e+02  4.48712188e+02
  -1.55024475e-01]
 [ 5.04004469e+02  4.23371615e+02  5.88749438e+02  4.38786832e+02
  -5.47965137e-02]
 [ 1.63198772e+02  1.03801940e+02  2.28996724e+02  1.40844544e+02
   1.68869152e-01]
 [ 2.69405029e+02  3.19567261e+02  4.68868469e+02  3.47740784e+02
   2.76198338e-02]]