[[ 3.39407527e+02  2.48024505e+02  4.29260930e+02  3.19219575e+02
   2.07978970e-01]
 [ 8.44044766e+01  2.15195374e+02  2.54892063e+02  2.78333679e+02
   2.86172698e-03]
 [ 1.35797272e+02  1.54946365e+01  2.75455536e+02  5.76564865e+01
   2.21084317e-03]
 [ 4.44690894e+02  1.04803871e+01  5.95776147e+02  4.22421967e+01
   6.31943951e-02]
 [ 4.47571773e+02  5.06897735e+01  5.21894444e+02  6.80555579e+01
   1.84068341e-02]
 [ 4.50821279e+02  7.92769924e+01  5.25324890e+02  1.06853790e+02
   3.92759978e-02]
 [ 4.54527588e+02  1.19117966e+02  5.58936595e+02  1.52047196e+02
   5.57689537e-02]
 [ 3.17198028e+02  2.11911229e+02  3.37981659e+02  2.34430446e+02
  -1.31259871e-02]
 [ 3.55295532e+02  2.11238525e+02  4.45005554e+02  2.33025574e+02
  -1.31256580e-02]
 [ 3.16337585e+02  2.44880310e+02  3.61063782e+02  2.69520020e+02
  -7.76558336e-03]
 [ 1.92770695e+01  2.51232544e+02  2.09259800e+02  3.21069031e+02
   9.90427150e-04]
 [ 5.05352173e+01  2.97256737e+01  1.41532715e+02  5.99704018e+01
   1.64694127e-02]
 [ 4.86291365e+01  7.03891679e+01  1.62765444e+02  9.48545303e+01
  -2.87676714e-02]]