[[2.25031497e+01 3.41431421e+00 8.84202359e+01 2.21587620e+01
  5.00971323e-02]
 [1.68641663e+00 5.45217834e+02 3.91465302e+01 5.79215759e+02
  5.21292607e-01]
 [4.32458091e+00 5.66178820e+02 4.02193177e+01 5.99027235e+02
  5.26762726e-01]
 [4.06437592e+02 4.79183289e+02 4.72806427e+02 5.19728882e+02
  5.13645116e-02]
 [4.09606628e+02 5.40623047e+02 4.76543152e+02 5.76534424e+02
  6.03475654e-02]
 [5.13191078e+02 5.46881468e+02 5.82111145e+02 5.84137207e+02
  6.03470696e-02]
 [3.14099614e+00 2.35098265e+01 6.30341357e+01 4.95745851e+01
  5.41467316e-02]
 [3.22688569e+00 5.08504943e+01 5.11865903e+01 7.11495057e+01
  4.82483582e-02]
 [4.26539185e+02 4.14065033e+02 5.76022644e+02 4.66255341e+02
  5.95068673e-02]]