[[ 4.21146784e+02  3.21665604e+02  4.51918890e+02  3.46582871e+02
  -3.71964950e-01]
 [ 4.46074188e+02  2.85451508e+02  4.88216217e+02  3.13391998e+02
  -4.00609646e-01]
 [ 4.84193848e+02  2.51149887e+02  5.20049320e+02  2.75016608e+02
  -4.75501485e-01]
 [ 3.26177908e+02  1.23060336e+02  3.76950022e+02  1.27163221e+02
  -2.50213491e-01]
 [ 3.26377726e+02  1.53431157e+02  3.71686666e+02  1.61273097e+02
  -2.20356112e-01]
 [ 3.26735840e+02  1.85320770e+02  3.74970947e+02  1.94615753e+02
  -1.88971160e-01]
 [ 3.99967620e+02  3.55388794e+02  4.76888093e+02  4.08225098e+02
   6.90040507e-02]
 [ 3.89368435e+02  4.40183532e+02  4.89786533e+02  5.13113160e+02
   1.19922183e-01]
 [ 1.56384332e+02  3.03708343e+02  2.64336508e+02  3.61592621e+02
   9.19648178e-03]
 [ 2.43838590e+02  1.74512113e+02  2.78550692e+02  2.67382968e+02
   8.62896885e-01]
 [ 4.13917084e+02  1.91550934e+02  4.25544708e+02  2.30872772e+02
   8.18923736e-01]
 [ 3.73011106e+02  3.20320193e+02  5.00692263e+02  2.41641172e+02
  -8.31689634e-01]
 [ 3.87200806e+02  1.66551315e+02  4.28170471e+02  1.76238022e+02
  -1.65099050e-01]
 [ 2.81543692e+02  1.21175319e+02  2.97958383e+02  1.43530522e+02
   4.57399438e-01]
 [ 3.12788910e+02  1.36554626e+02  3.24349335e+02  1.55393341e+02
   4.52045109e-01]
 [ 2.75125243e+02  1.40939575e+02  3.03409059e+02  1.73727601e+02
   4.48271970e-01]
 [ 2.66218536e+02  1.65158783e+02  3.10566986e+02  1.96674164e+02
   4.32411363e-01]]