[[ 4.14098358e+02  2.16541779e+02  5.16342677e+02  2.26450593e+02
  -1.94552132e-01]
 [ 4.13322077e+02  2.50042390e+02  5.19627264e+02  2.53651946e+02
  -1.84393904e-01]
 [ 4.81868006e+01  1.91877251e+01  1.68344285e+02  6.32894554e+01
  -3.38787761e-04]
 [ 4.18908538e+01  8.23910217e+01  1.21303391e+02  1.27662781e+02
  -1.77376634e-03]
 [ 1.51009201e+02  8.21974716e+01  2.48066635e+02  1.27325432e+02
  -1.77374021e-03]
 [ 1.04133600e+02  2.52428705e+02  1.52389810e+02  3.38708201e+02
   8.24338726e-01]
 [ 2.12180638e+02  2.96541917e+02  2.14275264e+02  3.20620803e+02
   2.81217237e-01]
 [ 2.35975525e+02  3.08281158e+02  2.68068420e+02  3.36973358e+02
   2.95111880e-01]
 [ 2.90086678e+02  3.24561035e+02  3.00334159e+02  3.46781738e+02
   2.69482183e-01]
 [ 3.25167318e+02  3.29006131e+02  3.51840373e+02  3.62439059e+02
   2.95111717e-01]
 [ 2.20354401e+02  4.51370929e+00  3.68075226e+02  5.19209411e+01
   2.38109194e-02]
 [ 3.96930084e+02  6.19001055e+00  4.28156891e+02  4.78262820e+01
  -2.80764453e-02]
 [ 4.56521151e+02  8.02025316e+00  5.63890104e+02  6.21070662e+01
  -3.30844271e-02]
 [ 2.21358925e+02  3.86679382e+01  2.68718300e+02  8.20355301e+01
  -7.84133261e-04]
 [ 2.95944587e+02  3.82242428e+01  3.75568474e+02  8.23572697e+01
   1.72281444e-02]
 [ 4.01550415e+02  4.38965111e+01  5.67274231e+02  9.28485718e+01
  -6.30344290e-02]
 [ 2.50674375e+02  7.16321640e+01  3.76324282e+02  1.15273369e+02
  -2.53947419e-03]
 [ 4.03887989e+02  7.13617325e+01  5.00211193e+02  1.14958748e+02
  -2.53958796e-03]
 [ 5.26632641e+02  7.96397859e+01  5.84353199e+02  1.14745056e+02
  -2.53964077e-03]
 [ 2.51476898e+02  1.03062965e+02  3.86069672e+02  1.54271179e+02
  -2.25363919e-03]
 [ 4.13617047e+02  1.01237258e+02  5.69014587e+02  1.66300797e+02
   3.25588538e-02]
 [ 2.92469327e+02  2.70767058e+02  4.03673495e+02  3.44071198e+02
   2.97674188e-01]]