[[ 1.14628602e+02  7.87812980e+00  1.88995299e+02  2.84506051e+01
  -2.25095257e-02]
 [ 2.07880204e+02  7.33158573e+00  3.62497481e+02  2.45445038e+01
  -2.25095092e-02]
 [ 2.16048609e+01  4.86558729e+01  2.90590162e+02  6.05356554e+01
  -4.46056597e-02]
 [ 3.05639252e+02  3.44446564e+01  4.16062225e+02  5.86354675e+01
   1.95137497e-02]
 [ 3.17861479e+01  8.91663720e+01  3.02517883e+02  1.04252022e+02
  -7.16604795e-02]
 [ 3.14960205e+02  6.97132874e+01  3.80474243e+02  8.79721375e+01
  -8.31526774e-02]
 [ 3.88664878e+02  6.74074026e+01  4.59386696e+02  8.25209727e+01
  -6.41601808e-02]
 [ 1.81751221e+02  1.25345795e+02  4.04350952e+02  1.23309616e+02
  -1.65604066e-01]
 [ 1.42977112e+02  3.36622437e+02  2.56128754e+02  3.83660706e+02
   5.82752793e-02]
 [ 2.88001863e+02  3.44179746e+02  4.29826262e+02  3.99862429e+02
   8.22723811e-02]
 [ 3.51093397e+02  5.53565844e+00  4.20974413e+02  2.12684993e+01
  -4.65343095e-03]
 [ 4.32702271e+02  5.15589523e+00  5.15663208e+02  1.95883541e+01
  -4.65342764e-03]
 [ 5.22729270e+02  4.43835589e+00  5.93483987e+02  1.88966508e+01
   1.27878309e-02]
 [ 4.00096715e+02  4.03717509e+01  5.99562342e+02  5.02589712e+01
  -3.86867256e-02]
 [ 4.03165995e+02  2.33737087e+02  4.55793356e+02  2.62317997e+02
   1.81346688e-01]
 [ 3.09962525e+02  2.56892845e+02  3.28946837e+02  2.89630653e+02
   1.20444187e-01]
 [ 3.62954681e+02  2.54706879e+02  4.25103119e+02  3.01654327e+02
   1.24397954e-01]
 [ 4.52990268e+02  2.70198775e+02  4.78177517e+02  3.18618181e+02
   7.55496201e-02]
 [ 2.65688596e+02  2.94512909e+02  3.30122806e+02  3.41204804e+02
   6.55650226e-02]
 [ 3.59614288e+02  3.08814972e+02  4.68771271e+02  3.60963348e+02
   5.09645827e-02]]