[[ 2.27263763e+02  3.33487274e+02  2.86971710e+02  3.91329010e+02
   5.06421374e-01]
 [ 3.75479478e+02  3.30758351e+02  4.08158034e+02  4.19816051e+02
   6.39311719e-01]
 [ 2.85498199e+02  1.49173737e+02  3.61311005e+02  1.57482239e+02
  -1.89219327e-01]
 [ 2.80085815e+02  1.77391983e+02  3.53060242e+02  1.82346634e+02
  -2.01546883e-01]
 [ 2.76462594e+02  2.01792973e+02  3.36991935e+02  2.06180110e+02
  -2.12280209e-01]
 [ 2.73265073e+02  2.23253418e+02  3.30032717e+02  2.25878753e+02
  -2.21709421e-01]
 [ 2.70419281e+02  2.42275528e+02  3.23835846e+02  2.43504593e+02
  -2.30056138e-01]
 [ 2.67867882e+02  2.59253267e+02  3.24868141e+02  2.57773710e+02
  -2.37494992e-01]
 [ 2.65565979e+02  2.74500061e+02  3.19558472e+02  2.72155029e+02
  -2.44166076e-01]
 [ 4.89816487e+01  2.05640869e+01  9.65969150e+01  3.43568420e+01
  -7.48597082e-04]
 [ 1.13488694e+02  1.55413256e+01  1.87210341e+02  3.42662315e+01
  -9.13414265e-04]
 [ 2.12039246e+02  1.54825096e+01  3.27638550e+02  3.41379662e+01
  -9.13391163e-04]
 [ 3.88973938e+02  4.73343994e+02  5.25031921e+02  5.45061768e+02
  -3.07903377e-02]
 [ 4.23618393e+01  3.97980728e+01  8.84252397e+01  6.57386475e+01
   1.43983548e-01]
 [ 1.08273560e+02  4.27558975e+01  1.56006042e+02  6.44875183e+01
   8.61563395e-02]
 [ 3.25700722e+01  6.96909943e+01  7.24734039e+01  8.17302246e+01
  -1.33356322e-03]
 [ 8.61805384e+01  6.72437363e+01  1.26849460e+02  8.16441116e+01
  -1.47754407e-03]
 [ 1.40816605e+02  6.55969696e+01  2.13765121e+02  8.64273834e+01
  -1.53662717e-03]
 [ 2.30276993e+02  6.70503082e+01  2.53572647e+02  8.14608612e+01
  -1.30517249e-03]
 [ 2.69013763e+02  6.60534439e+01  3.13039703e+02  8.15366745e+01
  -2.97781069e-02]
 [ 2.74149975e+01  9.08540039e+01  5.39860474e+01  1.06010742e+02
  -1.58583079e-03]
 [ 6.77908783e+01  8.91413879e+01  1.37582260e+02  1.05858246e+02
  -1.76687922e-03]
 [ 1.51792935e+02  8.81790695e+01  2.00332706e+02  1.05747368e+02
  -1.76687376e-03]
 [ 2.14407440e+02  8.89068527e+01  2.59553741e+02  1.05642738e+02
  -1.76713516e-03]
 [ 2.76929932e+02  9.04635315e+01  3.15984131e+02  1.05543045e+02
  -1.76681992e-03]
 [ 1.42566109e+01  1.14013184e+02  1.07594151e+02  1.35037415e+02
  -2.57621001e-02]
 [ 1.23158371e+02  1.13654266e+02  1.75440750e+02  1.31245010e+02
  -2.07068912e-03]
 [ 1.89706592e+02  1.13527779e+02  2.77956799e+02  1.31945221e+02
  -1.85978718e-03]
 [ 1.23085895e+01  1.40318222e+02  8.34663544e+01  1.58224960e+02
  -2.66488302e-02]]