[[ 2.49683853e+02  3.78737339e+02  3.19467697e+02  3.95036098e+02
  -2.56563337e-01]
 [ 3.27388184e+02  3.58352020e+02  3.62478333e+02  3.85395660e+02
  -3.68718247e-01]
 [ 2.84847887e+02  4.06567660e+02  3.61202955e+02  4.24713468e+02
  -2.16370765e-01]
 [ 2.98260559e+02  4.39925415e+02  3.94573059e+02  4.57619446e+02
  -1.76902673e-01]
 [ 2.94103058e+02  4.82627014e+02  3.45642914e+02  5.00431885e+02
  -1.30372745e-01]
 [ 3.57002991e+02  4.66805939e+02  4.33336121e+02  4.91244965e+02
  -1.38257210e-01]
 [ 2.84176636e+02  5.08905701e+02  3.63633606e+02  5.33826477e+02
  -6.75235878e-02]
 [ 3.75181240e+02  4.99838840e+02  4.43245759e+02  5.28442502e+02
  -1.01808458e-01]
 [ 3.35763672e+02  5.38479492e+02  3.97964417e+02  5.66858765e+02
  -3.16973170e-02]
 [ 4.07364197e+02  5.33368896e+02  4.37649902e+02  5.65600464e+02
  -3.68319665e-01]
 [ 1.47273148e+02  3.11437988e+02  1.97789597e+02  3.45618164e+02
   2.76763080e-01]
 [ 1.34982681e+02  3.29852692e+02  1.92749069e+02  3.79405487e+02
   4.22040037e-01]
 [ 8.72242279e+01  3.00437927e+01  1.82732010e+02  1.45750366e+02
   4.19679887e-02]
 [ 9.97061310e+01  5.14483337e+02  1.31569931e+02  5.51827209e+02
   2.14426576e-01]
 [ 1.57033419e+02  1.40658382e+02  4.20575346e+02  2.69553654e+02
   1.42890291e-01]
 [ 9.14522528e+00  4.96542356e+02  5.97685020e+01  5.37010623e+02
   1.59803339e-01]]