[[ 4.52759399e+01  8.21038742e+01  1.08131866e+02  1.03455376e+02
  -1.49469694e-01]
 [ 2.22153625e+01  2.21042923e+02  2.10372345e+02  2.54057144e+02
  -8.63326744e-02]
 [ 1.63574905e+01  2.65098389e+02  8.62657089e+01  2.97441895e+02
  -6.75271426e-03]
 [ 1.09042145e+02  2.77073181e+02  1.60443359e+02  2.96940918e+02
  -6.75291341e-03]
 [ 3.65415020e+02  1.15328289e+02  4.77668353e+02  1.29207913e+02
  -1.68864888e-01]
 [ 3.69118257e+02  1.73191792e+02  4.41775175e+02  1.89902019e+02
  -1.38227853e-01]
 [ 3.62288425e+02  2.20344134e+02  4.73167265e+02  2.67061765e+02
  -9.28116788e-02]
 [ 1.64842000e+01  1.49048843e+02  8.02231545e+01  1.75368699e+02
   9.13885678e-02]
 [ 1.43383752e+00  6.14508867e+00  9.10357059e+01  2.92089615e+01
  -5.22448876e-03]
 [-3.48639967e+00  2.00854873e+02  3.23604012e+01  2.13920639e+02
  -9.26984359e-02]
 [ 4.43842520e+01  1.95474488e+02  8.75501314e+01  2.08789916e+02
  -9.26993868e-02]
 [ 3.65769287e+02  1.46865234e+02  4.51888977e+02  1.61464386e+02
  -1.53350550e-01]
 [ 4.71776337e+02  1.35948318e+02  4.98807770e+02  1.54212418e+02
  -1.65712155e-01]]