[[ 2.69517694e+02  1.99034653e+02  3.65792791e+02  2.48414322e+02
  -4.61162610e-02]
 [ 4.40546236e+02  2.16033565e+02  5.25213743e+02  2.75593331e+02
   1.39158283e-01]
 [ 1.99573820e+02  1.33109421e+02  2.79137331e+02  1.56501175e+02
  -1.01515813e-01]
 [ 4.25779478e+02  1.47296722e+02  4.59544679e+02  1.73255555e+02
   1.83668965e-01]
 [ 4.80695045e+02  1.57264721e+02  5.34426415e+02  1.87165791e+02
   1.77646786e-01]
 [ 3.01429807e+02  1.98793821e+01  3.77690737e+02  3.06046343e+01
  -3.59808935e-01]
 [ 1.19003948e+02  1.92847303e+02  1.68268048e+02  2.35502183e+02
   1.02319200e-01]
 [ 2.15489258e+02  2.12849182e+02  2.70043213e+02  2.31992188e+02
  -4.81122200e-02]
 [ 2.16939685e+02  2.45300812e+02  2.81627576e+02  2.68851348e+02
  -4.45314898e-02]
 [ 4.52611528e+02  2.09267777e+02  5.22424879e+02  2.26523788e+02
  -1.48284890e-02]
 [ 1.21577657e+02  1.34970673e+02  1.57035464e+02  1.49692444e+02
  -8.74334884e-02]
 [ 1.71191107e+02  1.27411057e+02  1.95356073e+02  1.45749222e+02
  -3.54691964e-03]
 [ 6.68288349e+01  1.89584457e+02  1.21378273e+02  2.20505875e+02
   5.97485930e-02]]