[[ 2.34046052e+01  1.27739837e+02  1.29968518e+02  2.33730255e+02
   1.52767909e-02]
 [ 1.95295715e+02  1.31651154e+02  2.55120605e+02  2.35936188e+02
   1.05471189e-02]
 [ 1.84635849e+01  2.70239441e+02  2.11525212e+02  3.77436462e+02
  -1.94132969e-04]
 [ 3.67983124e+02  1.65460968e+00  4.45290192e+02  3.30315170e+01
   5.81849600e-03]
 [ 4.68247742e+02  6.11558914e+00  5.79042175e+02  4.06999207e+01
   4.44626603e-02]
 [ 3.66696381e+02  5.40728989e+01  4.76557770e+02  8.23867416e+01
   3.19406874e-02]
 [ 3.66348141e+02  1.13647446e+02  4.37221623e+02  1.39199783e+02
   2.63014782e-02]
 [ 4.62349976e+02  1.09409607e+02  5.45835815e+02  1.41561386e+02
   2.24277340e-02]
 [ 3.66080383e+02  1.59453949e+02  4.26413025e+02  1.86376495e+02
   1.88715727e-02]
 [ 4.46745880e+02  1.60976425e+02  4.94271698e+02  1.86300034e+02
   1.48254206e-02]]