[[ 4.40889844e+01  3.66363434e+02  1.13130681e+02  3.88397125e+02
   7.36023563e-03]
 [ 2.01795703e+01  1.90189037e+01  5.81171063e+01  4.43566284e+01
  -5.97587043e-03]
 [ 8.22952837e+01  1.94073791e+01  1.55107590e+02  4.91422577e+01
   2.92305964e-04]
 [ 1.77980096e+02  1.82068044e+01  2.47615180e+02  4.05308837e+01
  -1.41547903e-02]
 [ 2.68704067e+02  1.82985554e+01  3.82472019e+02  3.86219024e+01
  -1.41548462e-02]
 [ 3.96786957e+02  1.73275757e+01  4.67390656e+02  3.74198151e+01
  -3.28711594e-02]
 [ 1.88392792e+02  3.71159210e+02  2.49645569e+02  3.94252350e+02
   6.39391014e-03]
 [ 2.91672272e+02  1.56220795e+02  3.88679474e+02  2.14127838e+02
   1.63754202e-01]
 [ 2.90026245e+02  2.21659393e+02  3.42715698e+02  2.62180176e+02
   6.08854266e-03]
 [ 3.71293556e+02  2.22363342e+02  4.44280663e+02  2.62798676e+02
   6.08922221e-03]
 [ 2.89537604e+02  2.88713409e+02  3.44272332e+02  3.34942108e+02
   3.06976090e-03]
 [ 3.70215346e+02  2.89062653e+02  4.47030077e+02  3.36577118e+02
   4.98024207e-03]
 [ 4.82112549e+02  4.30025787e+01  5.57964966e+02  4.42727356e+01
  -2.39901297e-01]
 [ 4.55355362e+02  7.19138289e+01  4.98962265e+02  8.28689927e+01
  -1.94873802e-01]
 [ 5.14816038e+02  5.83854030e+01  5.55724854e+02  7.16652525e+01
  -1.94875079e-01]
 [ 4.04888916e+01  3.39624329e+02  1.07652054e+02  3.69004639e+02
   7.09976803e-02]
 [ 1.82483292e+01  5.67388840e+01  9.04918594e+01  9.25098038e+01
  -3.09932404e-02]
 [ 1.05120392e+02  5.67831004e+01  1.65541176e+02  9.01830289e+01
  -3.09934284e-02]
 [ 1.56767731e+01  1.01855942e+02  2.24185287e+02  1.31951889e+02
  -4.64288825e-02]
 [ 2.37447982e+02  9.56558174e+01  3.00863617e+02  1.28389219e+02
  -7.32613556e-02]
 [ 3.02939819e+02  3.36331238e+02  3.72935425e+02  3.66651978e+02
  -3.88868832e-02]
 [ 3.97319260e+02  3.35165649e+02  5.08073196e+02  3.68246826e+02
   1.69924728e-03]
 [ 5.29256530e+02  3.35509915e+02  5.69122620e+02  3.66996432e+02
  -2.50857159e-01]
 [ 1.26041428e+02  3.15509125e+02  1.72187302e+02  3.13821075e+02
  -4.52895787e-01]
 [ 1.38224055e+02  3.40796328e+02  1.84334233e+02  3.38771543e+02
  -4.58891141e-01]]