[[ 1.33340775e+02  2.22863007e+01  2.04535721e+02  4.28531418e+01
  -1.91572906e-03]
 [ 2.27459730e+02  2.21131077e+01  3.24565905e+02  4.25960540e+01
  -2.05769962e-03]
 [ 3.46298492e+02  2.18783436e+01  3.80701508e+02  4.24805450e+01
  -2.05769593e-03]
 [ 1.51042990e+02  5.11752510e+01  2.95242715e+02  7.21349945e+01
  -2.25997062e-03]
 [ 3.14513367e+02  5.08222771e+01  3.31494934e+02  7.20530243e+01
  -1.93380856e-02]
 [ 1.72919769e+01  3.50190094e+02  5.81823883e+01  3.68823456e+02
  -5.20933073e-02]
 [ 2.53818932e+01  3.84812317e+02  7.67938232e+01  4.03524475e+02
  -2.14540303e-01]
 [ 2.22854881e+01  2.51354706e+02  1.53172150e+02  2.84927277e+02
  -1.06203378e-01]
 [ 4.71305270e+01  8.02101746e+01  2.70416203e+02  1.20012497e+02
  -2.31172576e-03]
 [ 8.29167862e+01  3.83397583e+02  1.75429352e+02  4.27130798e+02
  -9.59264782e-03]
 [ 3.65198798e+02  2.97528808e+02  4.61234186e+02  3.32279236e+02
   2.55765056e-02]
 [ 1.95363831e+02  3.40463623e+02  2.23997375e+02  3.69332642e+02
   8.50893904e-02]
 [ 2.45739471e+02  3.47154907e+02  3.69316254e+02  3.86408691e+02
   8.86978527e-02]
 [ 3.99733092e+02  3.56877045e+02  5.50890015e+02  4.09428070e+02
   1.18417234e-01]]