[[ 3.11052512e+02  8.86796716e+01  4.30736368e+02  1.29318772e+02
   6.54215099e-02]
 [ 2.47045624e+02  1.25241898e+02  4.26654889e+02  1.91332384e+02
   1.73841615e-01]
 [ 4.33114868e+02  2.01450073e+02  5.02969299e+02  2.37606445e+02
  -1.27905783e-01]
 [ 4.12556076e+01  2.35762909e+02  9.05727310e+01  2.85985260e+02
   4.52830050e-01]
 [ 4.50979431e+02  1.91186218e+02  4.68998047e+02  2.06715179e+02
  -1.28200917e-01]
 [ 4.78200623e+02  1.88339508e+02  4.87921143e+02  2.03959137e+02
  -1.28627959e-01]]