[[ 4.91916687e+02  2.72192200e+02  5.35856018e+02  3.03026611e+02
   9.28635110e-02]
 [ 1.30177673e+02  2.85130859e+02  4.42048157e+02  3.09988647e+02
  -2.86566579e-02]
 [ 4.06821405e+02  3.68201874e+02  6.09638556e+02  4.39052887e+02
  -8.68928046e-03]
 [ 3.73214287e+01  2.42127838e+01  1.87524725e+02  1.34402573e+02
  -4.51657537e-03]
 [ 3.53857269e+01  1.61317748e+02  3.34288879e+02  2.60334991e+02
  -2.16590010e-02]
 [ 3.78097045e+02  6.54982376e+00  5.09593690e+02  3.88169594e+01
   3.22588746e-03]
 [ 3.82109100e+02  7.40153275e+01  4.05498932e+02  8.12520218e+01
   6.74532284e-03]
 [ 4.43513841e+02  5.58526152e+01  5.87889479e+02  9.26749421e+01
   8.41813911e-03]
 [ 5.37302490e+02  2.72655731e+02  5.93417114e+02  3.08406158e+02
   5.02850038e-02]
 [ 1.49089995e+02  3.65795776e+02  3.83466051e+02  4.49529602e+02
   2.61874760e-02]
 [ 3.04696861e+02  3.08337249e+01  4.06209877e+02  6.02939988e+01
   5.37625033e-03]
 [ 3.05582397e+02  6.65007401e+01  3.54887695e+02  9.07134476e+01
   8.41799866e-03]]