[[ 5.11311392e+01  3.58689148e+02  1.18371119e+02  3.81825806e+02
  -5.96270614e-02]
 [ 4.53566895e+01  3.99306824e+02  9.45815887e+01  4.23798523e+02
  -3.05898786e-02]
 [ 1.06864700e+02  3.97148315e+02  1.76968674e+02  4.22772217e+02
  -1.24567550e-02]
 [ 3.29574800e+02  9.40353037e+01  6.02432584e+02  1.68758207e+02
  -8.66752580e-02]
 [ 3.39018677e+02  3.01418121e+02  5.58224609e+02  4.08606842e+02
   4.32327262e-02]
 [ 5.80075655e+01  3.64814072e+01  2.46507785e+02  1.13507271e+02
   4.11881106e-03]
 [ 4.05945635e+01  4.23048859e+02  8.67822638e+01  4.40153900e+02
  -1.05625993e-03]
 [ 9.34140854e+01  4.22639282e+02  1.46837250e+02  4.40090698e+02
  -1.05259134e-03]
 [ 4.25268794e+00  1.60967727e+02  1.33743469e+02  1.91002853e+02
  -1.61183661e-01]
 [ 1.11762437e+01  2.21472977e+02  6.24026232e+01  2.72596741e+02
  -5.04249665e-04]
 [ 8.32014542e+01  2.21360672e+02  1.01306633e+02  2.60651672e+02
  -7.85546211e-03]
 [ 1.77578663e+02  5.41426708e+00  3.06793255e+02  1.66275615e+01
  -1.87901805e-03]
 [ 1.76642851e+02  2.48794212e+01  2.59320406e+02  3.63972206e+01
  -1.93399977e-03]
 [ 1.75687790e+02  4.47219696e+01  2.84810547e+02  6.00901184e+01
  -2.07018437e-03]
 [ 2.93518738e+02  4.72369423e+01  3.55030884e+02  5.77530403e+01
  -5.89309051e-02]]