[[ 9.04861377e+01  2.77307225e+01  2.68469741e+02  6.47790146e+01
  -1.95244250e-03]
 [ 8.47127523e+01  8.86722260e+01  2.30758523e+02  1.29909729e+02
  -2.65641130e-03]
 [ 1.10144292e+01  3.71936832e+02  4.35249232e+01  3.88157650e+02
  -2.50033910e-01]
 [ 5.22814102e+01  3.60730042e+02  1.00314293e+02  3.85959595e+02
  -5.81158141e-02]
 [ 2.12339766e+01  4.03734589e+02  5.62238652e+01  4.24276398e+02
  -1.24599852e-02]
 [ 6.48825378e+01  3.94863525e+02  1.56787796e+02  4.38216919e+02
   1.27651008e-01]
 [ 1.22333626e+02  2.72566559e+02  1.82932922e+02  3.16662201e+02
  -5.03781150e-04]
 [ 2.07328369e+02  2.63225586e+02  2.58201508e+02  3.20885925e+02
  -1.78489924e-02]
 [ 2.88652832e+02  2.54473816e+02  4.39827026e+02  3.31077942e+02
   5.60565281e-02]
 [ 4.80334900e+02  2.59929626e+02  5.79196228e+02  3.38898743e+02
  -1.20719372e-02]
 [ 1.10717224e+01  6.25532150e+01  1.72408617e+02  8.65342941e+01
  -2.35703591e-03]
 [ 1.95127289e+02  6.21295738e+01  2.46624512e+02  8.63593597e+01
  -2.35719612e-03]
 [ 4.64843162e+01  4.23251190e+02  7.39046532e+01  4.42165802e+02
   3.60507800e-04]
 [ 8.52221291e+01  4.22892697e+02  1.00915612e+02  4.42175662e+02
  -2.39782635e-01]
 [ 1.13412429e+02  4.21106536e+02  1.75933022e+02  4.42983551e+02
   3.07678732e-02]
 [ 2.32632252e+02  3.67617919e+02  5.32799805e+02  4.45453857e+02
   5.93291711e-02]]