[[ 4.25537124e+02  7.85234643e+01  4.83401475e+02  1.24903294e+02
   2.27958373e-01]
 [ 4.22406738e+02  1.42460373e+02  4.80866760e+02  1.85818802e+02
   1.31182357e-01]
 [ 2.78928253e+02  1.99943710e+02  3.37544281e+02  2.25061844e+02
   2.55115042e-02]
 [ 3.45937683e+02  2.06364105e+02  3.75331299e+02  2.26026031e+02
   2.55110265e-02]
 [ 3.82272211e+02  2.05028715e+02  4.10884222e+02  2.28043215e+02
   6.25147727e-02]
 [ 1.00625999e+02  8.23647610e+01  1.19802345e+02  1.12935410e+02
   5.85226396e-01]
 [ 3.23929199e+02  1.62358704e+01  4.54203979e+02  6.77739944e+01
   6.58233696e-02]
 [ 5.28384673e+02  7.48073405e+01  5.48638154e+02  9.13882162e+01
   6.54032921e-02]
 [ 5.25881068e+02  1.00857251e+02  5.74442174e+02  1.15805346e+02
   7.16436225e-02]
 [ 5.26037598e+02  1.18620773e+02  5.59744995e+02  1.39992783e+02
   8.17385116e-02]
 [ 4.48593350e+02  1.16983779e+02  5.00483982e+02  1.52538590e+02
   1.69107583e-01]
 [ 1.08438522e+02  1.01119110e+02  1.32179750e+02  1.28029313e+02
   5.54688572e-01]
 [ 1.44696422e+02  1.41127931e+01  1.70031117e+02  2.85901679e+01
  -2.01473756e-02]
 [ 1.84086365e+02  9.94077110e+00  2.37855957e+02  2.72234974e+01
  -2.01473264e-02]
 [ 2.50557053e+02  9.29585743e+00  3.26312195e+02  2.74160156e+01
  -6.48275813e-03]
 [ 1.48025779e+02  5.03502468e+01  2.21217873e+02  6.50451809e+01
  -4.84604668e-02]
 [ 2.33106608e+02  4.76096842e+01  2.66385106e+02  6.28546255e+01
  -4.84603475e-02]]