[[ 4.09916443e+02  2.19693665e+02  5.16742065e+02  2.71207947e+02
   1.21817475e-02]
 [ 3.63108754e+01  2.41136383e+02  1.50117252e+02  2.73797577e+02
   2.28835359e-02]
 [ 1.10151672e+00  1.08233604e+02  9.72608261e+01  9.69808731e+01
  -3.60855973e-01]
 [ 1.05940079e+02  7.13697968e+01  1.41570175e+02  7.56676331e+01
  -3.52215993e-01]
 [ 1.52497574e+02  5.81170044e+01  1.97476395e+02  5.47374878e+01
  -3.53744113e-01]
 [ 2.08171277e+02  3.76446400e+01  3.05843872e+02  1.49344177e+01
  -4.25595851e-01]
 [ 4.34350037e+02  1.46894043e+02  5.50612793e+02  2.04281494e+02
   2.23023753e-01]
 [ 9.66522064e+01  2.08159119e+02  1.81248123e+02  2.46509003e+02
   1.12300763e-01]]