[[ 2.33997528e+02  5.28006172e+01  3.69613312e+02  3.64489708e+01
  -3.79157337e-01]
 [ 3.12662915e+01  2.11046783e+02  1.33940131e+02  2.42392365e+02
   2.36091784e-02]
 [ 3.85830357e+02  2.42761994e+02  5.32504543e+02  2.70623627e+02
  -7.26776151e-03]
 [ 2.51163294e+02  2.18794968e+02  3.32303930e+02  2.58614807e+02
  -7.81950873e-03]
 [ 1.80441231e+02  1.28727449e+02  2.14366996e+02  1.57658690e+02
  -5.59268575e-02]
 [ 2.26008976e+02  1.23640545e+02  3.07684262e+02  1.43908627e+02
  -1.31847927e-01]
 [ 3.96948972e+02  1.59991180e+02  4.57028506e+02  1.92340912e+02
   1.72023923e-01]
 [ 4.76682151e+02  1.76391691e+02  4.97867898e+02  1.95384615e+02
   1.88173285e-01]
 [ 1.47429773e+01  5.59235509e+01  1.97256794e+02  3.04837138e+01
  -3.33826608e-01]
 [ 6.16360854e+01  9.78563996e+01  1.47780731e+02  9.45600891e+01
  -3.67377930e-01]
 [ 1.54027603e+02  6.42452698e+01  1.79206039e+02  8.24660339e+01
  -3.77095175e-01]
 [ 1.27928965e+02  1.87411545e+02  2.11571640e+02  2.26599472e+02
   4.74247382e-02]
 [ 4.37972550e+02  2.14391908e+02  4.88925765e+02  2.31550932e+02
  -1.14191508e-01]
 [ 2.26334886e+02  1.93879990e+02  2.68588759e+02  2.24413894e+02
  -4.88443677e-02]
 [ 3.05612976e+02  1.89883682e+02  3.56814819e+02  2.27814224e+02
  -5.19658131e-02]
 [ 5.13383849e+02  1.40761718e+01  5.83520936e+02  4.58110658e+01
   1.39307567e-01]
 [ 5.30892334e+02  4.62565155e+01  5.79105835e+02  7.96848145e+01
   1.49545522e-01]
 [ 5.29280234e+02  8.73781065e+01  5.85492959e+02  1.17565222e+02
   1.60446812e-01]
 [ 5.27301880e+02  1.20515411e+02  5.87108643e+02  1.57372498e+02
   1.64156621e-01]
 [ 5.01548875e+02  1.51972608e+02  5.45892043e+02  1.92122485e+02
   1.84505315e-01]
 [ 5.71115723e+02  1.68941437e+02  5.94292969e+02  2.01155457e+02
   2.38870274e-02]]