[[ 2.08201282e+01  3.44659233e+01  1.67331407e+02  4.67545586e+01
  -1.06348991e-02]
 [ 1.67756647e+01  6.36776352e+01  1.19676636e+02  7.56968612e+01
  -4.05090546e-02]
 [ 2.51050319e+02  1.22408821e+02  2.92394505e+02  1.28259574e+02
  -3.91070100e-01]
 [ 7.66206944e+01  2.96249201e+00  1.18903979e+02  1.51577568e+01
  -6.82204289e-03]
 [ 1.40724991e+02  1.11131096e+00  2.09753342e+02  2.12703362e+01
   6.88726819e-02]
 [ 4.85117035e+01  2.14665699e+01  1.60030991e+02  3.39159393e+01
  -1.76640422e-02]
 [ 1.81446899e+02  2.01420021e+01  2.19029694e+02  3.30297470e+01
  -9.94167017e-03]]