[[ 2.71683637e+01  4.80890121e+01  2.60761784e+02  1.16636070e+02
   6.38623443e-03]
 [ 2.42575305e+00  3.83774170e+02  7.34886413e+01  4.11667663e+02
  -4.31343173e-02]
 [ 2.85336594e+02  2.11873717e+02  5.60180373e+02  4.10533388e+02
   1.18417990e-01]
 [ 8.01715851e+01  4.15359741e+02  1.58947556e+02  4.32633667e+02
  -7.07339462e-02]
 [ 3.08587256e+01  2.35562486e+02  2.41272202e+02  2.55932814e+02
  -8.38075605e-02]
 [ 3.35415001e+01  2.69827667e+02  5.29498024e+01  2.92369049e+02
  -1.46302312e-03]
 [ 6.42761988e+01  2.67908905e+02  1.84418110e+02  3.03111542e+02
   3.86354209e-02]
 [ 2.02504944e+02  2.64539917e+02  2.97240417e+02  3.09269287e+02
   9.41798405e-02]]