[[ 3.68509308e+02  2.37518890e+02  4.75327728e+02  2.77999420e+02
   9.25522662e-02]
 [ 7.06730956e+01  2.80827256e+01  1.86747200e+02  5.80718459e+01
  -1.07233997e-02]
 [ 2.09186639e+02  3.43263104e+01  2.62697120e+02  5.11267612e+01
  -1.74599892e-01]
 [ 5.09670258e+01  2.23321487e+02  2.60470520e+02  3.03097717e+02
  -5.62139280e-03]
 [ 4.40483918e+02  5.10433875e+01  5.27180481e+02  8.19698563e+01
   2.97699339e-02]
 [ 4.40219003e+02  9.13230844e+01  5.70303488e+02  1.37857613e+02
   9.92529102e-02]
 [ 3.46780980e+02  2.76313477e+02  4.08707485e+02  3.14534607e+02
  -6.75215333e-03]
 [ 4.42899273e+02  2.75423309e+02  5.41125446e+02  3.23054779e+02
   3.33002596e-04]
 [ 9.01698151e+01  2.09222534e+02  2.01779617e+02  2.36451813e+02
  -9.11261677e-03]
 [ 3.88665558e+02  3.17959595e+01  4.30732269e+02  6.58200836e+01
   1.12380550e-02]
 [ 4.80190063e+02  2.62249680e+01  5.82142944e+02  6.95329666e+01
   2.45169421e-02]]