[[ 5.06988678e+01  1.45075043e+02  3.10155090e+02  2.03426666e+02
  -1.75489036e-01]
 [ 3.00501007e+02  2.55385590e+02  3.66313263e+02  3.18944366e+02
   1.23435818e-01]
 [ 2.08896098e+02  3.19867369e+02  3.38090169e+02  3.81684938e+02
   9.16636629e-02]
 [ 3.75085693e+02  3.44156921e+02  4.14447632e+02  3.76984314e+02
   6.55651232e-02]
 [ 2.87974609e+02  1.42744284e+01  3.74008057e+02  5.87796478e+01
  -5.51287209e-02]
 [ 4.12187683e+02  1.00330505e+01  5.99608948e+02  5.63531952e+01
   8.32424658e-03]]