[[ 1.99997406e+02  7.41126537e+00  3.46267120e+02  4.05182381e+01
  -4.11370153e-03]
 [ 3.87359781e+02  1.94797057e+00  5.61000571e+02  4.65045288e+01
   3.61438836e-02]
 [ 2.51513903e+02  1.46931819e+02  3.19551880e+02  1.96314819e+02
   3.72878540e-01]
 [ 3.24834004e+02  3.83545467e+02  4.10383891e+02  4.67965885e+02
   9.75461279e-02]
 [ 3.26157128e+02  1.16953440e+02  3.73122718e+02  1.21497976e+02
  -2.56205932e-01]
 [ 3.26129944e+02  1.33982132e+02  3.82697571e+02  1.38114883e+02
  -2.39066692e-01]
 [ 3.41547606e+02  1.48998215e+02  3.77651918e+02  1.58780868e+02
  -2.21408827e-01]
 [ 4.25939911e+02  3.82107666e+02  5.10146210e+02  4.15816528e+02
   3.86243050e-02]
 [ 4.20290038e+02  4.62389343e+02  5.09645264e+02  5.08624817e+02
   1.14023478e-01]]