[[ 1.07852325e+01  3.44911652e+01  1.43556366e+02  6.69143524e+01
  -4.31668751e-02]
 [ 1.77809817e+02  3.31961753e+01  2.34410642e+02  6.16786569e+01
  -5.11208148e-02]
 [ 2.48112640e+01  1.15096916e+02  1.77859085e+02  1.45354462e+02
  -1.15178650e-01]
 [ 2.89345575e+01  2.32044941e+02  3.55882825e+02  2.14873639e+02
  -2.57546140e-01]
 [ 3.54863129e+02  2.50935699e+02  4.29935638e+02  2.91286041e+02
   1.38472392e-01]
 [ 3.48703400e+02  2.99408386e+02  3.71568329e+02  3.33852112e+02
   1.06988634e-01]
 [ 3.98479825e+02  3.05203399e+02  4.77469393e+02  3.49555512e+02
   1.15898155e-01]
 [ 3.55483316e+02  1.56710132e+01  5.94947226e+02  7.65888287e+01
  -1.41057503e-02]
 [ 7.83032684e+01  3.42687622e+02  1.30833618e+02  3.78324280e+02
   4.94995250e-02]
 [ 1.61146988e+02  3.49833557e+02  2.08290024e+02  3.79564148e+02
   4.65676344e-02]
 [ 2.32917938e+02  3.51835052e+02  3.47733124e+02  3.82625031e+02
   4.57219275e-02]
 [ 3.69298524e+02  3.56787229e+02  4.23611632e+02  3.86646731e+02
   9.89077432e-02]]