[[4.06492249e+02 2.06703430e+02 4.84201233e+02 2.39122437e+02
  1.53360326e-01]
 [3.72277313e+02 1.27828201e+02 4.41102631e+02 1.71479080e+02
  7.22449967e-02]
 [4.25357521e+02 3.35462766e+02 4.71541893e+02 3.62633303e+02
  1.13547647e-01]
 [4.87261011e+02 3.39557548e+02 5.19505896e+02 3.71650704e+02
  2.23702999e-01]
 [2.95658969e+02 3.57093169e+02 3.95139249e+02 3.86299409e+02
  4.06445212e-02]
 [4.08261963e+02 3.65916718e+02 5.47480469e+02 3.92494720e+02
  4.06444134e-02]
 [4.15739136e+02 1.61832718e+02 4.59775146e+02 1.89093582e+02
  1.02279181e-01]
 [6.08512878e+01 1.91066284e+02 3.67691193e+02 3.77500427e+02
  2.47940695e-01]
 [4.26549011e+02 2.77907471e+02 5.13765747e+02 3.55416138e+02
  2.02185008e-01]]