[[ 4.51310806e+01  2.24124969e+02  2.79690857e+02  2.76417999e+02
  -1.57748666e-02]
 [ 1.85444641e+00  2.81062714e+02  1.68499229e+02  3.36964997e+02
   4.71856670e-02]
 [ 2.02402119e+02  3.02647247e+02  3.38187714e+02  3.56648712e+02
   3.19161703e-02]
 [ 1.88777771e+01  3.40847626e+02  2.91246735e+02  4.24415802e+02
   9.51780984e-02]
 [ 1.84759022e+01  4.04422970e+02  1.17965762e+02  5.05455997e+02
   3.26970223e-01]
 [ 1.83149864e+02  4.51817626e+02  2.92935463e+02  5.13028321e+02
   1.36941966e-01]
 [ 3.16899114e+02  5.60867920e+02  3.66160395e+02  5.80733765e+02
  -5.49365875e-03]
 [ 1.41838564e+02  1.89443331e+02  2.27515074e+02  2.07083219e+02
  -1.53065258e-01]
 [ 2.59667625e+01  5.31379578e+02  7.32774353e+01  5.51297302e+02
  -1.01897092e-02]
 [ 8.36035614e+01  5.31551331e+02  1.38692154e+02  5.50630554e+02
  -1.01898830e-02]
 [ 2.79002711e+01  5.58854859e+02  4.02593129e+01  5.79046020e+02
  -8.35599852e-02]
 [ 5.12348022e+01  5.58432190e+02  1.16507507e+02  5.78807678e+02
  -3.12436242e-03]
 [ 1.29335968e+02  5.71992722e+01  3.72057984e+02  4.87480239e+01
  -1.85170833e-01]
 [ 1.49070945e+02  9.94260109e+01  2.50478006e+02  1.24670638e+02
  -8.23118889e-02]
 [ 2.84598526e+02  8.51759631e+01  3.28321823e+02  1.25795579e+02
   7.91126249e-02]]