[[ 6.46018066e+01  3.42331818e+02  2.96889709e+02  3.89396271e+02
   9.63991042e-03]
 [ 3.29076373e+02  3.54529296e+02  3.71648480e+02  3.92484803e+02
   6.24501285e-02]
 [ 3.99989308e+02  3.57454864e+02  4.54031444e+02  3.93753998e+02
   5.09649307e-02]
 [ 4.77660339e+02  3.61415802e+02  5.25095764e+02  3.94698456e+02
   5.10510670e-02]
 [ 2.61447479e+02  1.45940656e+01  5.96198517e+02  7.78328076e+01
  -6.01154586e-02]
 [ 3.74913073e+02  2.27882108e+02  4.42388502e+02  2.80562228e+02
   1.77017680e-01]
 [ 3.52896422e+01  1.46476443e+02  3.27909439e+02  1.46245847e+02
  -1.63472667e-01]
 [ 3.44343781e+02  1.10663750e+02  4.35900360e+02  1.29855255e+02
  -1.29405833e-01]
 [ 4.49561447e+02  1.09375086e+02  4.94785904e+02  1.22192327e+02
  -1.29405354e-01]]