[[ 1.53665573e+02  3.77367035e+02  4.23101257e+02  4.19408905e+02
  -6.61791829e-02]
 [ 9.27295797e+01  2.64224721e+01  4.64242893e+02  6.85648498e+01
  -1.27608837e-02]
 [ 8.46669818e+01  1.02593117e+02  2.94110705e+02  1.50913513e+02
  -2.75092886e-02]
 [ 3.34955505e+02  9.80544605e+01  3.75574402e+02  1.39095856e+02
  -1.19591252e-01]
 [ 1.45825287e+02  6.01370392e+01  3.68397125e+02  1.30537354e+02
   6.09863059e-02]
 [ 1.35546509e+02  1.45316864e+02  3.20342194e+02  2.24697174e+02
   3.66134781e-02]]