[[ 2.09895564e+02  3.10638433e+02  3.17829671e+02  3.30224299e+02
  -2.61862019e-01]
 [ 4.32791080e+02  1.53472785e+02  5.20523344e+02  1.86631398e+02
   1.49261718e-01]
 [ 1.64600506e+02  6.98486477e+01  2.17636310e+02  9.24437870e+01
   1.27365517e-01]
 [ 1.73646240e+02  8.79483184e+01  2.15461640e+02  1.12585861e+02
   1.71564603e-01]
 [ 1.81949122e+02  1.11970543e+02  2.21136571e+02  1.25986122e+02
  -2.35991056e-02]
 [ 2.76979682e+01  8.93286868e+01  4.03418047e+01  1.61385783e+02
   7.38999767e-01]
 [ 9.61691360e+01  1.31611130e+02  8.96134567e+01  1.97093826e+02
   7.28005089e-01]
 [ 1.16744385e+01  4.18124390e+02  3.21057129e+02  5.41416992e+02
   1.39139732e-01]
 [ 4.45545288e+02  7.24521179e+01  4.92695007e+02  1.11302948e+02
   1.36740610e-01]
 [ 5.33415706e+02  9.15901712e+01  5.92571965e+02  1.25789834e+02
   1.38815819e-01]
 [ 4.71031782e+02  1.29345990e+02  5.61388751e+02  1.81462603e+02
   1.54790248e-01]
 [ 4.26708955e+02  1.74155131e+02  5.70398071e+02  2.43593094e+02
   1.81300463e-01]
 [ 1.88499795e+02  1.26756485e+02  2.48136069e+02  1.41393142e+02
  -6.18412347e-02]
 [ 2.00439849e+02  1.56321808e+02  2.60886750e+02  1.69949524e+02
  -9.48620821e-02]
 [ 4.53991150e+02  2.86531250e+02  5.43533267e+02  3.22192261e+02
   1.20957767e-01]
 [ 4.51907752e+02  3.25712948e+02  5.68587731e+02  3.72352115e+02
   1.51000260e-01]
 [ 4.42898941e+01  2.70441193e+02  6.40929489e+01  3.01389313e+02
   9.15450548e-03]
 [ 8.64636993e+01  2.81570282e+02  1.60354172e+02  3.05963226e+02
   5.12760519e-02]
 [ 4.30786057e+01  3.20760040e+02  1.17300790e+02  3.47782623e+02
   7.19921378e-02]
 [ 1.42640411e+02  3.19210724e+02  1.65167938e+02  3.50218231e+02
   2.36164328e-02]
 [ 3.74258575e+01  3.65431274e+02  9.61992340e+01  3.88473450e+02
  -2.87756247e-01]
 [ 4.27590265e+01  3.93701110e+02  2.31520854e+02  4.55111818e+02
   1.36802365e-01]]