[[ 3.49121965e+02  2.28080734e+02  3.88791548e+02  2.46966843e+02
  -1.48270986e-03]
 [ 9.05285034e+01  4.30636505e+02  2.25765137e+02  4.42513885e+02
  -1.60083284e-02]
 [ 2.46229614e+02  4.30294556e+02  3.24239319e+02  4.42151794e+02
  -5.94572499e-02]
 [ 3.45187378e+02  4.29244324e+02  3.78712402e+02  4.42824402e+02
   7.08005073e-04]
 [ 3.99009766e+02  4.26942474e+02  4.94071594e+02  4.46623688e+02
   3.97174415e-02]
 [ 3.18577991e+02  7.63407334e+01  3.69421338e+02  7.77165786e+01
  -3.71781521e-01]
 [ 1.46218033e+01  4.60174332e+01  1.17167488e+02  6.18116379e+01
  -2.26760497e-02]
 [ 1.00442848e+01  7.13793335e+01  1.13686371e+02  8.68039551e+01
  -4.65257741e-02]
 [ 3.44446045e+02  4.12278046e+02  3.55264404e+02  4.30026947e+02
   1.09741859e-01]
 [ 3.72417236e+02  4.10893372e+02  3.91474854e+02  4.30834290e+02
   1.03784820e-01]
 [ 4.04637281e+02  4.11837402e+02  4.81717578e+02  4.28737488e+02
   7.23626112e-04]
 [ 4.90990723e+02  4.11908722e+02  5.21048523e+02  4.28783051e+02
   1.29255259e-03]
 [ 5.29874939e+02  4.15791687e+02  5.87176819e+02  4.28814270e+02
   7.28443685e-04]
 [ 1.15066414e+02  4.00348816e+01  1.69338837e+02  5.36516266e+01
  -1.25348383e-02]]