[[ 3.25822717e+02  3.38250855e+02  4.15818457e+02  3.60002196e+02
  -1.24867265e-01]
 [ 3.98402222e+02  4.44553452e+01  4.48384216e+02  7.34941406e+01
   1.05149251e-01]
 [ 3.67905609e+02  1.29216492e+02  4.40370453e+02  1.67195984e+02
   8.60103111e-02]
 [ 2.24963593e+02  3.36574860e+02  2.83253967e+02  3.74209503e+02
   7.89365273e-02]
 [ 1.90365169e+02  2.59207707e+02  2.60560719e+02  2.65853755e+02
  -2.12795968e-01]
 [ 3.18006622e+02  3.64866791e+02  3.89044830e+02  3.95794281e+02
  -1.52951617e-03]
 [ 3.58421265e+02  5.59111557e+01  3.95979431e+02  7.70270309e+01
   1.67428460e-01]
 [ 1.41588226e+02  9.25238800e+00  2.18306305e+02  2.90033417e+01
   1.23305297e-03]
 [ 2.28628239e+02  9.21581646e+00  2.98170238e+02  3.30433083e+01
   1.44262322e-03]
 [ 3.05572582e+02  1.29523650e+01  3.58014759e+02  2.89207858e+01
  -1.03827217e-01]
 [ 3.66114777e+02  1.22747002e+01  3.91607269e+02  3.31780968e+01
   1.44277118e-03]]