[[ 4.14847595e+02 -7.34956741e-01  4.01499634e+02  2.49582043e+01
   8.05704878e-01]
 [ 4.35697693e+02  1.66897583e+00  5.36331726e+02  6.91020966e+01
   3.11230227e-01]
 [ 3.50473679e+02  2.21776204e+01  4.48940505e+02  1.04601093e+02
   4.53239725e-01]
 [ 4.81891812e+02  8.06728352e+01  5.25662326e+02  1.41969011e+02
   4.53239890e-01]
 [ 1.81891132e+01  2.87885468e+02  2.36244679e+02  3.96566192e+02
  -4.56433405e-02]
 [ 3.40171484e+02 -4.61882118e+00  3.67245936e+02  2.92022028e+01
   3.95849329e-01]
 [ 3.80581953e+02  1.16908085e+01  4.41021441e+02  6.14169872e+01
   3.58081625e-01]
 [ 4.63380244e+02  4.08425500e+01  5.27749029e+02  9.78086493e+01
   3.97776931e-01]
 [ 7.01099548e+01  2.64793823e+02  2.11805267e+02  2.78533081e+02
  -2.62418316e-01]]