[[ 2.55621656e+02  1.98371111e+02  3.12560717e+02  2.13718824e+02
  -6.41086800e-02]
 [-4.79744831e+00  4.71497778e+01  1.90182465e+02  7.35334473e+01
  -1.73906102e-01]
 [-6.53530168e+00  1.55490862e+02  1.87226540e+02  1.88879774e+02
  -1.97011398e-01]
 [ 4.76347107e+02  1.37081100e+02  5.45541705e+02  1.10875424e+02
  -7.56901697e-01]
 [ 2.75494746e+02  1.81938416e+02  3.11111638e+02  2.00411255e+02
  -5.94780362e-02]
 [ 2.15899362e+01  2.40027101e+02  1.85528052e+02  2.55949065e+02
  -1.99329094e-01]
 [ 1.87638055e+01  3.08957308e+02  1.38508770e+02  3.39759306e+02
  -1.93910504e-01]]