[[ 1.48982765e+02  4.30371856e+01  4.30058495e+02  1.04428635e+02
   3.78554962e-03]
 [ 1.18189568e+02  2.52337180e+02  1.52952278e+02  3.42739419e+02
   8.78391980e-01]
 [ 4.14810364e+02  2.34989517e+02  4.96024719e+02  2.44585922e+02
  -1.86769938e-01]
 [ 1.24974733e+02  2.29716674e+02  1.38694153e+02  2.84845276e+02
   1.00644463e+00]
 [ 3.52497627e+02  2.43443151e+02  4.05628777e+02  2.47107722e+02
  -2.12132298e-01]
 [ 3.57722687e+02  2.67681976e+02  4.39053680e+02  2.66801544e+02
  -1.84728930e-01]]