[[-4.92286682e-01  2.28631256e+02  1.34652014e+02  2.79461487e+02
  -1.34592158e-02]
 [ 1.81875153e+02  2.04106683e+02  2.26378082e+02  2.70687079e+02
   5.54023534e-02]
 [ 3.82875260e+02  5.58631986e+01  5.59290527e+02  6.96829834e+01
  -2.93513650e-01]
 [ 2.87366821e+02  1.08384247e+01  3.67545166e+02  3.83051605e+01
   5.08416293e-02]
 [ 3.88944824e+02  2.95204559e+02  5.44697937e+02  2.88713531e+02
  -1.90590136e-01]
 [-6.99037552e+00  7.55862045e+01  7.58101807e+01  8.66553421e+01
  -2.15300473e-01]
 [ 8.67163467e+01  4.24060745e+01  2.61837311e+02  4.55878677e+01
  -2.43165312e-01]
 [ 3.41916321e+02  1.61891098e+02  4.63097534e+02  2.11336777e+02
  -1.13097543e-01]
 [ 2.39982269e+02  1.66436646e+02  2.68304962e+02  1.94792816e+02
   3.47759937e-01]]