[[ 1.81177802e+02  6.63519917e+00  2.19689080e+02  6.09709639e+01
   5.36443258e-01]
 [ 4.06610028e+01  6.85346451e+01  9.91567806e+01  8.94801560e+01
   2.45899125e-03]
 [ 4.11532822e+01  1.00842400e+02  9.94975815e+01  1.22914070e+02
  -1.69550516e-02]
 [ 1.33573577e+02  3.28511953e+01  1.53347992e+02  8.39081268e+01
   7.38915973e-01]
 [ 2.91925079e+02  6.29557037e+00  3.85277740e+02  6.00258865e+01
   3.76912855e-02]
 [ 2.13637915e+00  2.73859168e+01  1.00607025e+02  5.19299316e+01
  -1.09892167e-01]
 [ 3.71606873e+02  1.03463011e+01  4.44364929e+02  3.89771461e+01
  -6.74876283e-03]]