[[ 2.12218445e+02  3.48122253e+02  2.73729034e+02  3.62420349e+02
  -2.74027022e-01]
 [ 4.03793644e+02  7.28703498e+01  5.04203975e+02  1.17540325e+02
   1.47726374e-01]
 [ 5.54044594e+02  9.51885802e+01  5.93767296e+02  1.30868274e+02
   1.39025557e-01]
 [ 3.81275818e+02  1.49536896e+02  4.97559265e+02  2.06107361e+02
   1.74205117e-01]
 [ 7.73262329e+01  1.07542786e+02  8.26486664e+01  1.87296875e+02
   7.40640370e-01]
 [ 1.73802032e+02  7.35741577e+01  2.23079987e+02  9.76273346e+01
   6.89884740e-03]
 [ 1.88980321e+02  1.14082055e+02  2.38158839e+02  1.37957550e+02
  -3.71363008e-02]
 [ 2.06577041e+02  1.57213041e+02  2.69659790e+02  1.79714264e+02
  -8.56320042e-02]
 [ 1.52697907e+01  6.71180243e+01  4.89982167e+01  1.33096043e+02
   5.78409934e-01]]