[[ 3.94558714e+02  1.82071928e+02  4.24627138e+02  2.35285585e+02
   7.18043151e-01]
 [ 1.27244461e+02  2.73911713e+02  2.22429764e+02  3.09777496e+02
  -5.61943873e-02]
 [ 2.53394047e+02  2.62786237e+02  2.78678829e+02  3.15860983e+02
   2.06083996e-01]
 [ 2.60797371e+02  1.95013360e+02  2.96593567e+02  2.72444183e+02
   8.77478509e-01]
 [ 1.12751154e+01  1.08985186e+01  2.96497864e+02  7.57517471e+01
  -7.80185779e-03]
 [ 5.66643710e+01  1.02655701e+02  2.38435307e+02  1.59650238e+02
  -3.22669696e-03]
 [ 3.45692579e+02  3.51443904e+02  4.13721789e+02  4.24834538e+02
   2.63590797e-01]
 [ 3.27412445e+02  4.40039551e+02  4.48946808e+02  5.18541138e+02
   7.55053613e-02]
 [ 3.30643271e+02  2.26690122e+02  4.11981058e+02  2.80610537e+02
   7.00104265e-02]
 [ 3.62574527e+01  1.73031158e+02  1.39169922e+02  2.00831909e+02
  -6.85138475e-03]
 [ 3.21078323e+02  3.96776215e+02  3.73397995e+02  4.16148163e+02
  -7.49302466e-03]
 [ 3.19881873e+02  4.20342557e+02  3.66795434e+02  4.41218295e+02
   1.08062954e-01]
 [ 3.82465698e+02  4.23484985e+02  4.81963684e+02  4.53712646e+02
   1.08064643e-01]]