[[ 1.44708758e+02  1.30980361e+01  2.08117750e+02  3.55289532e+01
  -2.59148774e-02]
 [ 2.27238181e+02  2.25358966e+01  2.65336801e+02  4.01425855e+01
  -3.06804349e-02]
 [ 2.81583954e+02  1.15808764e+01  3.08691193e+02  3.21834068e+01
  -8.45271688e-03]
 [ 1.47716129e+02  4.45362555e+01  1.88397061e+02  6.53610834e+01
  -5.32140945e-02]
 [ 1.49336151e+02  7.49514236e+01  2.03112732e+02  9.23064804e+01
  -5.32141203e-02]
 [ 1.52220703e+02  1.02003609e+02  2.64195068e+02  1.26382484e+02
   1.84735836e-02]
 [ 5.47794800e+02  8.56898499e+01  5.82864746e+02  1.02099014e+02
   7.00743586e-02]
 [ 9.36798273e+01  7.47757844e+01  1.25546049e+02  1.15949802e+02
   5.19661544e-01]
 [ 4.28240356e+02  8.68356400e+01  4.48785278e+02  1.06589561e+02
   2.05809334e-01]
 [ 4.65991760e+02  9.53025589e+01  4.98794006e+02  1.17029655e+02
   2.05809335e-01]
 [ 4.43194670e+02  1.18212387e+02  4.86003695e+02  1.45098648e+02
   1.74243435e-01]
 [ 4.27183649e+02  1.47969039e+02  4.88717596e+02  1.76760636e+02
   1.41764295e-01]
 [ 5.21473320e+02  6.36327663e+01  5.78450997e+02  8.31633153e+01
   5.97732553e-02]
 [ 5.20883766e+02  8.83040111e+01  5.67013817e+02  1.18002874e+02
   2.10013070e-01]
 [ 5.15911062e+02  1.19677963e+02  5.51255320e+02  1.44172928e+02
   6.10724633e-02]
 [ 5.02431542e+01  1.82196655e+02  8.23429359e+01  2.04254150e+02
   2.42240125e-02]
 [ 4.63654709e+01  2.11178528e+02  7.85976639e+01  2.33919922e+02
   2.98780648e-02]]