[[-4.46832139e+00  7.27810839e+01  2.29191931e+02  4.08072645e+01
  -2.75648431e-01]
 [-3.44336116e-01  1.21705101e+02  4.32854363e+01  1.34208953e+02
  -1.51137156e-01]
 [ 4.77796389e+01  1.02720089e+02  2.57249162e+02  9.67286721e+01
  -2.23395262e-01]
 [-8.48037720e-01  1.55224976e+02  7.09238586e+01  1.85900421e+02
  -1.19611981e-01]
 [-1.31777000e+00  2.01173080e+02  6.01980286e+01  2.25950851e+02
  -7.25462882e-02]
 [ 7.20763558e+01  1.95351288e+02  1.09999862e+02  2.32314392e+02
   2.74159147e-03]
 [ 1.29448689e+02  1.84893860e+02  1.88412090e+02  2.13840301e+02
  -5.85976108e-02]
 [ 2.59381744e+02  2.05257187e+02  2.99714630e+02  2.23330002e+02
  -4.29394717e-02]
 [ 4.62209322e+00  3.14582057e+02  1.15471580e+02  4.41737645e+02
   2.93868821e-03]]