[[ 2.49581070e+01  5.03419983e+02  6.71265335e+01  5.38450134e+02
   2.03918248e-01]
 [ 2.69765474e+00  4.47456177e+02  1.50732269e+01  4.66704041e+02
  -2.87484920e-01]
 [ 2.33233242e+01  4.36041199e+02  8.97893454e+01  4.14504212e+02
  -5.88930798e-01]
 [ 9.85936890e+01  3.91746613e+02  1.34477066e+02  3.84814240e+02
  -5.84943072e-01]
 [ 2.52831371e+01  4.63553160e+02  7.01296844e+01  4.58271606e+02
  -5.90301491e-01]
 [ 7.74882484e+01  4.34529359e+02  1.25864062e+02  4.20442259e+02
  -5.91690648e-01]
 [ 2.34760895e+02  3.96587311e+02  3.60245148e+02  4.20189423e+02
  -9.31475987e-02]
 [ 2.51625946e+02  4.49426788e+02  2.64108734e+02  4.72853485e+02
  -3.78326435e-01]
 [ 2.70231964e+02  4.44404297e+02  3.47581085e+02  4.60565063e+02
  -1.46181242e-01]
 [ 2.68991516e+02  4.98383606e+02  3.38103333e+02  5.17769287e+02
  -1.16021252e-01]
 [ 2.85619489e+02  5.40199586e+02  3.59953143e+02  5.62512206e+02
  -6.62701408e-02]
 [ 3.73825265e+02  5.34345766e+02  4.40819083e+02  5.59381041e+02
  -6.62717704e-02]
 [ 9.85285796e+01  5.07447263e+02  1.58571953e+02  5.48263188e+02
   1.94110788e-01]
 [ 1.19468755e+01  3.79266356e+02  9.03341980e+01  3.64134277e+02
  -4.82108980e-01]
 [-3.23374363e+00  4.33514314e+02  1.06191019e+02  3.93628752e+02
  -5.86583396e-01]
 [ 1.69576294e+02  3.21206909e+02  2.03152100e+02  3.47757996e+02
   2.81287462e-01]
 [ 1.52928538e+02  3.41369932e+02  1.92968831e+02  3.75115785e+02
   3.40260492e-01]]