[[ 1.32215729e+02  3.29054199e+02  3.63166168e+02  3.53797302e+02
  -1.21445591e-01]
 [ 4.98823185e+01  4.18889710e+02  5.82321112e+02  4.94298950e+02
  -2.15628084e-02]
 [ 1.07970825e+02  8.88348484e+00  3.12067871e+02  4.67812119e+01
  -8.38077439e-03]
 [ 1.02458079e+02  8.25682677e+01  4.37361128e+02  1.29063263e+02
   5.17729599e-03]
 [ 7.08039453e+01  3.94667481e+02  1.46668963e+02  4.24426147e+02
  -7.90537049e-02]
 [ 1.72212232e+02  3.81874574e+02  3.75645434e+02  4.06286803e+02
  -7.90539907e-02]
 [ 4.32899628e+02  3.67220367e+02  4.95236908e+02  3.96812836e+02
  -7.90541860e-02]
 [ 9.24407349e+01  1.53440720e+02  2.27606628e+02  1.71847397e+02
  -1.00454394e-01]
 [ 2.45936111e+02  1.43374329e+02  3.05553955e+02  1.69534515e+02
  -3.09979164e-02]
 [ 3.23875714e+02  1.48325669e+02  3.79727069e+02  1.67234542e+02
  -3.09985219e-02]
 [ 3.96557007e+02  1.37585815e+02  4.55322632e+02  1.68715088e+02
   3.77287307e-02]
 [ 8.98878860e+01  1.90670441e+02  2.54200684e+02  2.16078735e+02
  -6.38884033e-02]]