[[ 2.02184659e+02  1.61038849e+02  2.46977848e+02  1.74317200e+02
  -2.58364129e-02]
 [ 2.67254028e+02  1.82052292e+02  2.91569946e+02  1.98960312e+02
   5.44040605e-02]
 [ 2.68989122e+02  2.18623917e+02  2.91857313e+02  2.37672317e+02
  -1.37087576e-02]
 [ 5.83598289e+01  4.05572662e+01  1.48421005e+02  6.99308014e+01
  -7.52461804e-03]
 [ 5.48847656e+01  9.00734558e+01  2.05392914e+02  1.19035751e+02
  -1.20620726e-02]
 [ 5.12191010e+01  1.40268097e+02  1.13027069e+02  1.72897064e+02
  -1.68526645e-02]
 [ 4.84936600e+01  1.94469940e+02  1.12450188e+02  2.28692505e+02
  -2.19176065e-02]
 [ 2.09663834e+02  4.24439484e+02  3.45378845e+02  4.52541718e+02
  -2.65723144e-01]
 [ 2.02573669e+02  2.14706757e+02  2.54253784e+02  2.31182739e+02
  -8.35110267e-02]
 [ 1.53105103e+02  7.67876720e+00  2.70219421e+02  3.58993759e+01
  -4.47284000e-03]
 [ 1.54471481e+02  4.95353355e+01  3.34042259e+02  8.00797463e+01
  -8.59492615e-03]
 [ 3.23546813e+02  4.03833679e+02  4.49254822e+02  4.24712952e+02
  -2.53236914e-01]]