[[ 2.06099152e+02  2.85657135e+02  3.43453278e+02  3.47425629e+02
   1.13057186e-01]
 [ 3.69634155e+02  3.04231506e+02  4.72912720e+02  3.52703857e+02
   9.13687629e-02]
 [ 1.97336243e+02  3.38331055e+02  4.90725342e+02  4.01286865e+02
   5.97350012e-02]
 [ 1.26257744e+02  1.47407151e+02  2.20052620e+02  1.68318862e+02
  -1.37829098e-01]
 [ 2.35875595e+02  1.32683289e+02  3.22307007e+02  1.54135284e+02
  -1.37829037e-01]
 [ 3.27721619e+02  1.22885590e+02  4.11882874e+02  1.41710327e+02
  -1.37829210e-01]
 [ 1.42074600e+02  2.11585663e+02  2.63452393e+02  2.27347992e+02
  -1.92084398e-01]
 [ 2.73981905e+02  1.85552008e+02  3.56314421e+02  2.09288172e+02
  -1.92082421e-01]
 [ 3.48274597e+02  2.32315887e+02  4.39940796e+02  3.02424591e+02
   1.25810132e-01]
 [ 3.43678894e+02  2.69762421e+00  5.39366048e+02  6.69997422e+01
   8.12824727e-02]
 [ 4.66373870e+02  1.15328392e+02  5.96268799e+02  1.69163605e+02
  -4.57032023e-02]]