[[ 2.00085598e+02  3.70128021e+02  2.47556248e+02  3.94803192e+02
   4.30315213e-02]
 [ 9.23518557e+01  2.91111605e+02  1.77170262e+02  2.83122160e+02
  -4.47381503e-01]
 [ 2.50720963e+02  1.87674789e+02  5.08562378e+02  2.28247421e+02
  -3.59205313e-02]
 [ 1.80205855e+01  1.06493302e+01  1.94112921e+02  6.42001114e+01
  -3.20555244e-03]
 [ 2.39866669e+02  1.59723921e+01  3.39254669e+02  5.76560555e+01
  -2.06789859e-02]
 [ 3.78368530e+02  1.00119104e+01  4.48145142e+02  5.79158020e+01
  -2.19436732e-02]
 [ 4.42326691e+02  7.32890244e+01  4.98171173e+02  7.75889359e+01
  -2.17610129e-01]
 [ 5.08137451e+02  5.61200104e+01  5.25163818e+02  7.79674530e+01
   9.91956071e-02]
 [ 2.02334817e+01  3.56676910e+02  1.60520692e+02  3.89665863e+02
  -1.16170286e-02]
 [ 1.40411934e+02  3.36220585e+02  2.02794884e+02  3.24505245e+02
  -5.04162232e-01]
 [ 2.59973577e+02  2.22410339e+02  4.62328791e+02  2.64032318e+02
   7.71340994e-03]
 [ 1.88507462e+00  6.47077484e+01  1.19618637e+02  1.10025528e+02
  -2.09572368e-02]
 [ 1.45981646e+02  6.16874507e+01  3.30203901e+02  1.01994049e+02
  -2.09572291e-02]
 [ 4.13276672e+00  1.27025497e+02  6.18104711e+01  1.70369003e+02
   2.25998094e-02]
 [ 8.50241852e+01  1.24656097e+02  1.85873367e+02  1.60012268e+02
  -5.56004903e-02]
 [ 8.52756500e-01  1.97247116e+02  3.52616196e+01  2.43846939e+02
   2.78143849e-02]
 [ 5.88694965e+01  1.95973480e+02  1.94513553e+02  2.28525116e+02
  -7.97042824e-02]
 [ 4.69801390e+02  4.20549474e+01  5.58152588e+02  4.35561447e+01
  -2.44038232e-01]
 [ 7.82562256e+00  3.40786377e+02  9.83853149e+01  3.58434937e+02
   4.22846834e-03]]