[[ 3.28122704e+02 -4.91234685e+00  4.29006447e+02  6.78370619e+01
   3.63650840e-01]
 [ 4.54602631e+02  4.10514221e+01  4.98569672e+02  9.72913208e+01
   4.69174777e-01]
 [ 5.46707581e+02  6.80204163e+01  5.33557922e+02  1.18866730e+02
   7.87660344e-01]
 [ 3.07199585e+02  2.09281540e+02  4.11658447e+02  2.20716324e+02
  -4.17151937e-02]
 [ 2.69744029e+02  2.36030930e+02  4.20419362e+02  2.50281295e+02
  -3.92207964e-02]
 [ 1.54055115e+02  1.24367523e+02  2.05702148e+02  1.57029510e+02
   1.23100457e-01]
 [ 2.79392453e+01  7.03412005e+01  9.65124817e+01  4.28219681e+01
  -5.79452181e-01]
 [ 9.92634201e+00  1.12345039e+02  1.20717698e+02  5.89885500e+01
  -5.76370890e-01]
 [ 2.97321205e+01  1.21112928e+02  9.88508110e+01  9.78405179e+01
  -5.66218895e-01]
 [ 3.24448853e+01  1.55449875e+02  8.82053223e+01  1.36686996e+02
  -5.62493907e-01]
 [ 3.05602741e+02  2.73735291e+02  4.36174481e+02  3.01687072e+02
  -3.48895647e-02]
 [ 3.01449188e+02  3.26586761e+02  4.13068512e+02  3.67367340e+02
  -2.94764003e-02]]