[[4.56635437e+02 4.95369812e+02 5.56174147e+02 5.50111268e+02
  4.27584009e-02]
 [9.19536175e+00 6.95788381e+00 3.71024132e+01 2.43884544e+01
  6.04321643e-02]
 [5.11836700e+01 1.39435730e+01 7.26134949e+01 2.65370827e+01
  6.04322265e-02]
 [2.29715660e+01 2.71184422e+01 6.49526360e+01 4.44061550e+01
  5.55509069e-02]
 [4.05829893e+02 4.29227936e+02 5.92269106e+02 4.95948395e+02
  4.09369243e-02]
 [1.85493995e+02 4.93754206e+01 2.19635583e+02 8.95817327e+01
  6.72239388e-01]
 [1.78046768e+02 6.28448486e+01 2.16611404e+02 1.07599182e+02
  6.68182119e-01]
 [7.66987991e+00 5.55843628e+02 5.57465782e+01 5.96435059e+02
  5.40697082e-01]]