[[ 7.59700546e+01  3.94514999e+01  3.16165802e+02  9.73624649e+01
  -9.46250730e-02]
 [ 4.36440704e+02  3.53743530e+02  4.51970062e+02  3.65812744e+02
   5.82739140e-02]
 [ 4.62328552e+02  3.52007538e+02  4.76351746e+02  3.66979095e+02
   6.62581841e-02]
 [ 3.29086549e+02  2.88403958e+02  3.50781371e+02  3.07102817e+02
   1.13393029e-01]
 [ 3.73734558e+02  2.84628998e+02  4.15454224e+02  3.24022064e+02
   1.37070727e-01]
 [ 4.35345474e+02  3.01843382e+02  4.74018845e+02  3.28591249e+02
   9.59145529e-02]]