[[ 4.80957703e+02  2.14488159e+02  5.45258850e+02  2.45002594e+02
   1.96521868e-02]
 [ 4.81647400e+02  2.63087036e+02  5.28335999e+02  2.92544678e+02
  -4.18656587e-03]
 [ 1.18112661e+02  2.98880988e+02  1.61839366e+02  2.90488397e+02
  -5.59193015e-01]
 [ 3.33137665e+01  2.51752594e+02  7.54699783e+01  3.90381561e+02
   1.02357661e+00]
 [ 7.38907578e+01  3.49155775e+01  1.19460728e+02  4.99786181e+01
  -1.19673535e-01]
 [ 4.43211212e+02  2.43946442e+02  4.76519623e+02  2.80086456e+02
   3.15892904e-03]
 [ 5.02802732e+02  2.44228119e+02  5.52141482e+02  2.71351654e+02
   2.78409747e-03]
 [ 1.64477596e+02  7.73453925e+01  2.01071233e+02  1.65232580e+02
   8.67737095e-01]
 [ 1.40045120e+02  1.23196670e+02  1.52072617e+02  1.78345719e+02
   8.84708678e-01]
 [ 1.18941646e+02  1.59520868e+02  1.55232548e+02  2.53040655e+02
   9.40974577e-01]]