[[ 2.67670417e+02  7.43127051e+00  3.60178338e+02  5.96604196e+01
   3.76303160e-03]
 [ 4.09331085e+02  7.30725098e+00  5.05550934e+02  6.02074738e+01
   3.76302660e-03]
 [ 5.06026123e+02  3.74011566e+02  5.83608887e+02  3.74530609e+02
  -2.46425236e-01]
 [ 2.58489166e+02  3.57354156e+02  3.11035919e+02  3.89335907e+02
   2.39468519e-02]
 [ 9.02678481e+01  2.99108334e+02  1.95736974e+02  3.74811710e+02
   1.84945232e-01]
 [ 4.26435965e+02  3.80076996e+02  4.84584726e+02  3.94087128e+02
   4.91810485e-03]
 [ 3.34680091e+01  6.01065822e+00  1.90863278e+02  7.38791199e+01
   4.78059470e-03]
 [ 3.17200765e+01  1.08162567e+02  1.65767613e+02  1.76836975e+02
   1.18536282e-02]
 [ 5.24674600e+02  3.86925237e+02  5.91377524e+02  3.87849238e+02
  -2.25141463e-01]
 [ 6.28267649e+01  3.34412228e+02  1.48477846e+02  3.83688907e+02
   2.01339969e-01]]