[[ 3.52083374e+02  7.28934937e+01  3.93388916e+02  9.88495483e+01
   1.47051494e-01]
 [ 4.25454956e+02  8.57830811e+01  5.32217651e+02  1.19412994e+02
   1.47051677e-01]
 [ 3.93111633e+02  3.69852661e+02  4.17287598e+02  3.80524353e+02
  -6.01470817e-01]
 [ 4.15001726e+02  3.63137602e+02  4.50309736e+02  3.82397676e+02
   1.25299329e-01]
 [ 4.10338353e+02  3.95818331e+02  4.63553188e+02  4.09221220e+02
  -6.88937607e-02]
 [ 5.95968917e+01  9.18585181e+01  4.45092349e+01  1.97030671e+02
   7.34101260e-01]
 [ 1.57824301e+02  9.26941834e+01  2.34429788e+02  1.16093002e+02
  -8.07938168e-03]
 [ 2.49364746e+02  2.92205933e+02  3.28166504e+02  3.05541626e+02
  -3.01433544e-01]
 [ 2.61872375e+02  3.36531036e+02  3.42007019e+02  3.54541229e+02
  -2.41387307e-01]
 [ 4.10701416e+02  1.07715637e+02  5.88617077e+02  1.71942293e+02
   1.59792577e-01]
 [ 4.01117282e+02  1.50380397e+02  5.25926205e+02  2.11099619e+02
   1.74204950e-01]]