[[ 3.14039653e+01  2.73788329e+02  4.15055499e+01  3.07457155e+02
   2.19479007e-01]
 [ 6.42555854e+01  2.75457611e+02  1.81826164e+02  3.09518647e+02
   3.69282367e-02]
 [ 2.05353455e+02  2.70530975e+02  2.47432129e+02  3.11942535e+02
   3.69287267e-02]
 [ 3.40651703e+01  3.35588593e+02  2.00792740e+02  3.90602814e+02
   8.96192603e-02]
 [ 3.19885186e+00  5.51003662e+02  1.51580003e+02  5.76223145e+02
  -1.04542189e-02]
 [ 3.19509125e+02  5.52678711e+02  3.81302277e+02  5.78904053e+02
   2.12796968e-02]
 [ 1.21830365e+02  3.82584320e+02  1.93728938e+02  4.27150544e+02
   1.13954100e-01]
 [ 2.36188507e+02  3.93516785e+02  2.81271881e+02  4.37169800e+02
   1.13953862e-01]
 [ 1.57759827e+02  5.56430603e+02  2.29270569e+02  5.86950256e+02
  -1.03491257e-03]
 [ 1.18702308e+02  1.76455291e+02  2.20894731e+02  2.17852570e+02
   3.11585988e-02]
 [ 3.26743695e+02  5.66874023e+02  3.91069049e+02  5.94346436e+02
   3.86933229e-02]]