[[ 6.60651229e+01  2.29497986e+02  1.45312227e+02  2.54938629e+02
  -9.47076946e-02]
 [ 1.53259827e+02  2.22213684e+02  2.25664124e+02  2.47072876e+02
  -1.15906748e-01]
 [ 4.22421138e+00  2.82896272e+02  8.65473607e+01  3.11516326e+02
  -5.91252046e-02]
 [ 1.00230553e+02  2.72797394e+02  1.78915680e+02  3.09194550e+02
  -6.84250240e-03]
 [ 1.97080642e+02  2.67367767e+02  3.07944825e+02  2.97995087e+02
  -6.53073314e-02]
 [ 1.26945877e+01  3.31611053e+02  1.82152100e+02  3.74679474e+02
  -4.75172631e-02]
 [ 1.98450134e+02  3.29952850e+02  2.92667572e+02  3.62888824e+02
  -2.07721003e-02]
 [ 3.30477865e+02  5.98178749e+01  4.80227641e+02  4.96244011e+01
  -3.57759650e-01]
 [ 2.04567083e+01  6.58979574e+01  1.50669238e+02  5.62147821e+01
  -2.24302125e-01]
 [ 5.85950375e+00  1.01878357e+02  1.13148222e+01  1.22596588e+02
   2.29511550e-01]
 [ 2.28578743e+01  1.00760300e+02  1.15740556e+02  1.03610412e+02
  -1.98376237e-01]
 [ 1.23820261e+02  8.04519588e+01  1.67552145e+02  9.31952428e+01
  -1.98375838e-01]
 [ 2.75540977e+02  9.44067945e+00  3.14498025e+02  3.02676259e+01
   1.17405340e-02]
 [ 2.77264893e+02  3.41026535e+01  3.21956543e+02  5.72692261e+01
   5.67399719e-02]
 [ 3.90019836e+02  2.95894135e+02  4.63801331e+02  3.11333771e+02
  -1.12697540e-01]
 [ 4.81384751e+02  2.83446292e+02  5.34109450e+02  2.87943051e+02
  -2.13965968e-01]
 [ 3.69213806e+02  1.62798065e+02  4.01064819e+02  2.00192810e+02
  -4.01833108e-02]
 [ 4.06266479e+02  1.51391220e+02  4.22613525e+02  1.94832382e+02
  -5.33093886e-02]
 [ 3.71656731e+02  2.23496949e+02  4.56784187e+02  2.60331695e+02
  -3.52486110e-02]
 [ 4.62030304e+02  2.18258850e+02  5.20105347e+02  2.59830231e+02
  -7.65645852e-02]]