[[ 4.21543030e+02  1.76142044e+01  4.49657227e+02  6.47206497e+01
   6.36176177e-01]
 [ 2.03452017e+02  1.32213699e+02  2.79408823e+02  1.54617814e+02
   7.39783558e-02]
 [ 2.90294284e+02  1.38649885e+02  3.26656521e+02  1.52897448e+02
   6.97374239e-02]
 [ 3.38178022e+02  1.39113064e+02  3.93636309e+02  1.65000827e+02
   1.97457464e-01]
 [ 2.49204224e+02  1.55114685e+02  3.66498047e+02  1.81039703e+02
   6.70147354e-02]
 [ 4.92045532e+02  9.52302551e+00  5.66916023e+02  7.19109674e+01
   3.30867293e-01]
 [ 1.90301361e+01  1.46122162e+02  5.89074707e+01  1.68858002e+02
   2.12292134e-01]
 [ 1.27840652e+01  1.61229538e+02  5.28113174e+01  1.81750931e+02
   1.53569384e-01]
 [ 5.90930176e+00  1.01327362e+02  8.88905945e+01  1.30610428e+02
   7.16542396e-02]
 [ 1.11807831e+02  1.09493073e+02  1.92617523e+02  1.38055664e+02
   7.16543036e-02]
 [ 4.52049622e+02 -2.62864304e+00  4.87352173e+02  2.93798752e+01
   3.23176051e-01]]