[[ 1.43697933e+01  7.28676299e+01  2.46558676e+02  1.32681595e+02
   3.11358085e-02]
 [ 1.35363846e+01  1.26462448e+02  1.10527008e+02  1.69175125e+02
   1.66065524e-02]
 [ 1.34765762e+02  1.26226791e+02  2.21664474e+02  1.79021713e+02
   1.07405964e-01]
 [ 2.45831177e+02  1.31785797e+02  2.76040710e+02  1.71923981e+02
   9.15696574e-03]
 [ 1.26640002e+01  1.80215363e+02  2.62175522e+02  2.37427368e+02
   1.46630665e-02]
 [ 1.01163251e+01  2.34633026e+02  1.25700020e+02  2.75469086e+02
   4.75246258e-05]
 [ 1.00189510e+01  2.86386932e+02  2.41434067e+02  3.27749054e+02
  -8.26603903e-03]
 [ 3.32404213e+02  1.39958871e+01  5.83342957e+02  1.03048996e+02
   2.90420359e-02]]