[[ 2.72257231e+02  1.51290334e+01  4.07479037e+02  5.58863178e+01
  -1.72816180e-01]
 [ 2.56793030e+02  1.59845383e+02  4.70733337e+02  1.85175064e+02
  -1.41890090e-01]
 [ 4.63675697e+02  6.68796375e+01  5.59375183e+02  1.10946487e+02
   4.89854242e-02]
 [ 2.37427261e+01  1.65456886e+01  1.08152473e+02  4.72698402e+01
  -1.03230479e-01]
 [ 9.29693909e+01  1.08000931e+02  1.27546326e+02  1.24495239e+02
  -1.86141272e-02]
 [ 2.67627689e+02  2.42724460e+02  3.53344601e+02  2.66026425e+02
  -1.35261603e-01]
 [ 1.65567799e+02  4.23860722e+01  1.67107800e+02  7.24850368e+01
   5.86579732e-01]
 [ 1.98600677e+02  5.72163086e+01  2.02398407e+02  8.86263580e+01
   5.68487258e-01]
 [ 1.61364919e+02  7.48463239e+01  1.92086375e+02  1.16242085e+02
   4.42712553e-01]]