[[ 1.39177036e+02  3.28766936e+02  2.11994381e+02  3.63180513e+02
   1.11182647e-01]
 [ 6.00190887e+01  3.50704346e+02  1.31496353e+02  4.18119385e+02
  -2.44049353e-01]
 [ 2.37459778e+02  2.65489960e+01  3.18660522e+02  5.63293457e+01
  -1.94630869e-03]
 [ 9.71272226e+00  2.26279419e+02  2.13271362e+02  2.84465454e+02
   9.21822167e-03]
 [-7.18948364e-01  4.15803986e+02  6.87613754e+01  4.44401031e+02
   9.10144906e-02]
 [ 7.89149933e+01  4.22975769e+02  1.35665710e+02  4.38013062e+02
  -1.31750179e-02]
 [ 5.64212148e+01  1.35272369e+01  2.45447930e+02  1.32359482e+02
   5.25467231e-03]]