[[ 3.12216835e+02  4.79172264e+01  3.72797386e+02  8.19989266e+01
   9.91912258e-02]
 [ 4.34040161e+02  2.13955719e+02  4.96676636e+02  2.28051086e+02
  -1.94156183e-01]
 [ 5.26384094e+02  2.65391464e+01  5.89093201e+02  6.59872284e+01
   3.24098158e-01]
 [ 2.99915332e+01  2.35973557e+01  8.87833787e+01  8.55959274e+01
  -3.44430678e-02]
 [ 1.53143489e+02  2.41767369e+01  2.30134129e+02  8.47142943e+01
  -1.91089267e-02]
 [ 3.41560547e+02  9.07542877e+01  4.31649719e+02  1.21301010e+02
   5.52718651e-02]
 [ 4.50747676e+02 -2.22431704e+00  4.99786138e+02  3.47153868e+01
   2.78534085e-01]]