[[ 3.90005310e+02  2.94958191e+02  5.31579163e+02  2.88801453e+02
  -2.24930445e-01]
 [ 4.67658997e+01  2.38707886e+02  1.80525024e+02  3.93455994e+02
   8.09015341e-02]
 [ 3.37308925e+02  1.20852418e+02  3.99627354e+02  1.38971190e+02
  -2.56993251e-01]
 [ 4.07426335e+02  8.83928282e+01  5.94548340e+02  8.77450104e+01
  -2.56993492e-01]
 [ 3.41914927e+02  1.67285022e+02  5.05349843e+02  1.76385602e+02
  -1.59405696e-01]
 [ 3.47784858e+02  2.13603044e+02  4.11509759e+02  2.48094954e+02
  -5.68412250e-02]
 [ 4.36802307e+02  2.03507355e+02  5.37656311e+02  2.40916931e+02
  -5.68411324e-02]
 [ 2.77562687e+02  1.87864862e+01  3.54088314e+02  4.85451960e+01
  -1.91071580e-02]
 [ 1.00040922e+01  4.22608197e+01  1.51151616e+02  5.58035419e+01
  -2.39923937e-01]
 [-6.50704193e+00  1.06663559e+02  2.04669042e+02  1.20948259e+02
  -1.76342179e-01]
 [ 3.37241364e+02  5.36623840e+01  4.20528351e+02  5.41596069e+01
  -4.17645454e-01]]