[[ 7.00515713e+00  3.38571198e+02  6.18386386e+01  3.23654938e+02
  -5.58320785e-01]
 [ 1.72399139e+01  3.66900024e+02  5.39687653e+01  3.62650085e+02
  -5.71122045e-01]
 [ 6.67508240e+01  3.39687500e+02  8.97813568e+01  3.39720032e+02
  -5.67592925e-01]
 [ 2.86596018e+01  3.95823307e+02  8.88300184e+01  3.81169369e+02
  -5.75097944e-01]
 [ 2.72377372e+02  4.37919435e+02  3.81088143e+02  4.37158934e+02
  -1.64816800e-01]
 [ 2.89406677e+02  4.80080170e+02  3.44995056e+02  4.95636749e+02
  -1.09543134e-01]
 [ 3.55773743e+02  4.78302795e+02  4.18851379e+02  4.87513794e+02
  -1.26444098e-01]
 [ 3.09253429e+02  5.27039735e+02  3.97402150e+02  5.48746642e+02
  -5.00965069e-02]
 [ 3.26650787e+02  5.71950500e+02  4.35754669e+02  5.92716125e+02
  -5.23927769e-03]
 [ 9.36855469e+01 -1.38458327e-01  2.34889038e+02  1.54159348e+02
   4.36147652e-02]
 [ 7.33113412e+00  4.95294280e+02  1.25320250e+01  5.10523896e+02
   2.66820665e-01]
 [ 2.86708211e+01  4.93116020e+02  5.67963725e+01  5.23727974e+02
   2.16359655e-01]
 [ 1.95537445e+02  4.17144043e+02  2.81105103e+02  4.29636108e+02
  -2.27390085e-01]
 [ 2.99891162e+02  3.92997378e+02  4.38324658e+02  3.96217954e+02
  -2.27390885e-01]
 [ 2.16561077e+02  4.68930512e+02  2.93920856e+02  4.84995574e+02
  -1.59470140e-01]
 [ 1.25751636e+02  3.06392453e+02  1.68104443e+02  3.39694828e+02
   2.78264524e-01]
 [ 3.65110016e+01  4.45910103e+01  8.42356567e+01  1.05886544e+02
   2.58421223e-02]]