[[ 3.63381882e+01  2.97354309e+02  1.08020149e+02  3.07825745e+02
  -2.76934080e-02]
 [ 1.24955292e+02  2.94984741e+02  2.24378143e+02  3.04602661e+02
  -2.76920950e-02]
 [ 2.49190199e+02  2.90806000e+02  3.80243394e+02  3.00416229e+02
  -2.66039598e-02]
 [ 2.77549895e+01  2.20421600e+01  2.29434801e+02  8.44254913e+01
   2.13239622e-03]
 [ 3.15985451e+01  1.80717270e+02  9.84792786e+01  2.39751999e+02
  -1.82883845e-02]
 [ 1.85949809e+02  1.47266049e+02  3.99839071e+02  2.69807071e+02
   1.36713708e-01]
 [ 3.36033868e+02  2.24737624e+01  4.19941596e+02  4.88692781e+01
   1.76283839e-02]
 [ 3.19174438e+02  3.38158630e+02  5.20445190e+02  3.68131531e+02
   2.13667093e-02]
 [ 3.32391184e+02  3.87209839e+02  4.36829825e+02  4.20911560e+02
  -1.89114619e-03]
 [ 4.52956016e+02  3.88207062e+02  5.76856240e+02  4.20646698e+02
  -1.89159978e-03]
 [ 4.90146057e+02  2.76499664e+02  5.42557556e+02  2.98094025e+02
   1.70178172e-02]
 [ 1.52358246e+00  2.83940796e+02  2.50381448e+02  2.94304749e+02
  -2.55102454e-02]
 [ 2.81736838e+02  2.76790924e+02  3.70362161e+02  2.91055267e+02
  -2.55104552e-02]
 [ 3.76486742e+02  1.95292862e+02  5.08309827e+02  2.62128967e+02
  -3.34553886e-02]
 [ 4.26488098e+02  5.98561478e+00  5.82617981e+02  4.34337578e+01
   1.56316883e-02]
 [ 1.34100928e+01  3.90648560e+02  2.13264138e+02  4.38120789e+02
   7.48542366e-03]
 [ 2.67730857e+02  3.78993439e+02  3.53955483e+02  4.33983062e+02
  -4.00350574e-02]
 [ 5.43442526e+02  2.76283841e+02  5.73641459e+02  3.01525363e+02
   6.96573717e-02]]