[[ 2.34066040e+02  2.91660339e+02  3.80028748e+02  3.44714478e+02
   8.58864450e-02]
 [ 3.96068967e+02  3.19933438e+02  4.50825137e+02  3.48290012e+02
   9.18409746e-02]
 [ 2.90265717e+02  2.84522580e+00  3.50570465e+02  3.86437497e+01
   1.42857112e-01]
 [ 3.15489441e+02  5.70694389e+01  4.13283508e+02  7.71315613e+01
  -7.52282611e-02]
 [ 4.18070496e+02  5.25339508e+01  4.52950073e+02  7.49963379e+01
  -6.08940433e-01]
 [ 1.31624725e+02  3.32870392e+02  3.21956940e+02  3.83725189e+02
   6.10060800e-02]
 [ 3.45285492e+02  3.44552155e+02  3.95330170e+02  3.84974396e+02
   9.02636672e-02]
 [ 4.16993774e+02  3.51467926e+02  4.48069946e+02  3.80912689e+02
   5.97345527e-02]
 [ 2.81821671e+01  1.11882645e+02  1.57336304e+02  1.48339981e+02
  -9.88215811e-02]
 [ 3.72147608e+01  2.15437471e+02  9.79962072e+01  2.36018950e+02
  -1.75020447e-01]
 [ 1.44333706e+02  1.81627015e+02  4.19930820e+02  1.91020996e+02
  -1.71790880e-01]]