[[ 3.19710947e+02  2.22750734e+02  3.85146597e+02  2.43171447e+02
  -5.15684579e-02]
 [ 3.97136069e+02  2.19965363e+02  4.38563882e+02  2.35863677e+02
  -7.67014769e-02]
 [ 4.42367832e+02  2.17455904e+02  4.92131801e+02  2.31746763e+02
  -7.67028639e-02]
 [ 4.32167468e+02  1.71983889e+02  5.03300977e+02  2.00305143e+02
  -1.47615990e-01]
 [ 3.80035400e+01  1.32858292e+02  1.25333252e+02  1.42077774e+02
  -1.89309090e-01]
 [ 2.15535821e+01  1.66807129e+02  8.37624389e+01  1.82051605e+02
  -1.93455704e-01]
 [ 8.88095322e+01  1.53871475e+02  1.42750885e+02  1.70495346e+02
  -1.93456236e-01]
 [ 5.86727621e+01  1.95797731e+02  8.96531657e+01  2.16965758e+02
  -1.16601613e-01]
 [ 9.68304215e+01  1.84481203e+02  1.39829597e+02  2.04711150e+02
  -1.94103384e-01]
 [ 4.20141449e+01  2.31700272e+02  1.23030441e+02  2.43388260e+02
  -2.02423995e-01]
 [ 3.85405884e+01  8.40138855e+01  1.89580719e+02  9.30352020e+01
  -1.37223910e-01]]