[[ 6.33791510e+00  6.95126725e+01  1.09522375e+02  1.34754852e+02
  -4.51660744e-03]
 [ 1.53542770e+02  6.70629959e+01  2.19503342e+02  1.35765259e+02
  -2.02302099e-02]
 [ 1.07725410e+01  1.81947113e+02  1.11828587e+02  2.44448792e+02
  -1.89377082e-02]
 [ 1.43487538e+02  3.50701202e+02  3.02494594e+02  4.30132904e+02
   1.48859186e-02]
 [ 3.30484343e+02  3.52155518e+02  5.09676210e+02  4.33360109e+02
   4.06795491e-02]
 [ 5.22186297e+02  2.74926388e+02  5.72853132e+02  3.08087711e+02
   8.43853481e-02]
 [ 6.53200828e+01  2.84307099e+02  2.62619485e+02  3.21784088e+02
  -2.82859718e-02]
 [ 1.73251363e+02  2.06167496e+02  2.38683390e+02  2.54658645e+02
  -2.06234580e-02]
 [ 2.87357330e+02  1.94531281e+02  4.22215119e+02  2.51212829e+02
  -1.09105471e-02]
 [ 4.01776611e+02  3.43366974e+02  5.75567688e+02  3.66127228e+02
   2.46421989e-02]
 [ 4.88593536e+02  2.70066892e+02  5.22830353e+02  2.96808352e+02
   6.67181683e-02]
 [ 3.07178467e+02  2.77284302e+02  4.13239075e+02  2.86440552e+02
  -2.66047373e-02]
 [ 3.48011566e+02  2.89451050e+02  4.14760590e+02  3.00826233e+02
  -2.67112378e-02]]