[[ 3.15089630e+02  2.85102417e+02  4.08593231e+02  3.14370056e+02
   5.19898355e-02]
 [ 3.16162575e+02  3.23403413e+02  3.83196373e+02  3.46215789e+02
  -3.13198445e-02]
 [ 3.18442074e+02  3.65300202e+02  4.10302188e+02  3.93295319e+02
  -2.73187353e-02]
 [ 1.84202080e+01  8.05725708e+01  1.06341888e+02  4.16383972e+01
  -5.78236264e-01]
 [ 1.84768272e+01  1.01205657e+02  1.06027367e+02  5.99793854e+01
  -5.74020314e-01]
 [ 3.58240876e+01  1.17437758e+02  1.03227396e+02  9.07319201e+01
  -5.71136816e-01]
 [ 1.65317047e+02  1.32988251e+02  2.01097717e+02  1.54828979e+02
   7.75321091e-02]
 [ 3.11281843e+02  2.15167603e+02  4.01245928e+02  2.30891723e+02
  -4.09024160e-02]
 [ 3.12518463e+02  2.50449829e+02  4.07906647e+02  2.71414612e+02
  -3.74982033e-02]
 [ 2.90977590e+02  8.11612692e+01  3.20786997e+02  1.13038438e+02
   9.24631647e-02]]