[[ 3.42077332e+01  3.62486115e+02  1.14287659e+02  3.84131989e+02
   1.36370933e-02]
 [ 1.31164566e+02  3.63872955e+02  2.18408524e+02  3.87551727e+02
  -1.42009885e-02]
 [ 4.20238586e+02  1.24559784e+01  5.92639709e+02  4.45551834e+01
   1.85858026e-02]
 [ 3.52150691e+02  3.40050197e+01  4.55533940e+02  7.13624425e+01
   1.10478387e-01]
 [ 4.78970093e+02  4.41041107e+01  5.98535278e+02  8.72256927e+01
   1.10478996e-01]
 [ 1.82317500e+02  7.55399939e+01  2.39989568e+02  8.40796808e+01
  -1.15000390e-01]
 [ 1.82075958e+02  1.05044167e+02  2.41709106e+02  1.13030403e+02
  -1.19443364e-01]
 [ 2.92398055e+02  1.57174422e+02  3.44060868e+02  1.94444749e+02
   6.37968975e-02]
 [ 2.89626648e+02  1.84548935e+02  3.55414429e+02  2.19003891e+02
   6.06883089e-02]
 [ 2.65989877e+02  1.22576950e+02  3.50770927e+02  1.12314469e+02
  -3.09218281e-01]
 [ 5.13017578e+01  1.92609299e+02  1.58874406e+02  2.43017380e+02
   1.10740796e-01]
 [ 3.42678157e+01  2.78962036e+02  2.10223018e+02  3.27307007e+02
   4.77263805e-02]
 [ 2.46915009e+02  4.82112312e+00  2.83131073e+02  2.84662914e+01
   5.90050035e-02]
 [ 2.87944122e+02  1.09606857e+01  3.36343475e+02  3.12296906e+01
   2.06655999e-02]
 [ 3.41914213e+02  1.20761718e+01  4.04686067e+02  3.52265320e+01
   2.06655708e-02]
 [ 3.02778480e+02  1.34228112e+02  3.79503075e+02  1.20625541e+02
  -3.39869471e-01]]