[[ 5.32936249e+01  3.69452179e+02  9.38623047e+01  3.95723114e+02
   1.36028109e-02]
 [ 1.08791352e+02  3.76172140e+02  1.20362060e+02  3.96672220e+02
   9.25070255e-02]
 [ 3.86087231e+02  3.18819488e+02  5.07353931e+02  3.69683075e+02
   3.74584853e-03]
 [ 4.33469116e+02  8.19314346e+01  4.96882629e+02  9.18283615e+01
  -1.69494669e-01]
 [ 4.17810572e+02  1.23468554e+02  5.28552979e+02  1.31519592e+02
  -2.31358252e-01]
 [ 1.86231752e+02  3.61600494e+02  2.44345549e+02  3.91825287e+02
   7.05526538e-03]
 [ 6.87844772e+01  2.42741947e+01  1.97581543e+02  8.13807602e+01
  -7.83995904e-03]
 [ 2.46792923e+02  2.28785706e+01  2.98312012e+02  6.48333206e+01
  -2.32648151e-02]
 [ 3.44115875e+02  2.72963161e+01  4.44393585e+02  6.14341125e+01
  -2.32649954e-02]
 [ 1.65712530e+01  3.34977874e+02  9.47413538e+01  3.68781220e+02
   1.09041955e-01]
 [ 2.88993163e+02  2.05338959e+02  4.29097779e+02  2.35630005e+02
   7.21690902e-03]
 [ 3.19318542e+02  2.64297821e+02  4.38229797e+02  2.99627106e+02
   2.26385979e-02]
 [ 4.70982651e+02  5.54529509e+01  5.85190963e+02  6.36532121e+01
  -1.96950463e-01]
 [ 4.47817627e+02  1.48698212e+02  5.96503052e+02  1.62775024e+02
  -1.88337495e-01]
 [ 1.10397402e+01  8.97608862e+01  3.20549133e+02  1.17690834e+02
  -4.28432744e-02]
 [ 1.58136214e+00  1.54705826e+02  2.45001775e+02  2.10913467e+02
  -7.48813218e-02]]