[[ 3.04623596e+02  2.93653137e+02  4.47382324e+02  3.71652344e+02
  -1.15850420e-02]
 [ 1.89309848e+01  3.67946442e+02  4.88754479e+01  3.89165009e+02
   1.39484591e-02]
 [ 6.75648784e+01  3.67100006e+02  1.08926455e+02  3.96771332e+02
   9.89398753e-02]
 [ 1.28425481e+02  3.69473755e+02  1.56100765e+02  3.90905335e+02
   1.39481025e-02]
 [ 4.81440796e+02  4.63034744e+01  5.65144409e+02  5.83024750e+01
  -2.24296824e-01]
 [ 2.43117790e+01  3.02936344e+01  1.32150253e+02  5.80702209e+01
  -9.71800973e-03]
 [ 1.76647583e+02  1.89718647e+01  2.85392090e+02  6.07373962e+01
  -6.28563329e-03]
 [ 1.48910726e+01  1.10152123e+02  1.85070466e+02  1.30579651e+02
  -1.67336433e-01]
 [ 2.31071045e+02  8.62339783e+01  3.39825745e+02  1.20734711e+02
  -4.42720040e-02]
 [ 6.49154816e+01  3.14602966e+02  1.35650665e+02  2.97179810e+02
  -5.53224792e-01]
 [ 2.30718933e+02  2.10520462e+02  3.06226807e+02  2.31715866e+02
   7.34253554e-03]
 [ 3.26314735e+02  2.11366882e+02  4.81084130e+02  2.32999756e+02
   7.34245280e-03]
 [ 2.25635559e+02  2.43411560e+02  2.70863624e+02  2.66121033e+02
   6.83490248e-03]
 [ 2.95798462e+02  2.43891113e+02  3.81498108e+02  2.66751862e+02
   5.90919312e-03]
 [ 1.94675995e+02  3.67374084e+02  2.48271820e+02  3.94531006e+02
   1.36301540e-02]
 [ 4.82098321e+00  3.30787231e+02  1.04502766e+02  3.76726685e+02
   1.06645328e-01]
 [ 4.51306641e+02  8.45037231e+01  5.33412537e+02  8.23049774e+01
  -2.25251320e-01]
 [ 4.11351776e+00  6.88888474e+01  3.82367744e+01  7.82598801e+01
  -2.13590891e-01]
 [ 3.89236755e+01  6.57952652e+01  4.72015610e+01  7.90799179e+01
   2.30451825e-02]
 [ 5.23996526e+01  6.32085875e+01  7.62845324e+01  7.90098114e+01
   1.97238965e-02]
 [ 6.06599478e+00  9.30565035e+01  1.98248500e+01  1.03046188e+02
  -3.03128841e-02]
 [ 2.47736162e+01  8.75459060e+01  5.02122389e+01  1.06994484e+02
   1.07927473e-01]
 [ 5.50322536e+01  9.15717698e+01  6.80519520e+01  1.01416115e+02
  -3.03125699e-02]
 [ 7.20605011e+01  8.71485519e+01  1.04229202e+02  1.00151665e+02
  -3.37350056e-02]
 [ 1.06961117e+02  8.61411592e+01  1.37182834e+02  1.03059570e+02
  -3.51163938e-02]
 [ 1.39992889e+02  8.41563873e+01  1.56769135e+02  9.83785553e+01
  -3.70136122e-02]
 [ 5.77828231e+00  1.12179836e+02  2.18545874e+01  1.29685947e+02
   3.82196908e-02]
 [ 3.18575496e+00  1.37939560e+02  3.00622004e+01  1.51944565e+02
  -5.00618058e-02]
 [ 3.30642892e+01  1.37105587e+02  3.90792502e+01  1.52894168e+02
   2.70177176e-02]
 [ 1.68406040e+00  1.62383072e+02  5.61753661e+01  1.76220810e+02
  -5.86001201e-02]
 [ 5.95203171e+01  1.59331192e+02  1.09157661e+02  1.73112595e+02
  -5.85981795e-02]
 [ 1.12628218e+02  1.55208710e+02  1.55498224e+02  1.75498444e+02
   5.97759227e-02]
 [-2.59592056e-01  1.89757690e+02  5.54290335e+01  2.02617127e+02
  -9.77686710e-02]
 [ 5.75211563e+01  1.84826660e+02  8.22417068e+01  2.02727753e+02
   2.92515122e-04]
 [ 8.72240524e+01  1.84190506e+02  1.00265709e+02  2.05790726e+02
  -1.05126636e-02]
 [ 1.01728797e+02  1.87548337e+02  1.34934174e+02  1.98317566e+02
  -2.18157209e-01]
 [ 9.17736053e-01  2.14496704e+02  4.62500420e+01  2.36328186e+02
   4.62440297e-02]
 [ 5.30254364e+01  2.21726486e+02  6.00577240e+01  2.23598434e+02
  -7.36863970e-02]
 [ 6.38745117e+01  2.13296677e+02  7.03716736e+01  2.30330673e+02
   7.30062884e-03]
 [ 8.59348297e-01  2.42799164e+02  9.78362560e+00  2.63291229e+02
   4.22478097e-02]
 [ 1.58588829e+01  2.43287842e+02  4.16124039e+01  2.62176147e+02
   2.38383392e-02]]