[[ 2.22922643e+02  1.90846597e+01  3.32904200e+02  3.47097777e+01
  -3.49383733e-03]
 [ 3.49714827e+02  1.88533955e+01  4.02376603e+02  3.44670410e+01
  -3.49373249e-03]
 [ 4.20232442e+02  1.87495480e+01  4.51121806e+02  3.42967147e+01
  -3.49393366e-03]
 [ 4.65934652e+02  1.86417311e+01  5.26833618e+02  3.40321884e+01
  -3.49383983e-03]
 [ 1.79228327e+02  2.97688720e+02  3.05230794e+02  3.52670900e+02
   8.15504659e-02]
 [ 2.68918579e+02  2.02853973e+02  2.89711914e+02  2.71255951e+02
   9.06985983e-01]
 [ 4.14508514e+02  3.79818512e+02  4.76254669e+02  4.24820892e+02
   8.35076924e-02]
 [ 3.84099243e+02  4.43705536e+02  4.86177979e+02  5.11281830e+02
   1.24461499e-01]
 [ 4.07321947e+02  1.96819384e+02  4.16738112e+02  2.30451582e+02
   7.69448543e-01]
 [ 4.07576294e+02  3.18612335e+02  4.27979675e+02  3.39001007e+02
  -3.50169822e-01]
 [ 4.23034960e+02  2.65520697e+02  5.12118299e+02  2.77157403e+02
  -4.61985873e-01]
 [ 3.47460618e+02  1.58805162e+02  4.20224868e+02  1.73135786e+02
  -1.27369441e-01]
 [ 2.88883453e+02  2.03036316e+02  3.08204132e+02  2.60639374e+02
   9.27167904e-01]
 [ 3.43880352e+02  4.15132719e+02  4.36267597e+02  4.46602022e+02
   1.06131191e-01]
 [ 3.69532654e+02  3.33909119e+02  4.40268127e+02  2.71371460e+02
  -1.04032768e+00]]