[[ 4.29238247e+02  3.28728851e+02  4.94563266e+02  3.90606720e+02
   8.14594072e-02]
 [ 9.35516205e+01  6.73411703e+00  2.98051661e+02  5.69024276e+01
  -4.65342156e-03]
 [ 1.26658997e+02  1.35851077e+02  4.10639480e+02  1.88325742e+02
  -1.82233717e-01]
 [ 3.47512817e+02  2.35679779e+02  3.95182312e+02  2.78265900e+02
   3.02026349e-01]
 [ 3.41120729e+02  2.79293728e+02  3.64189818e+02  3.06004489e+02
   1.10207994e-01]
 [ 3.83615265e+02  2.84830597e+02  4.18508026e+02  3.12735199e+02
   9.66914073e-02]
 [ 4.33815824e+02  2.91826748e+02  4.64150790e+02  3.17066013e+02
   1.10209742e-01]
 [ 2.88249054e+01  7.44395523e+01  2.88566589e+02  1.14996010e+02
  -5.27168426e-02]
 [ 3.19603180e+02  5.99309120e+01  4.60153107e+02  8.39591064e+01
  -8.58434020e-02]
 [ 4.78062890e+02  5.84927601e+01  5.68042609e+02  7.65159374e+01
  -6.08415480e-02]]