[[ 2.49513519e+02  1.14609149e+02  3.03971954e+02  1.26095548e+02
  -3.19781638e-01]
 [ 4.03381770e+02  2.08773528e+02  4.47858647e+02  2.34728822e+02
   2.07637731e-01]
 [ 3.97165771e+02  4.13087128e+02  5.04225647e+02  4.25106354e+02
   8.49942933e-04]
 [ 5.19498560e+02  4.13246826e+02  5.82651098e+02  4.25173096e+02
   8.50359652e-04]
 [ 3.93486969e+02  4.31093475e+02  4.58356781e+02  4.42263458e+02
   2.73785201e-04]
 [ 4.72651294e+02  4.31138428e+02  5.18236035e+02  4.42279785e+02
   2.73125269e-04]
 [ 5.32778598e+02  4.31175690e+02  5.72804531e+02  4.42301056e+02
   6.46437945e-04]
 [ 5.53075714e+01  3.99327789e+02  1.01328843e+02  4.21658051e+02
   1.68957147e-03]
 [ 1.19737907e+02  4.01472107e+02  1.48881042e+02  4.20431946e+02
   9.96252994e-04]]