[[ 3.55256470e+02  3.90643036e+02  4.22739990e+02  4.34664337e+02
   8.88964322e-02]
 [ 4.58680879e+02  4.09996956e+02  4.84636443e+02  4.40660698e+02
   5.59267442e-02]
 [ 2.87926542e+02  1.08812957e+02  3.16041537e+02  1.41528749e+02
   4.63563031e-01]
 [ 2.78394531e+02  1.36568390e+02  3.04441406e+02  1.67110840e+02
   4.43365896e-01]
 [ 2.54262834e+02  1.56829507e+02  3.09591231e+02  2.03542166e+02
   4.29385434e-01]
 [ 3.77904419e+02  3.19719208e+02  4.81868408e+02  2.43125763e+02
  -9.53212649e-01]
 [ 4.81752220e+01  4.55634537e+01  3.04559275e+02  7.17838821e+01
  -7.39034223e-03]
 [ 3.74440002e+01  9.32697525e+01  1.15512390e+02  1.22117683e+02
  -9.39010906e-03]
 [ 3.67905186e+02  4.42363400e+02  4.13193386e+02  4.71168705e+02
   1.30857210e-01]
 [ 4.44410950e+02  4.51817047e+02  5.46373352e+02  4.88696381e+02
   1.10006414e-01]
 [ 4.36367767e+02  2.86465088e+02  5.09214630e+02  2.55545471e+02
  -8.25466868e-01]
 [ 4.67132477e+02  3.34490936e+02  5.42930420e+02  3.51563751e+02
  -4.61412373e-01]]