[[ 1.60092773e+01  3.71308960e+02  1.13878159e+02  4.79344116e+02
   5.71271691e-01]
 [ 3.22024108e+02  2.14326263e+02  3.91421631e+02  2.69175537e+02
   4.80426424e-01]
 [ 3.12734473e+02  2.37916156e+02  3.60028473e+02  2.78574860e+02
   4.82234536e-01]
 [ 2.43660400e+02  4.07185669e+02  3.62778564e+02  3.96151733e+02
  -2.97118147e-01]
 [ 2.97965485e+02  4.53706116e+02  3.40639130e+02  4.61874390e+02
  -2.60711721e-01]
 [ 3.56476236e+02  4.35248785e+02  4.12596152e+02  4.42677485e+02
  -2.60712579e-01]
 [ 2.64635071e+02  1.83954514e+02  2.98661987e+02  2.09796982e+02
   6.18459917e-02]
 [ 3.55346130e+02  5.58568268e+01  4.39915222e+02  1.31626328e+02
   4.50640972e-01]
 [ 3.31992157e+02  1.10635651e+02  3.82882782e+02  1.64383881e+02
   4.56569040e-01]
 [ 3.13439090e+02  1.54199021e+02  3.64515195e+02  2.05452285e+02
   4.71270282e-01]
 [ 2.41371414e+02  4.43981541e+02  4.28067978e+02  4.17429836e+02
  -2.73120493e-01]
 [ 2.67718674e+02  2.12467618e+02  2.94324233e+02  2.36746554e+02
   1.62748830e-01]]