[[ 2.56470029e+02  1.91469480e+02  3.05408267e+02  2.87783313e+02
   8.73140318e-01]
 [ 2.97066689e+00  9.29245377e+00  4.29612427e+01  2.68425407e+01
  -7.80175331e-04]
 [ 6.29191132e+01  1.06074295e+01  1.31737595e+02  3.47370300e+01
   4.11997542e-02]
 [ 1.50480774e+02  9.17737007e+00  2.05553040e+02  2.64508038e+01
  -7.80208415e-04]
 [ 2.25830856e+02  9.17163849e+00  2.73306580e+02  2.61774139e+01
  -2.57593422e-03]
 [ 4.20551910e+01  4.30448380e+01  2.25596725e+02  6.59477768e+01
   6.51008800e-03]
 [ 9.89212189e+01  7.57085571e+01  1.85839676e+02  9.42902985e+01
   2.76211784e-02]
 [ 8.29232776e+00  1.07782677e+02  1.36271915e+02  1.33959167e+02
  -1.08453531e-02]
 [ 1.52895767e+02  1.09600540e+02  2.28791733e+02  1.26214951e+02
  -3.28847343e-02]
 [ 2.43180181e+01  1.48651734e+02  2.16129675e+02  1.70718506e+02
  -2.09873055e-02]
 [ 3.98414978e+02  4.26641266e+02  5.15931580e+02  4.93275970e+02
   1.06481868e-01]
 [ 3.54314026e+02  1.49593536e+02  4.11518372e+02  1.66202972e+02
  -1.76132538e-01]
 [ 4.44361311e+02  3.24043294e+02  5.29061357e+02  2.81772502e+02
  -8.76461583e-01]
 [ 3.45004059e+02  4.18253851e+00  3.73444061e+02  2.09337311e+01
  -2.04663689e-03]
 [ 3.83343030e+02  6.91826586e+00  4.29054369e+02  2.08199157e+01
  -2.04664428e-03]
 [ 4.39041500e+02  6.88708769e+00  4.54840824e+02  2.07671615e+01
  -1.76416958e-01]
 [ 4.66024536e+02  1.03081827e+01  4.86654724e+02  2.07020264e+01
  -2.04674234e-03]
 [ 4.95815796e+02  4.24551105e+00  5.93735718e+02  2.04828758e+01
  -2.04667137e-03]
 [ 3.46696617e+02  2.17128105e+01  3.90232277e+02  3.88749084e+01
  -3.95816171e-03]
 [ 3.48709387e+02  3.98000337e+01  3.92680872e+02  5.74097365e+01
  -5.93066992e-03]
 [ 4.04925364e+02  3.96629907e+01  4.89954397e+02  5.68328284e+01
  -5.93074609e-03]
 [ 3.50240997e+02  5.84329376e+01  3.82948151e+02  7.66333923e+01
  -7.96709820e-03]
 [ 3.86193237e+02  3.72210693e+02  5.90074036e+02  4.43731567e+02
   8.51470323e-02]]