[[ 9.62119077e+01  7.31580211e+00  2.46466132e+02  4.54861450e+01
  -1.81252135e-03]
 [ 9.40559327e+01  7.91547546e+01  2.55373144e+02  1.39240845e+02
   6.40246829e-03]
 [ 6.73591635e+01  3.67489533e+02  1.31822996e+02  4.00967743e+02
  -2.76635481e-02]
 [ 6.30388031e+01  2.27483475e+02  1.00803757e+02  2.62496887e+02
  -1.49602417e-02]
 [ 1.20177826e+02  2.17677368e+02  2.26604132e+02  2.62253876e+02
   1.36131506e-02]
 [ 2.56192851e+02  2.30729828e+02  3.12854329e+02  2.58010650e+02
  -1.64056265e-02]
 [ 6.06979328e+01  2.97802246e+02  8.51719403e+01  3.20117737e+02
  -4.01240874e-03]
 [ 1.05543924e+02  2.84600737e+02  1.58444480e+02  3.25190767e+02
   6.91227563e-02]
 [ 1.82166946e+02  2.87198517e+02  2.52375809e+02  3.31694061e+02
   1.83272572e-02]
 [ 1.82760842e+01  5.23661652e+01  4.94774501e+01  7.92682648e+01
  -2.12045857e-03]
 [ 8.60291443e+01  4.31112938e+01  2.16338135e+02  7.88778534e+01
  -2.30540878e-03]
 [ 2.52601852e+02  4.27442474e+01  2.93229370e+02  7.87006073e+01
  -2.30512588e-03]
 [ 9.61287689e+00  3.98420959e+02  4.52829399e+01  4.25405640e+02
  -2.51842768e-01]
 [ 6.36517105e+01  4.04902191e+02  8.75380783e+01  4.24909576e+02
  -2.41930583e-01]
 [ 1.49257706e+02  3.44163696e+02  2.06474564e+02  3.67273560e+02
   9.52450256e-02]
 [ 2.18046221e+02  3.50735289e+02  2.55443098e+02  3.79278199e+02
   9.52424043e-02]
 [ 2.69393982e+02  3.48010010e+02  3.62595215e+02  3.94434998e+02
   1.74867046e-01]
 [ 3.83021057e+02  3.60273010e+02  4.20175110e+02  3.92384949e+02
   1.16971021e-01]
 [ 4.41520203e+02  3.63314270e+02  5.04816284e+02  4.02330994e+02
   1.16970965e-01]]