[[ 3.42492647e+01  2.56140046e+02  2.24491282e+02  2.77920074e+02
  -4.86244651e-02]
 [ 4.72037304e+01  3.04748475e+02  1.99697209e+02  3.24165344e+02
  -7.91856333e-02]
 [ 2.29413010e+02  3.07016968e+02  2.59719604e+02  3.13480042e+02
  -4.02585933e-02]
 [ 2.90371887e+02  2.90125549e+02  4.20710815e+02  3.16278625e+02
  -3.89911274e-02]
 [ 5.99213943e+01  3.42956329e+02  1.21996559e+02  3.68217560e+02
  -2.35119375e-02]
 [ 7.00953117e+01  3.82702362e+02  1.58317240e+02  4.09244232e+02
  -1.95431817e-02]
 [ 1.82630798e+02  3.74271729e+02  3.33038406e+02  4.12607667e+02
   4.34371622e-02]
 [ 8.10201416e+01  4.19867584e+02  1.44570465e+02  4.43464569e+02
  -1.32796017e-03]
 [ 1.69085297e+02  4.18757721e+02  2.66675079e+02  4.43302399e+02
  -1.32822403e-03]
 [ 2.93885543e+02  4.24786255e+02  3.40451127e+02  4.43204407e+02
  -6.51165078e-03]
 [ 1.67906601e+02  2.38615360e+01  4.52394897e+02  1.04186043e+02
  -2.19589277e-02]]