[[ 1.02299316e+02  1.91083328e+02  2.59863983e+02  2.19700394e+02
   3.28931219e-03]
 [ 1.53048179e+02  2.27253250e+02  2.21022866e+02  2.47858810e+02
   2.65165456e-03]
 [ 7.67779694e+01  2.61874084e+02  1.42452560e+02  2.81772461e+02
   2.03590089e-03]
 [ 1.56516937e+02  2.62036377e+02  1.93702058e+02  2.81848450e+02
   2.03639826e-03]
 [ 2.09207301e+02  2.62143646e+02  2.54977208e+02  2.88443024e+02
   2.03657704e-03]
 [ 2.72112823e+02  2.62276031e+02  2.99859955e+02  2.82021027e+02
   1.68734309e-03]
 [ 6.61806801e+01  2.95515076e+02  3.07832267e+02  3.21254089e+02
   1.44021653e-03]
 [ 3.48531109e+02  2.43829194e+02  5.02893818e+02  2.93254608e+02
  -2.71749967e-02]
 [ 4.79256748e+02  1.83239741e+01  5.80811245e+02  5.12679372e+01
   1.77065237e-02]
 [ 9.70302480e+00  2.43350544e+01  1.02834878e+02  4.48910828e+01
  -8.86601129e-03]
 [ 1.28354042e+02  2.57885686e+01  1.55087731e+02  4.49646987e+01
  -9.97901968e-03]
 [ 6.19168282e+01  6.23432465e+01  1.32506210e+02  8.23532715e+01
  -3.51604963e-02]
 [ 4.08764267e+00  1.04356400e+02  1.31452164e+02  1.30624008e+02
  -4.25118364e-02]
 [ 1.46940541e+01  2.29606659e+02  1.61033386e+02  2.67889221e+02
   1.63347670e-02]
 [ 3.17342985e+02  2.03273819e+02  4.36486544e+02  2.44269089e+02
   6.75958095e-02]
 [ 4.22796925e+02  7.37121044e+01  5.00394969e+02  9.02347187e+01
   3.32582018e-02]
 [ 5.30757751e+02  7.70837479e+01  5.54017517e+02  8.89089127e+01
   2.78703956e-02]
 [ 4.23064285e+02  8.95098336e+01  5.04965928e+02  1.13605019e+02
   4.21758550e-02]
 [ 5.32848262e+02  9.31036909e+01  5.91970586e+02  1.17276665e+02
   4.21758912e-02]
 [ 4.83373082e+02  1.15189936e+02  5.62958828e+02  1.58522283e+02
   2.07849029e-01]
 [ 1.58914825e+02  3.04546680e+01  2.42377319e+02  5.37200851e+01
  -1.22177039e-02]]