[[ 2.94350891e+02  6.68413239e+01  3.41150330e+02  1.06201080e+02
   1.10475871e-01]
 [ 3.14170529e+02  2.58819416e+00  3.52335086e+02  5.25587098e+01
   4.45142595e-01]
 [ 3.71105957e+02  3.55433502e+01  5.32727173e+02  1.38047089e+02
   4.03582194e-01]
 [ 1.60103281e+02  1.32300052e+02  2.10635855e+02  1.65754543e+02
  -4.57274668e-01]
 [ 2.96534576e+02  2.24367416e+02  3.56879120e+02  2.39326126e+02
  -4.03481077e-02]
 [ 2.95343245e+02  2.52423447e+02  3.67913652e+02  2.71705810e+02
  -2.33204285e-02]
 [ 2.93150055e+02  2.88017059e+02  3.85732147e+02  3.10731720e+02
  -3.42805145e-02]
 [ 2.92777008e+02  3.41523987e+02  3.75954071e+02  3.61204163e+02
  -3.19530373e-02]
 [ 4.60820496e+02 -6.31628418e+00  4.40106140e+02  7.47125473e+01
   8.02715211e-01]
 [ 5.09267148e+02  2.48072879e+01  5.75392883e+02  1.11307442e+02
   3.90089078e-01]]