[[ 1.88737121e+01  2.30065055e+02  4.04950820e+01  2.83623667e+02
   9.50369168e-01]
 [ 1.85182190e+01  2.68226288e+02  3.98616524e+01  3.21512970e+02
   9.77934144e-01]
 [ 4.11548193e+02  3.86154632e+02  5.49856500e+02  4.46192659e+02
   2.39304807e-02]
 [ 4.14001923e+02  4.85275694e+02  5.83515777e+02  5.49850038e+02
   5.98982618e-02]
 [ 3.73384033e+02  1.65368385e+01  5.03038330e+02  3.46979179e+01
  -3.95443916e-03]
 [ 3.24846985e+02  5.91194458e+01  4.18357727e+02  7.41276550e+01
  -1.55036991e-02]
 [ 4.38989655e+02  5.13007927e+01  5.64622070e+02  7.10048828e+01
  -1.38029345e-02]
 [ 3.36621726e+02  9.53174365e+01  4.84573464e+02  1.17299278e+02
  -3.27724617e-02]
 [ 5.06285126e+02  9.09701767e+01  5.95706787e+02  1.13655830e+02
  -3.27724816e-02]
 [ 7.68063466e+00  2.40913895e+02  2.10446328e+01  2.76636535e+02
   9.65641286e-01]
 [ 9.28399243e+00  2.41481548e+01  6.59280909e+01  4.37972799e+01
   9.08180754e-02]
 [ 4.02490906e+02  4.47434479e+02  4.59862305e+02  4.76779572e+02
   3.59108825e-02]
 [ 4.86665344e+02  4.57438934e+02  5.09099671e+02  4.78548492e+02
   2.85549526e-02]]