[[ 4.78700149e+02  1.56906522e+02  5.07426071e+02  1.81221896e+02
   1.77647174e-01]
 [ 5.24224768e+02  1.64927943e+02  5.80285486e+02  1.99496495e+02
   1.84785587e-01]
 [ 1.07269012e+02  2.15037003e+02  1.61971191e+02  2.51681808e+02
   1.70735139e-02]
 [ 2.72549212e+02  1.97020051e+02  3.80476911e+02  2.36637115e+02
  -5.14475017e-02]
 [-4.32344237e+00  9.96066396e+01  1.49205149e+02  8.38991587e+01
  -3.63416678e-01]
 [ 1.73468399e+02  3.49430618e+01  2.24949753e+02  5.50928268e+01
  -3.63416637e-01]
 [ 2.44179306e+02  7.26331663e+00  3.03278748e+02  3.48539238e+01
  -2.39961079e-01]
 [ 3.89398530e+02  2.33148666e+02  4.65948150e+02  2.69912292e+02
  -9.33692021e-04]
 [ 4.83740143e+02  2.32539963e+02  5.26546875e+02  2.68818970e+02
  -1.79812887e-01]
 [ 1.73135334e+02  1.23277803e+02  3.17560162e+02  1.39701140e+02
  -9.90315113e-02]
 [ 5.39450706e+02  2.83180129e+01  5.77752175e+02  5.01061662e+01
   8.21456333e-02]
 [ 9.41606582e+01  1.83099243e+02  1.87045303e+02  2.25530731e+02
   1.13015259e-01]
 [ 1.97395248e+02  2.34034576e+02  3.21116028e+02  2.73214081e+02
  -2.13862284e-02]
 [ 2.66578019e+02  4.80100232e+01  3.22881881e+02  4.23559360e+01
  -3.85409387e-01]
 [ 3.25492371e+02  2.53274117e+01  3.78989563e+02  2.26645050e+01
  -3.67020980e-01]
 [ 2.73019381e+02  7.17225541e+01  3.21850797e+02  6.69413100e+01
  -4.12842813e-01]
 [ 2.29031576e+02  1.52738832e+02  2.75993387e+02  1.66726653e+02
  -1.21915141e-01]
 [ 2.86885468e+02  1.45209000e+02  3.17228241e+02  1.61674484e+02
  -1.21914623e-01]]