[[ 3.44144135e+02  3.02263947e+02  3.84218781e+02  3.15011627e+02
  -8.07174822e-02]
 [ 3.95325085e+02  3.02408113e+02  4.10019336e+02  3.12924650e+02
  -9.23266986e-02]
 [ 5.47908613e+01  1.50779876e+01  1.02194952e+02  6.28188630e+01
   1.98357752e-02]
 [ 1.33487865e+02  1.44146567e+01  2.53120717e+02  5.15339660e+01
  -5.90438218e-03]
 [ 8.39580994e+01  7.99312592e+01  1.93492432e+02  1.36214264e+02
   1.12397221e-01]
 [ 2.34915721e+02  3.20470981e+02  3.06846852e+02  3.34198453e+02
  -1.59621594e-01]
 [ 2.38357389e+02  3.58081883e+02  3.33276095e+02  3.73378078e+02
  -1.22145441e-01]
 [ 3.53592773e+02  2.86960879e+02  3.87577515e+02  3.00194089e+02
  -9.52511487e-02]
 [ 2.15459665e+02  7.84725720e+01  2.91106079e+02  1.19873405e+02
  -1.22346737e-02]
 [ 2.35337463e+02  5.59759888e+02  2.85000000e+02  5.69448608e+02
   9.88974835e-03]
 [ 3.16134613e+02  5.60794495e+02  4.33279449e+02  5.71467712e+02
   1.31239325e-02]]