[[ 3.93652207e+02  3.05145633e+02  4.64133743e+02  3.07989865e+02
  -1.88983824e-01]
 [ 4.00304798e+02  6.10016923e+01  5.55288341e+02  9.36712319e+01
  -2.00292525e-01]
 [ 2.02911224e+01  3.80810394e+01  2.13881088e+02  1.00784912e+02
  -1.87885588e-01]
 [ 2.52927246e+01  1.73487854e+02  2.28395050e+02  3.64335388e+02
   1.57238846e-01]
 [ 2.67442780e+02  4.06279373e+00  3.38645477e+02  5.10294456e+01
   1.10925454e-01]
 [ 4.53764174e+02  2.83223820e+02  5.55606462e+02  2.77570858e+02
  -2.36721544e-01]
 [ 3.24273508e+02  1.53053274e+02  5.97306112e+02  1.84213633e+02
  -2.58796238e-01]]