[[ 2.87627136e+02  1.82460388e+02  3.48695374e+02  2.08289917e+02
   8.27248331e-02]
 [ 1.86479458e+02  1.56731931e+02  2.03717991e+02  1.90152499e+02
   6.92477189e-01]
 [ 3.03151093e+02  1.15354752e+02  3.82106293e+02  1.03183228e+02
  -3.03297253e-01]
 [ 3.51278729e+02  4.67001217e+00  5.70988757e+02  7.33068729e+01
   6.94175664e-02]
 [ 4.35012451e+02  2.03620941e+02  5.90463501e+02  2.52314423e+02
   8.99519407e-02]
 [ 4.37764891e+02  2.59956207e+02  5.71141510e+02  3.13114232e+02
   1.65030955e-01]
 [ 4.45698792e+02  3.09714020e+02  5.46861328e+02  3.64328156e+02
   2.62515457e-01]
 [ 2.95388947e+02  1.55157196e+02  3.43151764e+02  1.80664001e+02
   9.46534516e-02]
 [ 1.91141891e+02  1.38062775e+02  2.17996536e+02  1.81751465e+02
   6.91431168e-01]
 [ 2.63041565e+02  3.04348373e+00  3.33593933e+02  3.81730347e+01
   7.21653494e-02]
 [ 3.58431366e+02 -1.32537842e+00  3.50610199e+02  4.57043076e+01
   4.93202775e-01]
 [ 3.43474304e+02  2.51007660e+02  4.48932922e+02  3.29032257e+02
   1.75278071e-01]
 [ 3.54646391e+02  3.20858642e+02  4.42387545e+02  3.92108643e+02
   3.31565418e-01]]