[[ 1.45823303e+01  1.09164428e+01  2.11879726e+02  4.42438813e+01
   4.22894396e-03]
 [ 1.09554378e+01  7.18745423e+01  1.86134040e+02  1.17538238e+02
  -7.60641756e-03]
 [ 6.54738617e+00  1.35509659e+02  1.65492584e+02  1.73379288e+02
  -1.87534449e-03]
 [ 2.11744811e+02  9.11288010e+01  2.32648255e+02  1.11218001e+02
  -3.95699985e-02]
 [ 1.09204560e+02  1.22099060e+02  1.71553718e+02  1.40554474e+02
  -1.22351063e-02]
 [ 1.85158356e+02  1.21169716e+02  2.23317719e+02  1.39790131e+02
  -1.22353186e-02]
 [ 2.34355475e+02  1.20626641e+02  3.07528680e+02  1.38569397e+02
  -1.39826805e-02]]