[[ 7.21356964e+00  2.46717892e+01  1.21807396e+02  4.69719162e+01
  -1.77419830e-01]
 [ 1.55085425e+02  4.16416197e+01  2.06556665e+02  1.08543164e+02
   4.97070502e-01]
 [ 4.03825811e+01  8.79523995e+01  7.41283325e+01  1.13902368e+02
   2.82433334e-01]
 [ 4.12865631e+02  6.70210266e+01  5.37786743e+02  1.11582947e+02
  -4.00779921e-02]
 [ 9.62899077e+01  9.02836457e+01  1.44211992e+02  1.07921356e+02
  -2.94083959e-02]
 [ 9.13327332e+01  1.11269791e+02  1.52540131e+02  1.30646851e+02
  -4.56829755e-03]
 [-9.19693535e+00  6.40170006e+00  6.24201295e+01  2.78873367e+01
  -2.66126082e-02]
 [ 7.03809969e+01  5.79003197e+00  9.45951994e+01  2.13818588e+01
  -7.68628614e-03]
 [ 2.71038766e+02  1.69775256e+02  3.60933524e+02  2.04811475e+02
  -1.40992968e-01]
 [ 3.98188933e+02  1.56799705e+02  5.51609375e+02  1.77748016e+02
  -1.40992681e-01]]