[[ 2.68941528e+02  2.02641894e+02  2.96638672e+02  2.37730481e+02
  -4.64488658e-02]
 [ 2.08365573e+02  4.30166813e+02  4.42951673e+02  3.90498653e+02
  -3.12241182e-01]
 [ 2.28999957e+02  4.58437748e+02  3.56117231e+02  4.51439206e+02
  -2.64601701e-01]
 [ 3.75878796e+02  4.24363683e+02  4.41023243e+02  4.34148524e+02
  -2.77767948e-01]
 [ 1.49858816e+01  3.82260984e+02  9.26599854e+01  4.61918887e+02
   5.55800292e-01]
 [ 1.79306870e+01  4.32801178e+02  8.92391739e+01  5.05620026e+02
   5.33304278e-01]
 [ 1.59497147e+01  4.73040100e+02  5.18762054e+01  5.17010498e+02
   5.80149243e-01]
 [ 2.13122958e+02  2.07078324e+02  2.60140058e+02  2.22035323e+02
  -8.03048199e-02]]