[[ 2.06862538e+02  2.32614075e+02  3.54149425e+02  2.57198364e+02
  -4.11152936e-02]
 [ 4.19530653e+02  2.44827636e+02  4.83025621e+02  2.72348450e+02
   1.90125644e-02]
 [ 1.71221344e+02  1.35471466e+02  2.33616089e+02  1.51481659e+02
  -1.33074449e-01]
 [ 2.52567126e+02  1.14362657e+02  3.21287428e+02  1.37391768e+02
  -1.34298499e-01]
 [ 8.72082520e+01  2.21100693e+02  1.81080627e+02  2.52606094e+02
   2.33950214e-02]
 [ 4.96989822e+00  1.20752075e+02  4.18248825e+01  1.30539978e+02
  -3.65586470e-01]
 [ 5.44915848e+01  9.48921585e+01  2.30068909e+02  7.50576859e+01
  -3.01729400e-01]
 [ 2.39702638e+02  2.59141861e+01  3.45078506e+02  2.09689239e+01
  -3.53743742e-01]
 [ 2.65149536e+02  1.97291870e+02  3.61143433e+02  2.30578644e+02
  -5.06568760e-03]
 [ 4.20866409e+02  2.27610962e+02  4.61242295e+02  2.46060516e+02
  -1.07044302e-02]
 [ 4.78474304e+02  2.26994308e+02  5.29971497e+02  2.44641281e+02
  -1.07052343e-02]
 [ 2.14961761e+02  1.51419113e+02  2.47371521e+02  1.67923904e+02
  -1.23167291e-01]
 [ 2.62830343e+02  1.44939759e+02  3.26255838e+02  1.58158416e+02
  -1.23168330e-01]
 [ 9.15702667e+01  1.94076447e+02  1.68509872e+02  2.22667328e+02
   5.75894682e-02]
 [ 1.87383836e+02  2.04475935e+02  2.02031019e+02  2.23607286e+02
   9.79590024e-02]
 [-9.05359268e+00  4.72726974e+01  1.49975892e+02  6.19305812e+01
  -3.54882856e-01]
 [ 1.85739548e+02  1.17852726e+01  2.43013992e+02  2.69826946e+01
  -3.45869165e-01]]