[[ 1.59978450e+02  5.52746338e+02  2.88138982e+02  5.98171509e+02
   7.87440700e-02]
 [ 3.05492523e+02  4.77249329e+02  4.76333405e+02  5.20116760e+02
  -6.14813591e-03]
 [ 3.12841453e+02  3.22040406e+02  4.39588967e+02  3.56368591e+02
  -6.72893673e-02]
 [ 3.36648555e+02  2.29292496e+02  3.59917363e+02  2.51807449e+02
  -2.90001925e-01]
 [ 3.66569212e+02  2.33021859e+02  3.79640749e+02  2.47513724e+02
  -2.91902034e-01]
 [ 1.49397491e+02  1.44163895e+00  2.74515106e+02  3.64037437e+01
   6.73798353e-02]
 [ 2.98089454e+02  1.30296882e+01  3.75523644e+02  4.32200028e+01
   6.73795887e-02]
 [ 2.38605829e+02  4.53870465e+01  3.29172262e+02  7.12234204e+01
   5.85978260e-02]
 [ 1.02218124e+02  7.15746536e+01  2.42778007e+02  1.01134117e+02
   4.89560488e-02]
 [ 2.65757048e+02  7.99978484e+01  3.77818269e+02  1.10157822e+02
   7.03689881e-02]
 [ 1.02183752e+02  1.07385277e+02  2.01913507e+02  1.29658691e+02
  -5.23634221e-03]
 [ 2.24219194e+02  1.12418319e+02  2.57245117e+02  1.34783203e+02
   3.98320261e-02]
 [ 2.78676344e+02  1.14789718e+02  3.29869981e+02  1.37677476e+02
   3.98315287e-02]
 [ 3.50731810e+02  1.18360474e+02  4.35845278e+02  1.46651795e+02
   3.84460758e-02]
 [ 3.57921093e+02  5.59264161e+02  4.64570118e+02  5.91508056e+02
  -4.67338547e-02]
 [ 3.56270111e+02  4.20487000e+02  4.05676971e+02  4.42259705e+02
   3.01276371e-03]
 [ 3.51185083e+02  4.57331939e+02  4.47606970e+02  4.87912873e+02
   5.93183726e-02]
 [ 3.54059387e+02  3.71835358e+02  4.39067017e+02  3.97374176e+02
  -1.04839594e-01]
 [ 4.41015625e+02  3.55086243e+02  4.68027222e+02  3.82118469e+02
  -6.04159809e-01]
 [ 2.52840179e+02  2.25811066e+02  3.07948029e+02  2.52686401e+02
  -2.74510925e-01]
 [ 1.92202545e+02  2.97822083e+02  2.36960876e+02  3.35882080e+02
   2.58493052e-01]
 [ 4.21508416e+01  1.61212936e+02  2.80740509e+02  2.25234665e+02
   3.06748267e-02]]