[[3.72528006e+02 1.23543044e+02 4.31430490e+02 1.44221818e+02
  7.69876798e-02]
 [3.72211060e+02 1.47175446e+02 4.20330200e+02 1.71163788e+02
  7.56590511e-02]
 [4.30748505e+02 2.03202057e+02 4.91872040e+02 2.40479431e+02
  1.69967462e-01]
 [3.67670517e+01 2.31884491e+02 1.25420634e+02 2.91942902e+02
  1.26090443e-01]
 [1.56474640e+02 2.52360046e+02 2.61963287e+02 3.09251404e+02
  1.26090498e-01]
 [2.78563049e+02 2.81034637e+02 4.17259399e+02 3.28197235e+02
  2.60839884e-02]
 [5.45961151e+01 3.14181061e+02 1.87488480e+02 3.74736176e+02
  9.64292468e-02]
 [2.13796783e+02 3.29046295e+02 2.89735626e+02 3.77697296e+02
  1.15528959e-01]
 [3.17723328e+02 3.38136475e+02 3.61601257e+02 3.84522888e+02
  2.10222872e-01]
 [4.10461304e+02 2.14746399e+02 4.82916016e+02 2.59300873e+02
  2.46285812e-01]]