[[ 1.54112148e+01  1.10953007e+01  7.23259201e+01  3.23810196e+01
  -1.47330867e-02]
 [ 1.52398596e+01  4.36334192e+01  7.34174393e+01  6.48686827e+01
  -2.82533925e-02]
 [ 1.32718291e+02  3.21048348e+01  1.61915223e+02  9.31973731e+01
   7.39032217e-01]
 [ 3.70123077e+02  1.54962494e+02  4.30338898e+02  1.41168701e+02
  -7.44738260e-01]
 [ 1.52597218e+01  8.76845016e+01  7.05247574e+01  1.03402443e+02
  -4.42147306e-02]
 [ 3.82990027e+02  1.88443597e+02  4.10284693e+02  2.14397132e+02
   2.64288570e-01]]