[[ 4.28892128e+02  1.53777839e+02  4.84655235e+02  1.57128014e+02
  -3.10376247e-01]
 [ 4.26293274e+02  2.97221130e+02  5.80728882e+02  2.71018372e+02
  -6.06296371e-01]
 [ 2.65545654e+01  3.92897263e+01  3.06053192e+02  4.75428772e+01
  -2.69849993e-01]
 [-1.72908822e+01  1.81921205e+02  3.79119419e+02  1.60465483e+02
  -3.06562841e-01]
 [ 4.43099847e+02  1.90957356e+02  4.79315254e+02  1.84117504e+02
  -5.08185416e-01]
 [ 3.58726616e+02  4.91872582e+01  5.24450997e+02  5.54567237e+01
  -2.89505540e-01]]