[[ 5.10181816e+02  3.72617290e+02  5.93505684e+02  3.68358846e+02
  -2.65775652e-01]
 [ 2.65492706e+02  3.60359985e+02  3.39147186e+02  3.86180176e+02
   5.24001932e-02]
 [ 7.85329826e+01  3.20281310e+02  1.34204285e+02  3.48644165e+02
   1.94179859e-01]
 [ 1.54126047e+02  3.39657927e+02  1.71903921e+02  3.57229707e+02
   1.91313762e-01]
 [ 2.44232666e+02  2.50777405e+02  5.66095459e+02  3.29304382e+02
   1.68358430e-02]
 [ 4.25699677e+02  3.72782166e+02  4.92727814e+02  3.87635132e+02
  -4.15859802e-02]
 [ 5.30282593e+02  3.85301331e+02  5.77185913e+02  3.89153687e+02
  -2.18607385e-01]
 [ 1.31078354e+02  3.43998352e+02  2.00238547e+02  4.00579347e+02
   2.25201518e-01]
 [-3.76922109e-01  1.69512772e+02  2.29797462e+02  2.34164169e+02
  -9.20894626e-02]]