[[ 1.54246916e+01  5.02310581e+02  2.47386308e+01  5.33477749e+02
   2.56090622e-01]
 [ 4.26772159e+01  5.07611510e+02  6.84454459e+01  5.43358216e+02
   2.29118902e-01]
 [ 8.95768204e+01  5.25234741e+02  9.85696335e+01  5.50461670e+02
   2.11355611e-01]
 [ 2.72717682e+02  4.46357361e+02  3.46952789e+02  4.71957642e+02
  -1.34310441e-01]
 [ 2.89290411e+02  4.94268526e+02  4.06965207e+02  5.18315916e+02
  -8.01185784e-02]
 [ 3.35467707e+02  5.38863160e+02  4.16178717e+02  5.69938720e+02
  -2.80542604e-02]
 [ 1.58276882e+02  3.18747343e+02  1.96617557e+02  3.60660616e+02
   4.30041765e-01]
 [ 1.53816284e+02  4.73473205e+01  4.00085694e+02  2.36245758e+02
   1.13843565e-01]
 [ 7.82749557e+00  4.08426453e+02  1.08608643e+02  3.67788757e+02
  -5.80809342e-01]
 [ 1.06994601e+02  5.10422045e+02  1.10411069e+02  5.36972609e+02
   2.05158603e-01]
 [ 1.24946074e+02  5.21213437e+02  1.62307985e+02  5.48447818e+02
   2.01449730e-01]
 [ 2.04720314e+02  4.01806459e+02  3.91227730e+02  4.08253905e+02
  -1.91781588e-01]
 [ 2.32554260e+02  4.70413086e+02  2.94072754e+02  4.96618652e+02
  -1.14723676e-01]
 [ 1.33848868e+02  3.32911069e+02  2.05742997e+02  3.80960393e+02
   2.89313959e-01]
 [ 1.18215866e+01  5.56656036e+01  1.20349449e+02  1.61660065e+02
   1.79542746e-02]
 [ 3.37391167e+01  3.60734924e+02  1.06802353e+02  3.40924438e+02
  -5.67592274e-01]
 [ 5.03568420e+01  4.07834381e+02  1.27790909e+02  3.86276825e+02
  -5.88254484e-01]
 [ 6.91175992e+01  4.58681915e+02  1.66382859e+02  4.32546173e+02
  -5.95988619e-01]]