[[3.65478640e+02 3.14105432e+02 3.82463804e+02 3.84952673e+02
  3.34699447e-01]
 [4.34819980e+02 3.28562247e+02 4.19561307e+02 3.76897836e+02
  3.49140582e-01]
 [3.85916499e+02 1.31055740e+02 4.45417607e+02 1.53784958e+02
  7.54693826e-02]
 [3.83839539e+02 1.66264816e+02 4.55648010e+02 1.89420059e+02
  6.92146967e-02]
 [4.25429998e+02 1.97373149e+02 4.92633418e+02 2.28468282e+02
  1.93396253e-01]
 [5.40939676e+02 1.91861014e+02 5.67693991e+02 2.28855935e+02
  3.83075830e-01]
 [5.85356323e+02 2.10806213e+02 5.89181519e+02 2.35979767e+02
  3.70696401e-01]
 [5.34515991e+02 2.34906067e+02 5.74271973e+02 2.70140747e+02
  2.71336348e-01]
 [4.60530334e+02 2.58141663e+02 5.81449768e+02 3.19922913e+02
  2.29657205e-01]
 [4.30143250e+02 2.96849823e+02 5.26444406e+02 3.45317720e+02
  1.56363512e-01]
 [5.37727234e+02 3.16024261e+02 5.74700500e+02 3.42311249e+02
  1.43082355e-01]
 [5.01255310e+02 3.47271179e+02 5.31599792e+02 3.73899719e+02
  1.69751948e-01]
 [4.87138667e+02 3.80703491e+02 5.19705754e+02 4.07675782e+02
  1.24299160e-01]
 [4.01238373e+02 2.08528366e+02 4.91366241e+02 2.55714096e+02
  1.99588090e-01]]