[[ 5.13074252e+01  7.64326205e+01  2.15499032e+02  3.76495710e+01
  -3.54882825e-01]
 [ 5.96313934e+01  2.00811737e+02  1.67953720e+02  2.54648682e+02
   1.48937691e-02]
 [ 4.55437286e+02  2.26705582e+02  5.45711222e+02  2.49478562e+02
  -3.42018782e-02]
 [ 4.58868624e+02  1.29128154e+02  4.71985319e+02  1.44279714e+02
   1.70256996e-01]
 [ 4.87626831e+02  1.38359100e+02  5.71749756e+02  1.65301178e+02
   1.71554737e-01]
 [ 4.54961731e+02  1.52594681e+02  4.76318176e+02  1.69966995e+02
   1.81731741e-01]
 [ 4.95099103e+02  1.57045604e+02  5.55487107e+02  1.88982388e+02
   2.49398081e-01]
 [ 2.35260162e+02  1.34172440e+02  3.08329498e+02  1.58143631e+02
  -1.20646326e-01]
 [ 4.12301514e+02  2.13301392e+02  4.69551697e+02  2.30803925e+02
  -9.85724204e-03]
 [ 4.15839935e+02  2.51119278e+02  4.41142731e+02  2.65883057e+02
  -1.86484952e-03]
 [ 4.59010579e+02  2.52890060e+02  4.78634440e+02  2.65813110e+02
  -4.83011155e-03]
 [ 5.20254590e+02  6.40610988e+00  5.63502613e+02  2.38567457e+01
   1.33584578e-01]
 [ 5.17787791e+02  2.39074483e+01  5.32395070e+02  3.72131533e+01
   1.38876282e-01]
 [ 5.47532776e+02  3.07966080e+01  5.67562317e+02  4.21287155e+01
   1.36314798e-01]
 [ 1.48545881e+02  1.30070648e+02  2.46476336e+02  1.49760101e+02
  -1.33075104e-01]]