[[ 2.12575134e+02  2.52793274e+02  5.62877747e+02  3.23401550e+02
  -4.30007968e-03]
 [ 2.00521011e+01  3.59111115e+02  1.29281923e+02  3.85925019e+02
  -5.30031622e-02]
 [ 3.11934128e+01  4.13323334e+02  1.03849327e+02  4.39114166e+02
  -1.76102551e-03]
 [ 1.79016174e+02  1.15767574e+01  2.81697052e+02  5.08916626e+01
  -2.11408653e-03]
 [ 1.73739502e+02  7.70962982e+01  2.90404602e+02  1.17978134e+02
  -2.57487046e-03]
 [ 1.25712757e+01  1.30905609e+02  8.11800537e+01  2.03383148e+02
  -1.02278962e-01]
 [ 2.01404858e+01  2.56489929e+02  8.14081879e+01  3.37696289e+02
  -5.93557736e-03]
 [ 9.35562134e-01  3.96728973e+02  3.45968513e+01  4.23559723e+02
  -2.54223177e-01]
 [ 4.46671669e+01  3.92883514e+02  8.28026360e+01  4.16781769e+02
  -1.74966113e-02]
 [ 9.38960114e+01  3.91217346e+02  1.50044571e+02  4.15605164e+02
  -1.74963867e-02]
 [ 7.91189575e+00  8.89933777e+00  1.76351425e+02  6.49462280e+01
   4.69514138e-02]]