[[ 1.35878998e+02  1.28716476e+02  2.04411346e+02  1.37634201e+02
  -2.70679767e-01]
 [ 4.03867096e+02  1.38492599e+02  4.54884613e+02  1.77060135e+02
   2.29648509e-01]
 [ 3.63636627e+02  2.20202057e+02  4.43525299e+02  2.65377930e+02
   5.96435086e-02]
 [ 2.67347956e+01  2.60918203e+02  6.22189938e+01  4.28051951e+02
   9.62870923e-01]
 [ 3.82871674e+02  4.26210480e+01  4.44076019e+02  7.59981918e+01
   1.10440315e-01]
 [ 1.52351818e+02  2.14970281e+02  2.23175495e+02  2.31227412e+02
  -2.53322886e-01]
 [ 1.03800781e+02  1.25454567e+02  1.73194061e+02  9.71863480e+01
  -5.98286129e-01]
 [ 1.78930984e+02  7.42440643e+01  2.10510117e+02  7.14854889e+01
  -6.00452133e-01]
 [ 4.36369598e+02  6.67896881e+01  4.74350555e+02  8.87452545e+01
   1.09438118e-01]]