[[ 3.08681327e+02  6.25638582e+01  4.26848885e+02  8.60671996e+01
  -1.67792066e-02]
 [ 4.42175163e+02  6.00630341e+01  4.87121712e+02  8.08655700e+01
  -1.09501837e-02]
 [ 5.03683899e+02  5.56595535e+01  5.61059043e+02  8.71445872e+01
   1.10848296e-01]
 [ 3.08044800e+02  8.27450943e+01  3.63127502e+02  1.02950951e+02
  -5.07644087e-03]
 [ 3.73771545e+02  8.79302444e+01  4.21069519e+02  1.01818611e+02
  -1.98103302e-01]
 [ 4.32282433e+02  8.13878174e+01  4.60610023e+02  1.02456070e+02
  -5.07614245e-03]
 [ 4.76521790e+02  8.01775360e+01  5.60138489e+02  1.04077042e+02
  -3.24488545e-04]
 [ 3.06293605e+02  1.02906708e+02  4.02709508e+02  1.23867966e+02
   8.41631836e-04]
 [ 4.16012634e+02  1.02240135e+02  4.90733093e+02  1.23942055e+02
   8.41759579e-04]
 [ 5.08242096e+02  1.02127624e+02  5.69324768e+02  1.24008209e+02
   8.41591303e-04]
 [ 7.42351766e+01  3.16682160e+02  1.24981330e+02  3.26365691e+02
  -1.11303874e-01]
 [ 7.85555633e+01  3.41341828e+02  1.27351282e+02  3.50477569e+02
  -1.18620412e-01]
 [ 6.28993188e+00  6.82222137e+01  5.88689045e+01  8.60895692e+01
   1.97391550e-02]
 [ 7.18539074e+01  1.03605428e+01  7.81536461e+01  3.73717405e+01
   3.64409370e-01]
 [ 9.45540466e+01  1.50724792e+01  1.37326529e+02  3.20865097e+01
   3.30505118e-03]
 [ 2.85501221e+02  4.15875519e+02  3.17125671e+02  4.35271393e+02
   1.64033446e-04]
 [ 1.69444885e+01  1.85725433e+02  3.03906982e+02  2.74155853e+02
   4.77883060e-02]
 [ 8.82007684e+01  3.34874649e+01  1.49011222e+02  5.34153519e+01
   5.39646408e-03]
 [ 7.58176880e+01  6.62510529e+01  1.55534729e+02  8.85002136e+01
   8.83682496e-03]]