[[ 3.43238572e+02  2.66396817e+02  4.11465346e+02  3.09773227e+02
   2.38438171e-01]
 [ 4.37354298e+02  2.90817868e+02  5.12010598e+02  3.44563793e+02
   2.86998908e-01]
 [ 3.48088562e+02  3.18029694e+02  4.41129333e+02  3.64527863e+02
   2.98311821e-01]
 [ 4.68965935e+02  3.53306791e+02  5.17970039e+02  3.88155489e+02
   2.98312462e-01]
 [ 9.01124115e+01  2.60892151e+02  1.89502151e+02  2.95874268e+02
   4.35921071e-02]
 [-1.65637207e+00  3.05041962e+02  1.06120071e+02  3.47640106e+02
   1.04996756e-02]
 [ 1.36745667e+02  3.16557465e+02  2.07464447e+02  3.42389740e+02
   3.38058274e-02]
 [ 2.61267421e+02  3.86515633e+01  3.16303197e+02  1.12290575e+02
   4.69772623e-01]
 [ 3.33963612e+02  1.74900399e+01  4.24204784e+02  3.70323181e+01
  -3.01316385e-03]
 [ 4.42877076e+02  1.67453141e+01  5.38997344e+02  4.16824043e+01
   2.48410467e-02]
 [ 3.66509006e+02  2.41737208e+02  5.31532986e+02  3.13407873e+02
   2.01779205e-01]
 [ 2.09073792e+01  1.38553650e+02  1.03584397e+02  1.74975708e+02
   9.26113778e-02]
 [ 1.35187759e+01  1.84540878e+02  1.01013428e+02  2.21498611e+02
   7.31061563e-02]
 [ 1.32088394e+02  1.94462997e+02  1.70127060e+02  2.27065842e+02
   8.55016636e-02]
 [ 3.02722073e+02  1.28211595e+02  3.77486118e+02  1.16224395e+02
  -3.21296982e-01]]