[[ 4.71186011e+02  4.28413043e+01  5.40902002e+02  5.07810864e+01
  -1.37536235e-01]
 [ 4.48767212e+02  7.26132507e+01  4.81935669e+02  7.90513000e+01
  -2.02419532e-01]
 [ 4.90899933e+02  6.21260796e+01  5.83449219e+02  5.89026222e+01
  -2.11816067e-01]
 [ 4.69763681e+02  1.30105992e+02  5.34659324e+02  1.38479488e+02
  -1.84242922e-01]
 [ 4.77331234e+02  1.58753195e+02  5.52072178e+02  1.68484873e+02
  -1.62895097e-01]
 [ 3.54893533e+02  2.05015472e+02  4.82762595e+02  2.67350220e+02
   5.90911213e-03]
 [ 2.97237582e+02  3.12512024e+02  5.15413236e+02  3.93376892e+02
   6.49149330e-04]
 [ 3.47499847e+00  3.40472839e+02  1.24104050e+02  3.96482849e+02
   5.52099853e-02]
 [ 2.11102203e+02  3.70824860e+02  2.47685760e+02  3.88811371e+02
   5.46620187e-02]
 [ 4.18988941e+02  1.53006748e+02  4.84571667e+02  1.59267453e+02
  -2.89383299e-01]
 [ 2.81898164e+02  2.79535248e+02  3.61824493e+02  3.19959381e+02
   3.69374687e-03]
 [ 3.85572174e+02  2.82592468e+02  4.23963837e+02  3.20188904e+02
  -1.05122768e-01]
 [ 1.18321060e+02  2.99647369e+02  1.71039078e+02  2.95066925e+02
  -4.49138698e-01]]