[[ 7.27410889e+01  1.79014359e+01  1.28500153e+02  4.91667786e+01
  -1.67141705e-03]
 [ 1.62321472e+02  1.77579231e+01  2.70249451e+02  4.75424538e+01
  -4.81839943e-03]
 [ 6.23587837e+01  8.18203506e+01  1.89081589e+02  1.14191399e+02
  -1.17164628e-02]
 [ 2.20940381e+02  8.99295504e+01  2.77210345e+02  1.13158783e+02
  -1.17164744e-02]
 [ 1.35334857e+02  2.44180296e+02  2.64915754e+02  3.12577944e+02
   1.46661807e-01]
 [ 1.15921267e+02  3.24537567e+02  2.60805394e+02  3.58732696e+02
  -6.67951533e-02]
 [ 3.98709773e+02  4.11221832e+02  5.61067815e+02  4.95707123e+02
   1.34926700e-01]
 [ 2.74215942e+02  1.94821518e+02  2.85396729e+02  2.32337357e+02
   9.00090826e-01]
 [ 3.04780426e+02  2.27513031e+02  3.06534576e+02  2.60429077e+02
   6.15395880e-01]
 [ 2.59256592e+02  2.16034317e+02  2.65916626e+02  2.54321060e+02
   8.61419631e-01]
 [ 4.46967533e+02  6.66417158e+01  5.78699368e+02  9.38812488e+01
   4.20284536e-03]
 [ 2.52321854e+02  3.10356903e+02  3.13484985e+02  3.35078827e+02
  -1.04436142e-01]
 [ 3.28464905e+02  2.96996399e+02  3.65136902e+02  3.42751404e+02
   1.91059077e-01]
 [ 3.60004913e+02  3.81425690e+02  4.74067963e+02  4.31510162e+02
   1.49824198e-01]
 [ 2.85068870e+02  2.32725728e+02  3.07788002e+02  3.03940608e+02
   9.53920778e-01]
 [ 2.71590457e+02  1.49741400e+02  2.77483639e+02  1.65903558e+02
   3.35275813e-01]
 [ 2.91499504e+02  1.57467450e+02  3.11614021e+02  1.82799579e+02
   4.38329643e-01]]