[[ 7.53248715e+01  2.15850128e+02  1.72506061e+02  2.66144806e+02
   6.16432285e-03]
 [ 4.65443970e+02  1.23514404e+02  5.82770386e+02  1.67384460e+02
   1.68200154e-01]
 [ 4.61119690e+02  1.59975357e+02  5.66999817e+02  2.04679184e+02
   1.79541827e-01]
 [ 2.59151764e+02  2.07293503e+02  3.67659088e+02  2.60560059e+02
  -4.49550892e-02]
 [ 4.19550446e+02  2.11093201e+02  5.28445435e+02  2.48584534e+02
  -5.72313214e-03]
 [ 2.30761383e+02  1.20957001e+02  3.22597443e+02  1.46352295e+02
  -1.49914558e-01]
 [ 2.93049377e+02  1.96289703e+02  3.48363098e+02  2.15930786e+02
   2.97780229e-03]
 [ 4.05562330e+02  2.55091980e+02  4.45779101e+02  2.67897888e+02
  -4.37852456e-03]
 [ 4.57641022e+02  2.50913422e+02  4.81208588e+02  2.67848297e+02
  -1.40119833e-03]
 [ 1.22559906e+02  1.40914780e+02  1.30604279e+02  1.53056900e+02
   3.08479090e-02]
 [ 1.43149803e+02  1.37009324e+02  1.91756112e+02  1.42925521e+02
  -1.40971063e-01]
 [ 2.02325302e+02  1.26321808e+02  2.26249649e+02  1.37924713e+02
  -1.49323617e-01]
 [ 6.30469160e+01  9.21488970e+01  2.50308309e+02  5.16464216e+01
  -3.60077210e-01]
 [ 2.63781333e+02  1.79355212e+01  3.11791115e+02  2.68446683e+01
  -3.54124426e-01]]