[[ 3.73457447e+02  2.13330597e+02  4.43557873e+02  2.48810638e+02
  -1.07680320e-02]
 [ 3.39012772e+02  2.81566437e+02  4.82205184e+02  3.17313995e+02
  -5.18382056e-04]
 [ 6.05025782e+00  1.19480279e+01  1.13906917e+02  7.10838932e+01
   1.34522423e-01]
 [ 1.14350079e+00  7.64430539e+01  1.54561322e+02  1.28999054e+02
   3.54014516e-02]
 [ 6.99843445e+01  2.47494202e+02  2.86765167e+02  3.17569702e+02
   1.05461809e-03]
 [ 4.14324341e+02  3.92191471e+00  5.21724640e+02  1.88511854e+01
   5.71995429e-03]
 [ 4.14573578e+02  2.38424339e+01  4.76598358e+02  4.79002190e+01
   1.18384658e-01]
 [ 5.00467529e+02  2.60970001e+01  5.69919434e+02  4.18905182e+01
   1.42609913e-02]
 [ 4.15816866e+02  5.00591844e+01  4.40120023e+02  6.32620894e+01
   2.34180983e-02]
 [ 4.61251552e+02  5.36463393e+01  5.09889867e+02  6.48962480e+01
   1.94647673e-02]
 [ 4.14653140e+02  7.67020332e+01  4.63992185e+02  8.90235680e+01
   2.90069231e-02]
 [ 3.16340576e+02  2.44218628e+02  4.69206238e+02  2.81621277e+02
   1.59378312e-02]
 [ 2.01565521e+01  2.18013168e+02  1.21128330e+02  2.47611252e+02
   2.28974274e-03]
 [ 1.57066727e+02  2.08847334e+02  2.62580750e+02  2.45692825e+02
  -6.73136495e-02]
 [ 4.93686951e+02  8.17998734e+01  6.01815622e+02  1.17692101e+02
   4.21754402e-02]
 [ 4.98338867e+02  1.40833923e+02  5.88255615e+02  1.85859619e+02
   6.77148542e-02]]