[[ 2.79384705e+02  2.30781281e+02  3.32104797e+02  2.56618195e+02
  -4.80878506e-02]
 [ 3.53468366e+02  2.27216004e+02  4.31230364e+02  2.55511108e+02
  -4.80875742e-02]
 [ 4.56059836e+02  2.16222458e+02  5.01191018e+02  2.43284347e+02
  -5.38269599e-02]
 [ 1.80389374e+02  2.57521301e+02  3.19985755e+02  3.05341065e+02
   8.45698934e-02]
 [ 3.42770233e+02  2.65054108e+02  3.98319855e+02  2.95489044e+02
   2.26757079e-02]
 [ 4.21861476e+02  2.60423705e+02  5.22285130e+02  2.98300538e+02
   2.26760003e-02]
 [ 5.50960876e+02  2.64052460e+02  5.73305481e+02  2.99457672e+02
  -5.02083674e-02]
 [ 2.28466764e+02  3.05463834e+02  3.32881320e+02  3.41335726e+02
   7.34795087e-02]
 [ 3.52845203e+02  3.11001953e+02  4.22825939e+02  3.48127381e+02
   4.00869747e-02]
 [ 4.49807129e+02  3.16515411e+02  4.97868835e+02  3.59871246e+02
  -4.04889089e-02]
 [ 1.67864349e+02  3.33466919e+02  2.62431976e+02  3.91990967e+02
   2.42084730e-01]
 [ 2.82142570e+02  3.59429961e+02  3.09489266e+02  3.86025605e+02
   9.81418456e-02]
 [ 3.27873291e+02  3.65036835e+02  4.75415100e+02  4.06740631e+02
   3.75799702e-02]
 [ 5.06721857e+02  3.72098876e+02  5.75720800e+02  4.19263249e+02
   1.24201670e-01]
 [ 8.64688110e+00  2.41836929e+01  2.25126648e+02  1.00830971e+02
   2.44294321e-02]
 [ 2.31128082e+01  3.85918457e+02  4.00876617e+01  4.18524414e+02
  -2.52640440e-01]
 [ 5.56093674e+01  3.84588409e+02  1.48557587e+02  4.17777191e+02
  -4.09070763e-02]
 [ 5.79399038e+00  2.10360336e+02  7.28307959e+01  2.73559997e+02
  -5.16393851e-03]
 [ 1.06718979e+02  2.07862076e+02  1.61637894e+02  2.65968445e+02
  -1.35383075e-02]
 [ 2.39977024e+00  3.43489624e+02  8.65269532e+01  3.83322876e+02
  -5.64418000e-02]]