[[ 3.29854340e+02  1.19900017e+01  4.75358124e+02  7.51261902e+01
  -7.88456087e-03]
 [ 5.18116638e+02  4.19819984e+01  5.67876404e+02  7.43967285e+01
  -7.88437115e-03]
 [ 1.13716491e+02  2.94948944e+02  2.13563722e+02  3.35942413e+02
  -3.08937373e-02]
 [ 2.28479654e+02  3.01943147e+02  3.10605856e+02  3.23794341e+02
  -6.80435327e-02]
 [ 2.65075500e+02  1.38722733e+02  3.14311768e+02  1.73534866e+02
   4.42653922e-01]
 [ 2.59222382e+02  1.58499069e+02  2.99082743e+02  1.91373708e+02
   4.32410676e-01]
 [ 2.55326942e+02  1.90859613e+02  2.90760529e+02  2.71212433e+02
   9.02861180e-01]
 [ 3.30564392e+02  3.61674133e+02  4.88828491e+02  4.54457397e+02
   1.08064493e-01]
 [ 3.30573692e+02  1.04739366e+02  3.71134010e+02  1.33703567e+02
  -1.17116427e-01]
 [ 3.34491017e+02  1.42635239e+02  3.97267406e+02  1.88769669e+02
  -5.05278390e-04]
 [ 6.52596130e+01  4.96351852e+01  2.81421844e+02  9.38196640e+01
   7.53406813e-03]
 [ 1.03530487e+02  3.39959900e+02  2.02030060e+02  3.61266968e+02
  -8.41439210e-02]
 [ 2.25169266e+02  3.25891724e+02  2.32491959e+02  3.58488586e+02
   1.98518317e-01]
 [ 2.95593536e+02  2.06936310e+02  3.11025665e+02  2.67810669e+02
   8.97314713e-01]
 [ 3.42305969e+02  4.34631470e+02  5.50578918e+02  5.13128662e+02
   1.04204558e-01]]