[[3.87003845e+02 3.29087791e+01 5.12721619e+02 6.34679985e+01
  2.79694439e-02]
 [3.82667480e+02 8.18681564e+01 3.98005310e+02 1.17176521e+02
  1.58324726e-01]
 [4.39508484e+02 9.45935059e+01 5.27833984e+02 1.30429794e+02
  5.80454597e-02]
 [3.68017248e+02 1.40631040e+02 4.22783472e+02 1.79775393e+02
  8.42767789e-02]
 [4.70348938e+02 1.47218765e+02 5.49713196e+02 1.90498001e+02
  7.87245867e-02]
 [3.54310242e+02 2.04691040e+02 4.04667725e+02 2.50874756e+02
  1.18751307e-01]
 [4.54885132e+02 2.14764954e+02 5.41838867e+02 2.67240936e+02
  1.18751022e-01]
 [2.46736053e+02 5.00902557e+00 3.95125160e+02 5.03964081e+01
  1.50190950e-03]
 [2.24745751e+02 6.81586756e+01 3.25909882e+02 1.21649002e+02
  7.74863542e-02]]