[[ 1.21601609e+01  8.26305005e+01  3.98623848e+01  8.86822586e+01
  -3.04197368e-01]
 [ 4.36629257e+01  6.74817276e+01  7.74457474e+01  8.15138779e+01
  -1.39864699e-01]
 [ 8.29523568e+01  5.93531245e+01  1.25491704e+02  6.14640446e+01
  -3.34769477e-01]
 [ 1.30448120e+02  4.14498739e+01  1.44422211e+02  5.88123637e+01
  -7.14105385e-02]
 [ 2.19551553e+01  1.03352227e+02  5.32299033e+01  1.09503089e+02
  -2.84309708e-01]
 [ 5.72761100e+01  8.82075505e+01  1.39187944e+02  8.53405146e+01
  -2.94376394e-01]
 [ 1.25949326e+01  1.23783112e+02  6.69929657e+01  1.24106567e+02
  -2.74983991e-01]
 [ 7.07945633e+01  1.04278854e+02  8.35831223e+01  1.22340546e+02
  -4.01191589e-02]
 [ 9.00065002e+01  1.02241325e+02  1.57321579e+02  9.84446793e+01
  -3.16531994e-01]
 [ 2.13384897e+01  1.45055542e+02  8.46046906e+01  1.41881683e+02
  -3.48287122e-01]
 [ 8.84476600e+01  1.23854584e+02  1.37594622e+02  1.28047027e+02
  -2.63409558e-01]
 [ 2.37815034e+01  1.69640580e+02  6.30725902e+01  1.72498855e+02
  -2.57760939e-01]
 [ 7.16235504e+01  1.54690292e+02  8.26255035e+01  1.69841904e+02
  -3.87763715e-02]
 [ 8.76395107e+01  1.47292145e+02  1.43044815e+02  1.51013611e+02
  -2.51514702e-01]
 [ 2.57553833e+02  1.58759872e+02  3.06110352e+02  1.47202682e+02
  -6.39414468e-01]
 [ 2.66469122e+02  1.84834853e+02  3.27341791e+02  1.74588395e+02
  -5.17136976e-01]
 [ 2.74424255e+02  2.14234665e+02  3.13551147e+02  2.13690872e+02
  -5.22084788e-01]
 [ 3.10349249e+02  2.09327925e+01  4.84475092e+02  7.21103136e+01
   7.23832039e-03]
 [ 4.97209862e+02  1.30221806e+02  5.61082252e+02  1.49084316e+02
  -1.09085088e-01]
 [ 4.96455928e+02  1.68351092e+02  5.60150304e+02  1.90932600e+02
  -6.24479949e-02]
 [ 4.96762487e+02  2.13870713e+02  5.56224787e+02  2.32974715e+02
  -1.52729109e-02]
 [ 1.91145270e+02  1.92942085e+02  2.19042139e+02  1.95200066e+02
  -6.78259106e-01]
 [ 2.18421689e+02  1.68709979e+02  2.58105410e+02  1.57579236e+02
  -7.36789918e-01]
 [-3.95037192e+00  1.87569169e+02  7.46654407e+01  2.00087386e+02
  -2.35499420e-01]
 [-5.03166720e+00  2.55993089e+02  7.54900917e+01  2.80418640e+02
  -1.94032147e-01]
 [ 3.17033997e+02  7.14839478e+01  4.17881104e+02  1.10989868e+02
   1.87422419e-02]
 [ 4.77715759e+02  2.61265656e+02  5.44149869e+02  2.89094758e+02
   4.88041267e-02]
 [ 1.91047592e+02  2.12154648e+02  2.61491340e+02  1.80421837e+02
  -7.44640076e-01]]