[[ 3.12008525e+02  9.38907838e+00  3.60119222e+02  4.60757539e+01
   8.32770052e-02]
 [ 3.82858734e+02  6.40254211e+00  4.59455841e+02  7.44010773e+01
   2.16384102e-01]
 [ 5.03720581e+02  1.15001907e+01  5.87758545e+02  6.50767822e+01
   8.32766507e-02]
 [ 5.01871605e+01  1.33634377e+01  1.44509674e+02  4.76988258e+01
  -2.96506138e-02]
 [ 5.68530672e+01  7.03161394e+01  1.68801821e+02  1.02045433e+02
  -6.70934025e-02]
 [ 4.27245850e+02  2.50454559e+02  5.89292480e+02  3.18015778e+02
   1.93280254e-01]
 [ 2.85255698e+02  1.50566543e+02  3.51733010e+02  1.83036057e+02
   6.44899766e-02]
 [ 2.83813293e+02  1.84324019e+02  3.57518921e+02  2.11220201e+02
   5.81238400e-02]
 [ 4.02767190e+02  5.46269042e+01  4.96544212e+02  9.66016877e+01
   1.40790331e-01]
 [ 5.25679258e+02  6.46571804e+01  5.88460513e+02  1.09628724e+02
   1.40789710e-01]
 [ 1.44493173e+02  1.34445985e+01  1.99000205e+02  4.19398123e+01
   9.79306859e-02]
 [ 3.72195190e+02  1.75457581e+02  5.26790894e+02  2.49300262e+02
   1.00778659e-01]]