[[ 5.34467010e+01  4.99351692e+00  1.93101791e+02  4.62517853e+01
  -7.97645577e-03]
 [ 4.82387409e+01  6.45844195e+01  2.61163954e+02  1.06846519e+02
  -1.92872874e-02]
 [ 3.02572183e+02  6.44037175e+01  4.58025717e+02  1.03049102e+02
  -1.92872583e-02]
 [ 3.66937027e+01  1.31162247e+02  2.41082458e+02  1.75247452e+02
  -3.16744327e-02]
 [ 2.87415605e+02  1.36987748e+02  4.49531417e+02  1.68642776e+02
  -3.16741617e-02]
 [ 3.16101563e+01  2.17584595e+02  2.15767125e+02  2.53565826e+02
  -3.79335457e-02]
 [ 1.44850601e+02  4.03552643e+02  1.25101425e+02  4.93382538e+02
   5.98558000e-01]
 [ 1.93686981e+02  3.98570068e+02  4.19459686e+02  4.63498718e+02
  -3.27066405e-02]
 [ 4.23771684e+02  4.86077649e+00  4.75170028e+02  2.60974216e+01
  -4.70374184e-03]
 [ 3.80868693e+02  4.17768976e+01  5.30587362e+02  6.87558592e+01
  -7.55284040e-03]
 [ 2.16747086e+02  3.05382141e+02  3.41503357e+02  3.19340515e+02
  -1.56316624e-01]
 [ 3.71735260e+02  2.77020447e+02  5.00235931e+02  2.94653076e+02
  -1.51484487e-01]
 [ 1.81889535e+02  3.62339907e+02  4.76552482e+02  3.66674314e+02
  -1.20195069e-01]]