[[ 1.85432251e+02  2.78845947e+02  3.55296509e+02  2.97124084e+02
   6.69305327e-03]
 [ 3.80917689e+02  2.77663055e+02  4.76568456e+02  2.89427460e+02
  -1.25652315e-02]
 [ 1.74342911e+02  3.06472412e+02  2.31890915e+02  3.20932861e+02
  -2.77330772e-02]
 [ 2.67097656e+02  3.02214325e+02  4.11656860e+02  3.16294342e+02
  -2.08806485e-02]
 [ 4.18786844e+02  1.51387252e+01  4.85023459e+02  5.81344834e+01
   5.12348096e-03]
 [ 5.09696167e+02  2.71094849e+02  5.43358643e+02  3.03521545e+02
   9.77715066e-02]
 [ 1.49644669e+02  3.56603577e+02  4.06146973e+02  4.18149231e+02
  -9.25600223e-04]
 [ 1.88652802e+00  1.05644627e+01  2.18469696e+02  1.08096268e+02
  -3.96128694e-02]
 [ 1.18082504e+01  1.37837219e+02  2.01540131e+02  2.25208313e+02
  -1.09274237e-02]
 [-8.06552887e+00  2.83964844e+02  1.82638947e+02  3.10642883e+02
  -3.19781907e-02]
 [ 5.47528655e+02  2.77971250e+02  5.73334138e+02  3.01975589e+02
   8.65927589e-02]
 [ 3.75818052e+02  3.48286407e+02  5.35003511e+02  3.88483003e+02
   2.71282914e-02]
 [ 2.14367149e+02  2.22983795e+02  3.96124428e+02  2.59559448e+02
  -1.63371513e-02]
 [ 4.22145447e+02  2.19723099e+02  5.01701843e+02  2.49233475e+02
  -2.06234982e-02]]