[[ 2.43231724e+02  5.01828676e+02  3.58615749e+02  5.20993467e+02
  -8.13845880e-02]
 [ 2.61046121e+02  5.41698731e+02  4.33776328e+02  5.79308471e+02
  -1.83900692e-02]
 [ 4.06483055e+01  3.85621833e+02  1.15039347e+02  3.62274896e+02
  -5.80499017e-01]
 [ 5.92377853e+01  4.22514134e+02  1.38051125e+02  4.16227077e+02
  -4.78880125e-01]
 [ 1.38243489e+02  3.18428097e+02  2.35350780e+02  3.77549869e+02
   3.05723681e-01]
 [ 2.36198297e+01  4.93670775e+02  7.04697318e+01  5.43835695e+02
   2.31577789e-01]
 [ 9.88434315e-01  3.64002380e+02  2.09618683e+01  3.64474060e+02
  -5.63447188e-01]
 [ 2.65889714e+01  3.41960817e+02  7.78181026e+01  3.29369811e+02
  -5.29412313e-01]
 [ 6.70469955e+00  3.88313179e+02  9.10299883e+01  3.53322563e+02
  -5.70020177e-01]]