[[ 2.72433039e+02  2.29942292e+02  3.26276983e+02  2.29557860e+02
  -2.23170851e-01]
 [ 2.65628644e+02  2.51881047e+02  3.16981036e+02  2.51619289e+02
  -2.33381650e-01]
 [ 8.98649216e+01  8.51110554e+00  1.33427826e+02  1.83573532e+01
  -6.05328128e-04]
 [ 1.49591034e+02  3.74801064e+00  1.95403320e+02  2.50372696e+01
   9.87293987e-02]
 [ 2.11358459e+02  8.43756390e+00  2.38008209e+02  1.82846794e+01
  -6.05304182e-04]
 [ 6.92989655e+01  2.70504017e+01  1.09710953e+02  4.10294571e+01
  -9.93237892e-04]
 [ 1.22730774e+02  2.70080166e+01  1.96278595e+02  4.09434738e+01
  -9.93231215e-04]
 [ 2.10587936e+02  2.69310837e+01  2.44477432e+02  4.08956070e+01
  -9.93211599e-04]
 [ 4.76776657e+01  5.01776009e+01  8.94654617e+01  6.48648529e+01
  -1.27731977e-03]
 [ 1.02500710e+02  5.01122894e+01  2.44704285e+02  6.46667099e+01
  -1.10147721e-03]
 [ 2.49133339e+01  7.45056686e+01  5.07916451e+01  8.99863052e+01
  -1.57581679e-03]
 [ 6.24438689e+01  7.44529495e+01  1.25008093e+02  8.98693619e+01
  -1.57590026e-03]
 [ 1.40833283e+02  7.43412628e+01  1.76423400e+02  8.97886352e+01
  -1.39123556e-03]
 [ 1.93277789e+02  7.38016885e+01  2.44033002e+02  9.14503409e+01
   4.88056249e-02]
 [ 6.79919434e+01  1.00021729e+02  9.69945221e+01  1.15443344e+02
  -1.88012667e-03]
 [ 1.10979452e+02  9.99497681e+01  1.85570353e+02  1.16149704e+02
  -1.89056505e-03]
 [ 1.08080738e+01  1.27991127e+02  4.82081444e+01  1.44286743e+02
  -2.02807144e-03]
 [ 6.31814613e+01  1.26990715e+02  1.35849396e+02  1.44097534e+02
  -2.01718824e-03]
 [ 1.51190582e+02  1.27751465e+02  2.31249908e+02  1.43211945e+02
  -2.15233823e-02]
 [ 9.53471601e+01  1.54195327e+02  1.42292114e+02  1.76155198e+02
   7.24560603e-02]
 [ 1.62484173e+02  1.51057891e+02  2.10092701e+02  1.81742219e+02
   1.62567088e-01]
 [ 3.15280151e+01  1.86647491e+02  1.41875916e+02  2.04646759e+02
  -2.94511368e-03]
 [ 1.58463551e+02  1.85318237e+02  2.40103709e+02  2.10589142e+02
  -3.02020402e-03]
 [ 2.49154343e+02  1.65322189e+02  3.70225769e+02  1.58228836e+02
  -1.90533768e-01]
 [ 2.46068939e+02  1.91512375e+02  3.58547211e+02  1.82663406e+02
  -2.02308504e-01]
 [ 2.44585325e+02  2.14208100e+02  3.06721864e+02  2.15374481e+02
  -2.06375289e-01]
 [ 3.19934728e+02  1.98433294e+02  3.42758631e+02  2.05709101e+02
  -2.06374606e-01]
 [ 2.20016495e+02  3.68030029e+02  2.54678818e+02  3.93482117e+02
   4.03119794e-01]
 [ 2.08198792e+02  3.89794220e+02  2.57530121e+02  4.26683990e+02
   3.95925107e-01]
 [ 2.01748154e+02  4.18370911e+02  2.47342545e+02  4.51453491e+02
   3.89374886e-01]]