[[ 3.49577271e+02  1.60135086e+02  5.41649414e+02  2.21300278e+02
   2.77853790e-03]
 [ 3.31439171e+02  3.29683014e+02  4.72787269e+02  3.54892426e+02
   3.33977030e-02]
 [ 5.02235695e+02  3.42301177e+02  5.98907005e+02  3.59106110e+02
   3.33976828e-02]
 [ 9.09806443e+01  1.58369217e+01  1.57339371e+02  2.88623124e+01
   2.98219777e-03]
 [ 8.26783416e+01  3.85007973e+01  1.67420413e+02  5.17596169e+01
   5.22418244e-03]
 [ 7.25608368e+01  6.17642822e+01  1.37418915e+02  7.59859924e+01
   7.62188419e-03]
 [ 6.43499980e+01  8.66950835e+01  1.31460709e+02  1.02062348e+02
   1.01920847e-02]
 [ 7.10756942e+01  3.34571473e+02  1.28068730e+02  3.48297119e+02
  -1.17992277e-01]
 [ 2.68261627e+02  4.22600403e+02  3.15157745e+02  4.37863831e+02
  -3.58174891e-02]
 [ 3.94395103e+02  2.10452892e+01  5.95882729e+02  1.34171370e+02
  -2.80321728e-02]
 [ 7.92765045e+01  3.17213654e+02  1.24988373e+02  3.26431183e+02
  -1.07078298e-01]
 [ 3.20501730e+02  4.15761414e+02  3.51471781e+02  4.34311523e+02
  -6.64253387e-03]]