[[ 5.55475101e+02  7.59522152e+01  5.48420163e+02  1.02224360e+02
   1.00251676e+00]
 [ 5.71245555e+02  9.41727635e+01  5.84028737e+02  1.24207379e+02
   7.00028483e-01]
 [ 4.23822754e+02  2.20503891e+02  4.84066406e+02  2.40811478e+02
  -7.73905589e-02]
 [ 4.91303986e+02  2.10723541e+02  5.09072052e+02  2.29652924e+02
  -1.29021009e-01]
 [ 4.75626700e+02 -2.11263619e+00  5.50114904e+02  5.45655273e+01
   3.67364377e-01]
 [ 5.49011780e+02  1.57178925e+02  5.95065613e+02  1.66477966e+02
  -2.87955890e-01]
 [ 5.51907393e+02  1.86320546e+02  5.93856401e+02  1.95004405e+02
  -2.85687742e-01]
 [ 4.97114746e+02  2.61512527e+01  5.29293579e+02  5.45962830e+01
   3.29924098e-01]
 [ 5.50408472e+02  4.31663008e+01  5.71658422e+02  6.91037263e+01
   3.29924613e-01]]