[[ 3.95232277e+02  1.60124000e+02  3.82394249e+02  2.28653527e+02
   7.29711874e-01]
 [ 3.55631489e+02  2.16934935e+02  4.36347576e+02  2.64146486e+02
   1.25299902e-01]
 [ 1.34035321e+02  1.83553941e+02  2.26891254e+02  1.87031051e+02
  -2.44708133e-01]
 [ 3.63918335e+02  3.70291290e+01  4.43336731e+02  8.56693573e+01
   1.25282375e-01]
 [ 3.17007272e+02  3.62387575e+02  3.85593375e+02  3.82736204e+02
  -8.06450145e-02]
 [ 1.68253736e+02  2.53217209e+02  2.68104797e+02  2.64997620e+02
  -1.98664900e-01]
 [ 5.33927735e+01  2.81635065e+02  7.36389648e+01  3.91985907e+02
   1.08300367e+00]
 [ 1.60787918e+02  2.81511444e+02  2.03203110e+02  2.87134735e+02
  -2.32862199e-01]
 [ 2.14184384e+02  2.73201150e+02  2.25235812e+02  2.82924216e+02
  -1.30772212e-01]]