[[ 2.40643760e+02  2.00376831e+02  3.08921730e+02  2.30470428e+02
  -2.65778141e-02]
 [ 2.43468933e+02  2.38673325e+02  3.25208252e+02  2.68020020e+02
  -4.44272046e-02]
 [ 5.28838684e+02  3.52476501e+01  5.51079163e+02  5.43812637e+01
   1.43238254e-01]
 [ 5.67637446e+02  3.99078514e+01  5.94857305e+02  6.06952141e+01
   1.43238229e-01]
 [ 5.26981743e+02  6.27082966e+01  5.76968452e+02  8.87324688e+01
   1.52323757e-01]
 [ 5.24950398e+02  9.39505013e+01  5.62225628e+02  1.18766448e+02
   1.61921212e-01]
 [ 1.63821350e+02  1.32231781e+02  3.25305237e+02  1.39440033e+02
  -1.73991685e-01]
 [ 1.67848282e+01  3.28331223e+01  1.30146549e+02  3.95970168e+01
  -3.43213270e-01]
 [ 5.07315517e+01  9.06484957e+01  1.61806641e+02  9.00683441e+01
  -3.67734184e-01]
 [ 4.30595123e+02  2.22047760e+02  5.09380096e+02  2.37401611e+02
  -4.17443781e-02]
 [ 9.36776581e+01  2.11258347e+02  1.57877548e+02  2.37319687e+02
   4.53296365e-02]
 [ 6.37206400e+01  2.46405151e+02  1.79863724e+02  2.69033447e+02
   3.97984885e-03]
 [ 2.90737498e+02  1.93879121e+02  3.31928334e+02  2.14734405e+02
  -4.94702267e-02]
 [ 3.48260020e+02  1.95306031e+02  3.75546072e+02  2.11474181e+02
  -5.12397701e-02]
 [ 4.55900024e+02  1.37465469e+02  5.12430786e+02  1.69014877e+02
   2.11099085e-01]
 [ 4.09868835e+02  2.29787827e+02  4.69444031e+02  2.70934875e+02
  -2.44181904e-02]
 [ 6.42618866e+01  1.86360687e+02  1.31350952e+02  2.13358246e+02
   6.19072612e-02]
 [ 1.57270813e+02  1.93082108e+02  1.93375854e+02  2.17335831e+02
   6.11886716e-02]]