[[ 2.65617493e+02  3.46948792e+02  3.40791809e+02  3.73654907e+02
   6.59995034e-02]
 [ 2.66062477e+02  3.68405117e+02  3.24294151e+02  3.97199803e+02
   1.78656492e-01]
 [ 1.13114410e+02  3.08697968e+02  1.88178192e+02  3.65127899e+02
   1.54437472e-01]
 [ 5.20799436e+02  3.70954133e+02  5.92728396e+02  3.67841155e+02
  -2.43692100e-01]
 [ 5.22998838e+02  3.91056580e+02  5.92748843e+02  3.87944885e+02
  -2.40172068e-01]
 [ 4.18664971e+02  3.74756348e+02  4.68023628e+02  3.88289489e+02
  -1.50864835e-02]
 [ 4.18725250e+02  3.99034790e+02  4.64215973e+02  4.09622559e+02
  -8.64229960e-03]
 [ 1.29200699e+02  3.67241241e+02  1.45835861e+02  3.94463531e+02
   8.50138433e-02]
 [ 1.62141492e+02  3.72716580e+02  1.87924426e+02  4.03164036e+02
   1.98296491e-01]
 [ 2.87590027e+01  5.99798584e+01  2.43765198e+02  1.19912964e+02
   7.90532858e-03]
 [ 1.97283936e+01  1.78055969e+02  2.09121521e+02  2.34081909e+02
   1.20576774e-02]]