[[ 3.33817291e+01  1.72956200e+01  4.67191040e+02  5.87510872e+01
  -1.60717056e-02]
 [ 1.85577602e+01  9.68655703e+01  3.52376749e+02  1.51074646e+02
  -2.78371047e-02]
 [ 2.31120819e+02  3.41786194e+02  4.18326630e+02  3.38306030e+02
  -2.83908690e-01]
 [ 3.27603668e+02  6.02730522e+01  3.85720428e+02  7.49820557e+01
  -1.37742491e-02]
 [ 4.01403061e+02  5.78589853e+01  4.50413284e+02  7.66517722e+01
   4.16443667e-02]
 [ 4.64523401e+02  5.87801385e+01  4.80561133e+02  7.36756262e+01
  -2.26165702e-01]
 [ 4.94934143e+02  5.62309875e+01  5.33565491e+02  8.00362701e+01
   1.49842573e-01]
 [ 5.45981003e+02  5.78920138e+01  5.97906448e+02  7.20591581e+01
  -1.37744006e-02]
 [ 4.23946167e+02  8.13193359e+01  5.53675598e+02  1.00280151e+02
  -7.76947500e-03]
 [ 4.27765518e+02  1.06066063e+02  5.60650589e+02  1.19906212e+02
  -1.97462571e-02]
 [ 4.69546101e+02  1.29924607e+02  5.59628825e+02  1.44734603e+02
  -2.44378903e-02]]