[[-7.95325833e-01  1.03320558e+02  1.20810993e+02  9.84410693e+01
  -3.64865975e-01]
 [ 1.30959625e+02  6.41534500e+01  3.14574615e+02  2.59486618e+01
  -4.24828023e-01]
 [ 1.71370483e+02  1.30978760e+02  2.68804810e+02  1.50240204e+02
  -1.49323529e-01]
 [ 2.78005004e+02  1.13811791e+02  3.22099122e+02  1.44559051e+02
  -7.10486319e-02]
 [ 4.43282204e+01  2.02906433e+02  1.62263123e+02  2.39064026e+02
  -2.83851838e-02]
 [ 4.21969299e+02  2.08813675e+02  4.46614197e+02  2.25500626e+02
  -1.11265966e-02]
 [ 4.60214844e+02  2.11808701e+02  4.95890259e+02  2.28671768e+02
  -1.42214066e-02]
 [ 4.24559113e+02  2.33098099e+02  4.45896820e+02  2.51975815e+02
  -9.43145100e-03]
 [ 4.60574005e+02  2.32651871e+02  5.01755157e+02  2.52683640e+02
  -4.82977506e-03]
 [ 5.29532520e+02  9.71624203e+01  5.55323925e+02  1.15155359e+02
   1.61182236e-01]
 [ 5.11758301e+02  1.17940689e+02  5.63521851e+02  1.41898483e+02
   1.64155719e-01]
 [ 2.13414062e+02  2.10545547e+02  3.74409058e+02  2.46050522e+02
  -2.41791596e-02]
 [ 2.60381012e+02  5.73244705e+01  3.16619049e+02  6.75488968e+01
  -3.29995469e-01]
 [ 3.24267059e+02  3.99284286e+01  3.77252594e+02  4.16422882e+01
  -3.73007093e-01]
 [ 7.23106079e+01  2.31732239e+02  1.77573183e+02  2.73863709e+02
   3.01360241e-02]
 [ 3.89055298e+02  2.44446655e+02  4.68966858e+02  2.69909485e+02
  -9.33622368e-04]]