[[ 2.21169280e+01  4.34837640e+01  3.07321838e+02  1.23587982e+02
  -2.25384791e-02]
 [ 1.88768505e-01  1.69621522e+02  2.83744459e+02  2.41906005e+02
  -4.41478768e-02]
 [ 3.01290100e+02  2.82432129e+02  3.75741150e+02  2.83086731e+02
  -1.86352064e-01]
 [ 2.35630907e+02  3.19258944e+02  4.14133497e+02  3.14209074e+02
  -1.65215495e-01]
 [ 2.36399277e+02  3.53388885e+02  3.40386230e+02  3.70817657e+02
  -1.09984351e-01]
 [ 2.14084255e+02  3.91330566e+02  3.54371129e+02  4.47862976e+02
   5.27672553e-02]
 [ 3.70371702e+02  2.04045525e+01  4.91265017e+02  5.92314033e+01
  -1.10447438e-02]
 [ 3.79636530e+02  8.36854402e+01  4.85253485e+02  1.20401123e+02
  -2.26957059e-02]
 [ 2.60870374e+02  2.62817569e+02  4.77428393e+02  2.48749996e+02
  -1.90941663e-01]]