[[ 6.34670991e+01  2.21591293e+02  1.81655475e+02  2.49673416e+02
  -1.83051541e-02]
 [ 2.03566833e+02  2.21501938e+02  2.74027130e+02  2.49881729e+02
   2.25579893e-03]
 [ 6.89113617e+01  2.65654694e+02  1.40328463e+02  2.92863434e+02
   1.48963052e-03]
 [ 1.62972584e+02  2.65839844e+02  2.59275921e+02  2.93040649e+02
   1.49065978e-03]
 [ 8.82873383e+01  3.77007751e+01  2.01307724e+02  9.00074158e+01
   2.74623646e-02]
 [ 4.31535919e+02  9.48428345e+00  4.71182953e+02  2.93340530e+01
   9.91732175e-03]
 [ 4.92731313e+02  8.75655357e+00  5.49124918e+02  2.57933544e+01
   8.28600225e-03]
 [ 4.09393015e+02  3.01369625e+01  4.62182790e+02  4.82751087e+01
   1.73576272e-02]
 [ 4.85866516e+02  2.64018593e+01  5.73114580e+02  5.54911169e+01
   7.84269770e-02]
 [ 4.57712194e+02  5.37331918e+01  5.64820704e+02  7.60303733e+01
   2.71178894e-02]
 [ 4.09209595e+02  8.32867508e+01  4.28881775e+02  9.89428482e+01
   3.16969930e-02]
 [ 4.53695282e+02  8.11904910e+01  5.87238067e+02  1.04907104e+02
  -1.00699261e-02]
 [ 1.25070374e+02  1.93210220e+02  1.97498108e+02  2.11537582e+02
   2.93213762e-03]
 [ 2.14822510e+02  1.94498856e+02  2.60862244e+02  2.06730484e+02
   3.02086771e-03]
 [ 3.70109033e+01  4.83216082e+00  2.17931453e+02  3.89553034e+01
   1.91973965e-02]]