[[ 1.25084824e+02  1.13973381e+02  2.00538467e+02  7.69726486e+01
  -7.33138970e-01]
 [ 4.42997345e+02  3.61021515e+02  4.54169220e+02  3.76375702e+02
   3.91871775e-02]
 [ 4.64303894e+02  3.55589447e+02  5.52953186e+02  3.84086334e+02
   1.84260616e-02]
 [ 2.45049377e+02  3.51545319e+02  3.09914133e+02  3.89800324e+02
   4.77831746e-02]
 [ 3.09343235e+01  2.32083795e+02  3.69101627e+01  3.43401084e+02
   1.17931119e+00]
 [ 8.20047455e+01  3.23102661e+02  7.63841095e+01  3.91219421e+02
   6.09403673e-01]
 [ 3.84596728e+02  1.33713882e+02  4.63955091e+02  1.69128770e+02
   6.77745240e-02]
 [ 3.25821991e+02  3.45667603e+02  3.86962128e+02  3.77663513e+02
  -5.94891959e-02]]