[[ 7.67615967e+01  7.63604879e+00  2.26501129e+02  7.52610703e+01
  -1.83536728e-03]
 [ 7.23111115e+01  1.06449867e+02  2.26837265e+02  1.45485016e+02
  -1.45130411e-02]
 [ 4.44168353e+01  3.64288750e+02  9.78944162e+01  4.19006418e+02
   5.52577826e-01]
 [ 3.51012155e+01  4.01510430e+02  9.19079398e+01  4.63510871e+02
   5.63078678e-01]
 [ 3.20325591e+01  4.50479063e+02  8.00083344e+01  5.02288332e+02
   5.68518891e-01]
 [ 4.17384338e+00  2.67168915e+02  1.59875000e+02  3.33357880e+02
  -3.44053946e-02]]