[[ 3.52426554e+01  3.41387298e+02  1.01804529e+02  3.62380585e+02
   2.29233466e-02]
 [ 3.26669386e+01  3.72273163e+02  9.24937860e+01  3.95737701e+02
   1.25623244e-02]
 [ 2.62437230e+02  1.95760467e+02  5.25485107e+02  2.71441223e+02
   8.81614101e-03]
 [ 2.58004761e+02  2.86202240e+02  5.20282227e+02  3.81344513e+02
   5.07457630e-03]
 [-8.87054443e-01  7.00709724e+00  2.17996552e+02  6.43450928e+01
  -6.46688305e-03]
 [ 2.75191220e+02  6.03179413e+00  3.47696292e+02  5.92322654e+01
  -2.16145324e-02]
 [ 1.91177063e+02  3.66127716e+02  2.41384979e+02  3.93255768e+02
   1.39579591e-02]
 [ 5.16241333e+02  5.66774292e+01  5.69826294e+02  5.96010208e+01
  -2.03771965e-01]
 [ 5.85291809e+02  4.07077703e+01  5.92214783e+02  5.58194514e+01
   1.26355876e-02]
 [ 9.85675735e+01  3.03844238e+02  1.61622131e+02  2.89294128e+02
  -4.47129478e-01]
 [ 1.29085495e+02  3.21877510e+02  1.79970108e+02  3.21610344e+02
  -4.55146960e-01]
 [ 2.34912448e+00  8.31704483e+01  1.21089272e+02  1.07688454e+02
  -3.65052194e-02]
 [ 1.47904907e+02  8.01174469e+01  2.50100861e+02  1.02003830e+02
  -3.61573592e-02]]