[[ 1.26555417e+02  3.00878204e+02  2.84410278e+02  3.67195404e+02
   1.09316054e-01]
 [ 2.88366188e+02  1.84597090e+02  3.57519005e+02  2.11220201e+02
   5.81233964e-02]
 [ 2.56844208e+02  3.83286514e+01  3.41111969e+02  1.03093437e+02
   3.37071300e-01]
 [ 1.41989380e+02  2.32493103e+02  2.10453979e+02  2.67271088e+02
   7.91317859e-02]
 [ 1.14979856e+01  7.16296213e+01  5.34290698e+01  1.18968416e+02
  -1.14977587e-01]
 [ 8.03602829e+01  6.97052383e+01  1.31829201e+02  1.13246039e+02
  -1.38351896e-01]]