[[ 3.94824982e+02  3.01931671e+02  4.28711823e+02  3.09372650e+02
  -1.95787480e-01]
 [ 4.39965088e+02  2.90954651e+02  5.07398560e+02  2.93766907e+02
  -1.95787045e-01]
 [ 3.81224091e+02  1.36401810e+02  5.65609310e+02  1.91644761e+02
  -1.01582137e-01]
 [-2.16458761e+01  6.92879415e+01  9.76256582e+01  1.03104591e+02
  -2.43165236e-01]
 [ 1.19495621e+02  1.38682079e+01  2.55957169e+02  5.39785004e+01
  -1.85257661e-01]
 [ 3.26110763e+02  7.86500236e+01  3.37255265e+02  7.77992104e+01
  -4.11179121e-01]
 [ 3.48320282e+02  5.44723244e+01  3.59371490e+02  7.84844208e+01
  -3.85080552e-02]
 [ 3.69693096e+02  5.10721522e+01  4.76492268e+02  2.58393773e+01
  -4.25404677e-01]
 [ 3.22764740e+02  1.05540848e+02  3.90496918e+02  9.99444733e+01
  -3.63419676e-01]
 [ 3.97628540e+02  7.70692291e+01  4.94464783e+02  6.44281921e+01
  -3.63419735e-01]
 [ 2.94009001e+01  2.31918443e+02  1.36685528e+02  2.80922912e+02
  -7.77699682e-02]
 [ 1.63443130e+02  2.14585571e+02  2.39134506e+02  2.81503387e+02
   4.82244132e-02]
 [ 2.26286240e+01  3.31665802e+02  5.49578476e+01  3.98437592e+02
   1.61518047e-01]
 [ 9.22076376e+01  3.20646698e+02  1.72526001e+02  3.93815948e+02
   3.00728959e-02]]