[[9.93865651e+01 8.61680096e+01 1.23239467e+02 1.19157747e+02
  5.16823827e-01]
 [5.49047334e+02 2.12966854e+02 5.81238067e+02 2.37869877e+02
  1.44521877e-01]
 [3.43904746e+02 1.97119751e+02 4.30647561e+02 2.40321778e+02
  4.61185975e-02]
 [4.50266206e+02 1.18322835e+02 5.01503264e+02 1.77278331e+02
  4.45036696e-02]
 [4.51705017e+01 2.17989563e+02 7.70866852e+01 2.32717377e+02
  2.96576391e-02]
 [5.29602661e+02 5.20647354e+01 5.68393677e+02 7.16952209e+01
  5.35150436e-02]
 [5.28157023e+02 7.91005845e+01 5.70085165e+02 9.93238387e+01
  6.90309675e-02]
 [5.26807495e+02 1.04959000e+02 5.91942261e+02 1.31207703e+02
  1.18154234e-01]
 [2.87464077e+02 1.52748046e+02 3.81984531e+02 1.90741059e+02
  1.31438129e-01]]