[[ 1.86296004e+02  3.65075653e+02  2.27898820e+02  3.90508453e+02
   7.38745787e-03]
 [ 2.67559849e+02  1.86711456e+02  4.79218898e+02  2.55560944e+02
   6.40038640e-03]
 [ 2.63272156e+02  2.75765167e+02  4.78755920e+02  4.01618317e+02
   1.27223533e-01]
 [ 1.61965589e+01  2.28005562e+01  2.83555155e+01  2.55434341e+01
  -7.21725271e-03]
 [ 4.76044617e+01  1.11466751e+01  2.56403961e+02  3.65094872e+01
   2.69754258e-02]
 [ 2.73467285e+02  1.08529301e+01  3.18794312e+02  2.74317684e+01
  -9.71795382e-03]
 [ 3.34849773e+02  1.29588548e+01  4.39654500e+02  2.99295119e+01
  -4.43304044e-03]
 [ 4.73293915e+02  6.49515915e+01  5.75699219e+02  6.98452988e+01
  -2.02959717e-01]
 [ 4.66685486e+02  1.02256447e+02  5.94638245e+02  9.78305740e+01
  -2.02511988e-01]
 [ 4.70203064e+02  1.49769012e+02  5.85162903e+02  1.60049927e+02
  -1.64783567e-01]
 [ 3.61385345e+02  2.55868148e+02  3.86021638e+02  2.86851883e+02
  -7.97970547e-02]
 [ 4.11069641e+02  2.46747070e+02  5.12088684e+02  2.87491699e+02
   5.07520481e-03]
 [ 1.64743461e+01  3.44246330e+01  6.65156174e+01  6.14003487e+01
  -2.03016435e-02]
 [ 9.46713943e+01  3.33284642e+01  1.60542847e+02  5.94911842e+01
  -2.03016348e-02]
 [ 1.86941345e+02  3.95651703e+01  2.64238800e+02  5.73857040e+01
  -2.03015810e-02]
 [ 1.37029686e+01  9.99523697e+01  1.28799255e+02  1.24871437e+02
  -4.24873958e-02]
 [ 1.56770655e+02  9.25727231e+01  2.86341405e+02  1.30390137e+02
   5.04020276e-02]
 [ 1.14339828e+01  1.69827271e+02  2.62645874e+02  2.02188049e+02
  -2.66168896e-02]
 [ 4.81728027e+02  3.16721210e+01  5.58228882e+02  3.19684887e+01
  -2.32664072e-01]
 [ 4.30319885e+02  1.34084900e+02  5.18487000e+02  1.34457764e+02
  -2.39422141e-01]
 [ 1.38490825e+02  3.13411448e+02  1.80655110e+02  3.14843435e+02
  -4.53896526e-01]
 [ 1.58223616e+02  3.54263306e+02  2.19980181e+02  3.44421142e+02
  -4.59390367e-01]]