[[ 2.36677605e+02  1.61348081e+02  2.65835052e+02  2.01725098e+02
   3.49175208e-01]
 [ 3.14728668e+02  5.96050453e+00  3.57380524e+02  3.16094875e+01
   3.12813124e-02]
 [ 2.78531929e+02  7.75552823e+01  5.25588310e+02  6.55025791e+01
  -3.13360791e-01]
 [ 2.91029480e+02  1.37868042e+02  4.94583496e+02  1.71093903e+02
  -1.70283210e-01]
 [ 4.52954773e+02  2.88972778e+02  4.65538025e+02  3.07642883e+02
   2.08284431e-01]
 [ 4.80661098e+02  2.85765919e+02  5.24424194e+02  2.90390320e+02
  -1.95785934e-01]
 [ 9.64390620e+01  2.33309098e+02  2.59247294e+02  3.26685119e+02
  -2.28437857e-02]
 [ 2.70047813e+02  5.87123483e+00  3.02905190e+02  2.61723557e+01
   8.22704321e-03]
 [ 3.59031311e+02  1.98784683e+02  4.19856567e+02  2.12504013e+02
  -1.19771216e-01]
 [ 4.35467699e+02  1.77192995e+02  5.07194593e+02  2.03437590e+02
  -1.17548795e-01]
 [ 5.32705872e+02  1.66126175e+02  5.76651428e+02  1.94784897e+02
  -9.19900567e-02]
 [ 3.60421295e+02  2.29450775e+02  5.61447754e+02  2.51842773e+02
  -5.92506187e-02]
 [ 3.77023952e+02  2.95191223e+02  4.62671727e+02  3.08949890e+02
  -6.27795329e-02]
 [ 4.26060655e+01  5.08283852e+01  1.93766897e+02  8.00737297e+01
  -1.26600717e-01]]