[[ 4.99441528e+00  1.62143280e+02  2.36882309e+02  2.12069580e+02
   1.01241763e-02]
 [ 5.88717053e+00  2.31970917e+02  2.26960837e+02  2.98581329e+02
   6.71481190e-03]
 [ 4.03677311e+00  3.12676605e+02  1.92568612e+02  3.61689300e+02
  -5.65541933e-03]
 [ 2.34857780e+02  3.11694000e+02  3.17991829e+02  3.58572418e+02
  -1.33301860e-02]
 [-3.49579959e-01  3.90620392e+02  2.82477601e+02  4.32724884e+02
  -2.51206738e-02]
 [ 6.66225489e+00  2.83198541e+01  2.28578534e+02  1.00336091e+02
   8.61556351e-02]
 [ 2.82209778e+00  1.07994934e+02  1.94917633e+02  1.67500122e+02
   1.70920485e-02]]