[[ 1.42422354e+02  5.57332886e+02  2.26379709e+02  5.91908813e+02
  -8.82753122e-03]
 [ 2.58810762e+02  5.59848816e+02  3.05899870e+02  5.90894958e+02
  -5.89727978e-03]
 [ 1.43185564e+02  1.32310172e+01  2.98599943e+02  7.68253193e+01
   6.65722066e-02]
 [ 3.46579192e+02  3.07076998e+02  4.46539460e+02  3.27368009e+02
  -6.25195799e-02]
 [ 3.73883423e+02  3.48487396e+02  4.75361816e+02  3.83380402e+02
  -1.92837070e-02]
 [ 3.32006069e+02  5.50101563e+02  4.19075596e+02  5.91973267e+02
  -8.93449875e-04]
 [ 1.07081146e+01  7.87365036e+01  1.17242165e+02  1.12600502e+02
   3.02080061e-02]
 [ 1.60759741e+02  8.70902630e+01  2.12998987e+02  1.16841439e+02
   4.42595678e-02]
 [ 9.81204074e+00  1.27761642e+02  1.92955508e+02  1.62780258e+02
   3.15086750e-02]
 [ 8.45791160e+00  1.86746155e+02  1.04786809e+02  2.19714600e+02
  -4.87962921e-04]
 [ 1.47351018e+02  1.89253570e+02  2.49049861e+02  2.10833649e+02
   1.86991474e-02]
 [ 2.96903381e+02  3.52211578e+02  3.72561829e+02  3.85663422e+02
  -1.22357518e-01]]