[[ 4.00154144e+02  4.93716774e+01  5.47874672e+02  8.66710642e+01
  -5.58994984e-02]
 [ 3.66998932e+02  3.18494659e+02  4.11361786e+02  3.62885651e+02
   3.59402630e-01]
 [ 4.46816361e+02  3.53480360e+02  5.25365951e+02  4.06535387e+02
   3.65659165e-01]
 [ 5.57160426e+02  3.89828600e+02  5.93235204e+02  4.32521132e+02
   3.65660277e-01]
 [ 1.53025913e+02  5.49033779e+01  2.05806183e+02  1.66638580e+02
   8.36156655e-01]
 [ 1.30287445e+02  1.04009232e+02  1.64875153e+02  2.30550247e+02
   9.24027150e-01]
 [ 7.55004943e+01  3.14152642e+01  1.25341547e+02  5.36343345e+01
  -5.69919085e-02]
 [ 4.61103516e+02  1.04625984e+02  5.39579529e+02  1.26943291e+02
   8.39237751e-03]
 [ 3.46079834e+02  2.43925079e+02  4.45197510e+02  3.57754974e+02
   3.61616921e-01]
 [ 2.54039307e+01  2.31497559e+02  6.91889801e+01  3.77018677e+02
   1.10078183e+00]]