[[ 3.13712463e+02  4.00899200e+01  3.66042175e+02  7.65329361e+01
   1.19642363e-01]
 [ 3.07185883e+02  1.08920898e+02  3.51817780e+02  1.36826416e+02
   1.10412465e-01]
 [ 5.45332311e+02  1.72938744e+02  5.91249355e+02  1.74759224e+02
  -2.87379764e-01]
 [ 5.17998992e+02  5.53480044e+00  5.93391267e+02  2.24739467e+01
   3.30321456e-02]
 [ 4.77265391e+01  2.28166012e+02  1.11823940e+02  2.92226445e+02
   4.11049181e-01]
 [ 3.63138855e+02  8.78428574e+01  4.00785095e+02  1.18077156e+02
   1.05695224e-01]
 [ 5.67068066e+02  6.31527638e+01  5.39215626e+02  9.39890361e+01
   1.00976926e+00]
 [ 5.67327271e+02  8.55860901e+01  5.91088867e+02  1.30983948e+02
   6.75396264e-01]
 [ 5.32558940e+02  1.52453923e+02  5.88552754e+02  1.59956630e+02
  -2.32118206e-01]]