[[ 4.37794042e+02  1.21090352e+02  5.93018947e+02  1.59745586e+02
  -1.64155115e-01]
 [ 5.79175377e+01  3.13957001e+02  1.32913926e+02  3.01854646e+02
  -4.42352962e-01]
 [ 1.40338654e+02  2.67252808e+02  1.81140808e+02  2.72242249e+02
  -4.45622530e-01]
 [ 7.78630829e+00  3.34282318e+02  9.65724730e+01  3.72064117e+02
   1.29100678e-02]
 [ 2.07588430e+02  3.72416290e+02  2.36707651e+02  3.92970245e+02
   6.72591861e-03]
 [ 2.61562012e+02  1.99136322e+02  5.43432495e+02  2.69004456e+02
   6.32975083e-02]
 [ 2.60973957e+02  2.84612733e+02  4.04241741e+02  3.36399719e+02
  -6.07372808e-02]
 [ 4.93379069e+02  9.68577478e+01  5.76704915e+02  9.63684332e+01
  -2.70178947e-01]
 [ 2.74757391e+02  1.87311674e+01  4.26873224e+02  6.18418001e+01
  -2.32649652e-02]
 [ 4.03556858e+02  2.51914123e+02  4.60136623e+02  2.96430908e+02
   4.69040620e-03]
 [ 4.84616028e+02  2.52443573e+02  5.41429382e+02  2.96812225e+02
   4.69051461e-03]
 [ 4.20241333e+02  3.39538572e+02  4.57852539e+02  3.93339479e+02
  -1.35817392e-01]
 [ 4.82447220e+02  3.39185150e+02  5.76779434e+02  3.93416657e+02
   6.48722885e-04]]