[[ 3.35153965e+02  1.65023328e+01  3.84982876e+02  3.63065794e+01
  -5.27549018e-03]
 [ 4.12666962e+02  2.00903568e+01  4.93858978e+02  4.03285370e+01
  -6.82831939e-02]
 [ 2.21945801e+01  1.03833649e+02  7.62136536e+01  1.50868484e+02
   1.66412675e-01]
 [ 1.03379417e+02  4.03585014e+01  1.31797974e+02  7.72776359e+01
  -4.23534840e-02]
 [ 1.52194153e+02  4.81343760e+01  1.70220490e+02  7.91806417e+01
  -2.47717695e-02]
 [ 4.87351285e+02  1.62014868e+01  5.51082187e+02  3.91639555e+01
  -5.91178282e-03]
 [ 5.67664673e+02  2.06179447e+01  5.87972900e+02  3.33863068e+01
  -4.95827436e-03]
 [ 4.17860779e+02  2.12104462e+02  4.80742798e+02  2.30258362e+02
  -2.23056418e-02]
 [ 3.33488244e+02  2.88773255e+02  3.77208900e+02  3.05170593e+02
  -4.78821120e-02]
 [ 1.42422119e+02  1.21234512e+01  2.07761169e+02  4.67970428e+01
   2.84278304e-02]
 [ 2.33170471e+02  1.46981074e+01  2.60509735e+02  4.82969757e+01
   1.64390291e-02]]