[[ 5.39411440e+00  3.56924164e+02  5.10112143e+01  3.88646087e+02
  -4.24762226e-02]
 [ 4.73350952e+02  6.15102100e+00  5.25468689e+02  1.73666687e+01
  -2.15840442e-04]
 [ 4.78293915e+02  2.67882404e+01  5.14391968e+02  3.86768875e+01
  -1.53228524e-03]
 [ 2.06120529e+02  8.90659714e+00  2.64305565e+02  3.95380826e+01
  -6.33410122e-02]
 [ 2.69111640e+02  6.49743616e+00  3.59695062e+02  4.00146564e+01
   1.55054501e-02]
 [ 2.66701206e+01  3.07524353e+02  6.02895065e+01  3.23873658e+02
   3.33939838e-02]
 [ 2.69004668e+01  3.26855552e+02  3.73856813e+01  3.42250955e+02
  -1.19149206e-02]
 [ 4.68978271e+01  3.27336548e+02  5.73024063e+01  3.42024597e+02
  -2.12597437e-02]
 [ 3.65838979e+01  3.50447235e+02  5.99558207e+01  3.61093719e+02
  -3.04683240e-02]]