[[ 2.00914699e+02  3.00234711e+02  2.44446630e+02  3.17114166e+02
  -1.66054080e-02]
 [ 2.47765410e+02  2.86019745e+01  3.01592393e+02  5.72817080e+01
   1.22812441e-02]
 [ 1.16370552e+02  3.14124237e+02  1.72560386e+02  3.33255951e+02
  -1.46282692e-02]
 [ 1.02942154e+02  3.44145935e+02  1.67834518e+02  3.62751953e+02
   3.67400058e-02]
 [ 4.40066701e+01  2.36907501e+02  1.08675051e+02  2.44243622e+02
  -1.43426938e-01]
 [ 8.20544968e+01  3.62637817e+02  1.40336304e+02  3.80432129e+02
  -2.16486630e-02]]