[[ 4.05328503e+02  3.03082335e+02  4.61121510e+02  3.17794496e+02
   5.36786616e-02]
 [ 6.90059813e+01  1.22460598e+02  1.44697644e+02  1.66351810e+02
   2.56561883e-01]
 [ 7.18955841e+01  1.59090790e+02  1.46163559e+02  1.94506592e+02
   2.38756266e-01]
 [ 7.41352539e+01  1.91290176e+02  1.43198090e+02  2.22343735e+02
   2.28883243e-01]
 [ 4.23660498e+02  3.19431426e+02  4.85809534e+02  3.32274202e+02
   5.45008321e-02]
 [ 7.31254120e+01  1.76898712e+02  1.39988449e+02  2.05902252e+02
   2.34307958e-01]
 [ 7.75352325e+01  2.06221786e+02  1.31089218e+02  2.35712448e+02
   2.23290996e-01]
 [ 3.10886824e+02  9.91502110e+01  4.56500627e+02  8.57685512e+01
  -2.05965174e-01]
 [ 3.20493326e+02  1.15808865e+02  4.17440756e+02  1.11968174e+02
  -1.95799947e-01]
 [ 3.29050964e+02  1.30648666e+02  3.94408386e+02  1.31790054e+02
  -1.86803039e-01]
 [ 4.25850278e+02  1.12352944e+02  5.27558352e+02  1.07564765e+02
  -1.86803437e-01]
 [ 3.36722595e+02  1.43952118e+02  6.01769348e+02  1.09182343e+02
  -1.78786006e-01]]