[[-6.33239746e+00  1.45332672e+02  3.75016174e+02  2.66662109e+02
   8.55226315e-02]
 [ 4.04686060e+02  2.76820221e+02  4.93689855e+02  3.06111236e+02
  -3.45820718e-02]
 [ 5.18157774e+02  1.13276360e+02  5.73596133e+02  1.30915100e+02
  -5.78313885e-02]
 [ 4.13539795e+02  1.91092484e+02  4.91805786e+02  2.13607803e+02
   8.41177752e-02]
 [ 5.18034363e+02  2.00009216e+02  5.48043762e+02  2.18382202e+02
   8.51504590e-02]
 [ 4.06052032e+02  2.21669952e+02  4.55891815e+02  2.40519379e+02
   8.31255013e-02]
 [ 4.78405884e+02  2.25980438e+02  5.42517090e+02  2.47604492e+02
   8.21709823e-02]]