[[ 2.65466063e+02  1.23185776e+02  3.51209658e+02  1.58597183e+02
   7.77658979e-02]
 [ 2.07507971e+02  4.06525308e+01  2.79783518e+02  6.28368796e+01
  -1.61184421e-02]
 [ 3.90895142e+02  1.27669617e+02  4.38271057e+02  1.26503281e+02
  -2.63032586e-01]
 [ 4.56105072e+02  1.09702477e+02  5.25363525e+02  1.04228157e+02
  -2.52186433e-01]
 [ 1.03834186e+00  9.35428540e+01  4.63481064e+01  9.98919144e+01
  -1.49391128e-01]
 [ 8.49428177e-01  1.11371437e+02  5.21047897e+01  1.15075951e+02
  -1.70414721e-01]
 [ 1.37481499e+00  1.27767441e+02  5.58225895e+01  1.33097916e+02
  -1.26606898e-01]
 [ 3.98666473e+02  8.17860260e+01  4.51198029e+02  1.02690903e+02
   6.86940395e-02]]