[[ 8.81286598e+01  1.80753845e+01  1.79019114e+02  3.91043850e+01
  -3.92596382e-02]
 [ 8.12730772e+00  3.69208405e+02  6.63986990e+01  4.13409088e+02
  -1.56773200e-02]
 [ 3.19460846e+02  4.19619789e+01  3.66224274e+02  5.79229469e+01
  -6.24889115e-02]
 [ 3.05177095e+02  7.78308351e+01  3.80584257e+02  8.77586425e+01
  -5.59776930e-02]
 [ 3.21524278e+02  3.91352172e+02  3.58024245e+02  4.18439576e+02
   8.93030170e-02]
 [ 3.13639266e+02  9.40509797e+00  3.95419388e+02  2.96486282e+01
  -6.71321285e-04]
 [ 7.87428284e+00  4.54474945e+02  5.64053726e+01  4.49741669e+02
  -2.92362719e-01]
 [ 2.99110046e+02  6.07987633e+01  3.43986572e+02  7.68115234e+01
  -5.76923474e-02]
 [ 3.40700557e+02  3.82316830e+02  3.97847661e+02  4.13547061e+02
   8.72279447e-02]]