[[-5.94388733e+01  5.47981873e+01  2.99628632e+02  1.78411942e+02
   9.21415072e-02]
 [ 2.00621474e+02  3.65338806e+02  2.44612810e+02  3.93913574e+02
   9.96284599e-02]
 [ 1.05433219e+02  1.95684555e+02  2.52940194e+02  2.13610489e+02
  -2.42824482e-02]
 [ 3.61933563e+02  3.23783295e+02  4.06514923e+02  3.55130035e+02
   1.01409001e-01]
 [ 9.98582298e+00  1.15280447e+01  4.95724642e+02  8.66766367e+01
  -2.16664826e-02]
 [ 1.22123108e+02  2.38595398e+02  1.73862610e+02  2.66172729e+02
   1.48505641e-01]]