[[ 2.35457500e+02  2.47389682e+02  2.86353962e+02  2.58505154e+02
  -1.74304676e-01]
 [ 2.42793579e+02  2.81184418e+02  3.08126526e+02  2.91017792e+02
  -1.51223582e-01]
 [ 3.35091164e+02  2.57215605e+02  3.98796592e+02  2.80152559e+02
   8.76202782e-02]
 [ 3.24196574e+02  2.83211456e+02  3.93573202e+02  2.98961883e+02
  -7.84508819e-03]
 [ 5.43749329e+02  1.46530731e+02  5.87767151e+02  1.83774933e+02
   2.93650998e-01]
 [ 7.91971738e+01  2.03644104e+01  1.93866547e+02  7.47763214e+01
   1.15069607e-02]
 [ 8.38808746e+01  8.17925568e+01  1.85568008e+02  1.35639145e+02
  -3.05470328e-03]
 [ 1.91752167e+02  1.28498734e+02  2.96359894e+02  1.68883774e+02
  -1.12947858e-02]]