[[ 2.15392395e+02  1.20365448e+01  2.89183655e+02  5.43424911e+01
   3.61485645e-02]
 [ 3.05284149e+02  1.35358659e+01  3.32254181e+02  5.59001158e+01
  -8.64386627e-05]
 [ 1.30851572e+01  3.50598118e+00  9.32145655e+01  3.59602094e+01
   1.23781328e-01]
 [ 1.47148895e+01  3.69031219e+01  8.70387039e+01  7.00131149e+01
   1.11873632e-01]
 [ 1.27209625e+01  7.36820526e+01  6.69239981e+01  1.03027207e+02
   7.85054675e-02]
 [ 1.39649090e+01  1.11272598e+02  7.23446489e+01  1.38184998e+02
   4.53061739e-02]
 [ 2.61231140e+02  9.10668945e+01  3.39323975e+02  1.19208466e+02
   6.20265546e-02]
 [ 2.63361115e+02  1.27534348e+02  3.16066681e+02  1.54269669e+02
   1.01372531e-01]]