[[ 1.95115794e+02  3.62754026e+02  3.15852295e+02  3.58488403e+02
  -2.26668459e-01]
 [ 3.29953949e+02  3.31774048e+02  3.65353058e+02  3.47071960e+02
  -2.26669805e-01]
 [ 5.38691711e+02  2.69226349e+02  5.82456116e+02  2.78667694e+02
  -8.84832095e-02]
 [ 5.34652198e+02  2.90631227e+02  5.94174218e+02  3.02072569e+02
  -6.68838262e-02]
 [ 4.32341919e+02  2.96831787e+02  5.17749512e+02  2.74949524e+02
  -4.61358697e-01]
 [ 2.80602156e+02  1.56738205e+02  3.13470110e+02  1.76255539e+02
  -1.40284138e-02]
 [ 3.32690033e+02  1.56860428e+02  3.69943329e+02  1.75726212e+02
  -9.37235380e-03]
 [ 7.67884957e+01  3.47592224e+02  1.32608172e+02  3.75710571e+02
  -1.10934699e-02]
 [ 5.47796326e+02  2.52242798e+02  5.94612854e+02  2.57879089e+02
  -1.49922119e-01]
 [ 3.98295227e+02  1.52758301e+02  4.74899902e+02  1.72695465e+02
  -9.83225462e-03]
 [ 4.84160797e+02  1.51993210e+02  5.59599243e+02  1.71843185e+02
  -2.65847375e-02]]