[[ 1.90406829e+02  5.32410126e+01  2.67363404e+02  7.19591217e+01
  -1.98887872e-02]
 [ 5.44122742e+02  3.89446754e+01  6.01700989e+02  3.55673561e+01
  -3.94239532e-01]
 [ 3.50211515e+00  1.05408546e+02  5.70891495e+01  1.09228691e+02
  -1.63905341e-01]
 [ 3.02672985e+00  1.25919724e+02  6.04921357e+01  1.26347671e+02
  -2.02250113e-01]
 [ 3.13863429e+02  1.48181118e+01  3.63100256e+02  3.20985409e+01
  -6.91710916e-02]
 [ 3.22258838e+02  5.58765271e+01  3.68924634e+02  7.24772174e+01
  -1.01400268e-01]
 [ 2.57174774e+02  1.26108475e+01  3.01272980e+02  3.08727570e+01
  -3.79238052e-02]
 [ 3.13213043e+02  3.22602997e+01  3.84394623e+02  5.14978561e+01
  -6.66708545e-02]]