[[ 1.52909714e+02  8.65164413e+01  1.93937363e+02  1.10229622e+02
   1.03683150e-01]
 [ 1.52646820e+02  1.16880049e+02  2.07609802e+02  1.39108919e+02
   8.92097383e-02]
 [ 1.92467161e+02  7.92693709e+00  2.91608124e+02  2.25067444e+01
   6.14590314e-03]
 [ 1.53925314e+02  4.21965476e+01  2.09147104e+02  6.42165765e+01
   9.14893952e-02]
 [ 4.09011662e+02  9.59457648e+00  5.13211483e+02  6.17419039e+01
  -2.25227888e-02]
 [ 4.14316328e+02  8.67913821e+01  4.81491533e+02  1.31610016e+02
  -1.43157428e-02]
 [ 4.11743232e+02  1.72791794e+02  5.03218560e+02  2.07426681e+02
  -2.27352306e-02]
 [ 2.57513845e+02  2.83564990e+01  4.00903270e+02  9.77610242e+01
  -2.37754418e-02]
 [ 2.24881897e+01  3.31223633e+02  7.97888031e+01  3.56872925e+02
   8.32827992e-02]]