[[ 1.14420975e+02  2.82436237e+01  2.10293442e+02  7.37296295e+01
  -2.85695920e-03]
 [ 9.29407947e+01  1.11093651e+02  1.51324052e+02  1.53725159e+02
  -3.43711579e-03]
 [ 3.16393867e+01  1.63685501e+02  9.69083557e+01  2.27704086e+02
   1.08794289e-01]
 [ 1.31135078e+02  1.83589919e+02  1.96097039e+02  2.28318314e+02
   8.34426267e-02]
 [ 4.46646118e+02  2.02038086e+02  4.91389465e+02  2.26014252e+02
  -5.17690912e-02]
 [ 2.51546967e+02  6.63576141e+00  2.61523407e+02  2.75676381e+01
   1.17966156e-02]
 [ 2.77992401e+02  6.50714111e+00  3.41077789e+02  2.47019997e+01
   5.65763362e-03]
 [ 3.58703033e+02  6.69446564e+00  4.03792328e+02  2.50568161e+01
   5.65761615e-03]
 [ 4.18331943e+02  6.69577202e+00  4.95404873e+02  2.55751325e+01
   5.65761236e-03]
 [ 1.38575283e+02  9.88364717e+01  1.80004795e+02  1.29880707e+02
  -4.67444807e-02]
 [ 2.07543504e+02  8.70655043e+01  2.98473189e+02  1.39577852e+02
   1.17017059e-01]
 [ 4.91757568e+02  2.05877563e+02  5.52124634e+02  2.21780518e+02
  -7.42087381e-02]]