[[ 3.94266116e+02 -3.12807879e+00  4.60350095e+02  3.06606563e+01
   1.49495889e-01]
 [ 3.25505951e+02  1.83353252e+01  3.95155426e+02  3.81591644e+01
  -1.24910195e-01]
 [ 7.18649512e+01  1.09682381e+02  1.50084573e+02  1.28263549e+02
  -5.94464016e-02]
 [ 1.24392687e+01  1.22301331e+02  7.70796446e+01  1.26501587e+02
  -1.68687286e-01]
 [ 3.21804321e+02  3.82422104e+01  3.68369141e+02  5.62434311e+01
  -8.85535917e-02]
 [ 8.99405441e+01  9.61929798e+00  1.05030205e+02  3.14264183e+01
  -1.30718770e-01]
 [ 1.19299683e+02  1.32080612e+01  1.65591400e+02  3.17464828e+01
   3.81954586e-03]
 [ 7.25670437e+01  9.33832020e+01  1.64014011e+02  1.00486106e+02
  -1.26378499e-01]
 [ 1.10561417e+02  1.28464584e+02  2.01217453e+02  1.34386581e+02
  -1.06360203e-01]]