[[ 1.55544861e+02  2.76865204e+02  2.14751312e+02  3.01558197e+02
  -1.24187155e-02]
 [ 1.10340829e+02  3.88162416e+02  1.52862845e+02  3.97984313e+02
  -1.88409987e-01]
 [ 3.36279837e+02  1.96023513e+01  3.89322458e+02  8.92475022e+01
   4.64054547e-01]
 [ 8.94519653e+01  1.11540260e+01  2.27746399e+02  3.24570961e+01
  -2.91085118e-02]
 [ 3.82178986e+02  2.77734589e+02  4.41228790e+02  3.35668976e+02
   3.82897349e-01]
 [ 4.18843673e+02  4.72231097e+01  5.78114946e+02  1.61073582e+02
   2.56944725e-01]
 [ 1.39483190e+02  3.09295052e+01  2.25275294e+02  4.59823218e+01
  -8.13679803e-02]]