[[ 2.10258173e+02  7.05039987e+01  2.50407721e+02  8.78662558e+01
  -1.44009766e-01]
 [ 4.45792039e+01  2.78114330e+01  1.05430196e+02  4.36485814e+01
  -2.33124897e-01]
 [ 1.18832611e+02  2.23691349e+01  1.53932343e+02  4.74326935e+01
  -2.29065277e-02]
 [ 1.73578842e+02  1.95112057e+01  1.93345352e+02  4.70748596e+01
  -1.91633043e-02]
 [ 2.11169632e+02  2.76813660e+01  2.45732010e+02  4.51052780e+01
   1.37559991e-03]
 [ 1.69035516e+02  1.00256539e+02  2.49085670e+02  1.17138328e+02
  -3.99590252e-02]
 [ 3.22232971e+02  2.13193237e+02  3.53026794e+02  2.38904694e+02
   2.67395664e-02]
 [ 2.48975647e+02  7.04632263e+01  2.89856628e+02  8.06810455e+01
  -1.69417230e-01]
 [ 1.02683411e+01  9.75722885e+00  5.48288269e+01  2.73972359e+01
   2.44199075e-03]]