[[ 1.42322006e+01  2.03104019e+02  8.89737930e+01  2.14164597e+02
   2.11374889e-02]
 [ 2.94347491e+01  8.52643057e+01  1.70540867e+02  1.04666404e+02
  -1.36770884e-01]
 [ 1.91294037e+02  6.56948090e+01  2.64038208e+02  8.57100067e+01
  -1.33909146e-01]
 [ 2.81720354e+02  5.43807046e+01  3.38825910e+02  7.58919052e+01
  -1.20155746e-01]
 [ 3.56244110e+02  5.15593834e+01  4.20745758e+02  6.45991364e+01
  -1.33908927e-01]
 [ 4.41083037e+02  1.60652247e+01  5.27751587e+02  6.86565857e+01
  -1.10309577e-01]]