[[ 5.12970217e+02  1.08198426e+02  5.87225584e+02  1.17114181e+02
  -1.44682828e-01]
 [ 3.27939819e+02  5.68350983e+00  5.23229675e+02  4.84769402e+01
   1.12993968e-02]
 [ 3.47784424e+02  2.74885498e+02  3.77710144e+02  3.01578857e+02
   2.01306509e-01]
 [ 5.12503479e+02  1.26694473e+02  5.63915222e+02  1.40290573e+02
  -1.19790185e-01]
 [ 5.52201334e+02  3.13408685e+02  5.86868978e+02  3.44745551e+02
   3.06650130e-01]
 [ 5.53000732e+02  3.52236023e+02  5.85785034e+02  3.95005859e+02
   3.39169102e-01]]