[[ 3.07535248e+02  1.84613907e+02  3.33894440e+02  2.05752457e+02
  -2.50301700e-01]
 [ 4.75096252e+02  4.52776489e+01  5.88558411e+02  6.64243851e+01
  -6.62627640e-02]
 [ 1.08631943e+02  3.11572495e+01  1.54678302e+02  6.19271241e+01
   3.88430305e-02]
 [ 1.72858185e+02  3.27898865e+01  1.94796692e+02  6.36139221e+01
   4.43228538e-02]
 [ 4.50771667e+02  4.35639191e+00  5.55681946e+02  3.92198410e+01
   5.87349904e-02]
 [ 2.28075821e+02  1.32675104e+01  4.23531494e+02  4.03283195e+01
  -7.51927085e-03]]