[[ 4.63447906e+02  2.10397365e+02  5.61600830e+02  2.32684875e+02
  -1.33498482e-01]
 [ 2.88357269e+02  2.68331757e+02  3.53477142e+02  2.73196686e+02
  -2.11183757e-01]
 [ 3.52426962e+02  2.63383820e+02  4.25870157e+02  2.73548980e+02
  -7.72189419e-02]
 [ 3.31489502e+02  3.88904846e+02  3.86035522e+02  4.08948059e+02
   3.47954105e-04]
 [ 3.33866028e+02  4.22014679e+02  3.67173035e+02  4.40235748e+02
   3.73754364e-04]
 [ 1.07882736e+02  3.90295868e+02  1.76789169e+02  4.06421844e+02
  -8.56258664e-03]
 [ 1.53275665e+02  3.58680695e+02  2.18964020e+02  3.82550873e+02
   9.86375811e-02]]