[[ 3.34152800e+02  3.43691884e+01  3.88261690e+02  6.57948055e+01
  -3.35431773e-01]
 [ 1.29828995e+02  4.31541443e+00  1.72992691e+02  2.97179031e+01
   1.44125968e-01]
 [ 2.16420250e+01  1.85861572e+02  5.61912575e+01  1.91813568e+02
  -2.21555455e-01]
 [ 2.24521768e+01  2.11820175e+02  5.34457419e+01  2.19624313e+02
  -1.41352523e-01]
 [ 1.96699982e+01  2.37825623e+02  5.90316162e+01  2.38958527e+02
  -3.49506225e-01]
 [ 2.18869877e+01  2.60020935e+02  6.29140091e+01  2.61927734e+02
  -3.17515991e-01]
 [ 1.85361223e+02  3.79740537e+02  2.78002424e+02  4.41739383e+02
   2.20367856e-01]
 [ 1.12915737e+02  2.06558487e+01  1.53938354e+02  4.70979195e+01
   1.69891400e-01]
 [ 1.08807487e+01  1.98623505e+02  6.12122612e+01  2.05902832e+02
  -1.92831183e-01]]