[[ 3.34310074e+02  1.16992056e+01  5.79812942e+02  5.54489277e+01
  -1.50859458e-02]
 [ 1.87563821e+02  7.78847353e+01  5.96990607e+02  1.13146896e+02
  -3.15246375e-02]
 [ 3.09688460e+01  2.17590546e+02  1.09672056e+02  2.40334259e+02
   2.64126739e-02]
 [ 3.00925598e+01  2.54970856e+02  7.09752884e+01  2.68306732e+02
   1.50162863e-02]
 [ 8.79125137e+01  2.50616669e+02  1.23719383e+02  2.68739716e+02
   1.87187493e-02]
 [ 1.74727524e+02  1.24268090e+02  2.99606520e+02  1.46760711e+02
  -6.79500441e-02]
 [ 3.15981018e+02  1.13993973e+02  4.34098328e+02  1.33191727e+02
  -8.50147537e-02]
 [ 1.44097748e+01  2.36907806e+02  8.59803009e+01  2.57341400e+02
   3.68413932e-02]]