[[ 3.64926514e+02  9.16741562e+01  4.17530945e+02  1.07975990e+02
  -2.07086431e-01]
 [ 5.47383789e+02  2.77105331e+00  5.84881470e+02  2.92026558e+01
   5.66119573e-02]
 [ 5.58684380e+02  1.82391281e+02  5.87501777e+02  1.99707871e+02
   2.94917966e-02]
 [ 3.80902037e+02  1.22207764e+02  4.64136782e+02  1.31639389e+02
  -1.99665355e-01]
 [ 5.58599243e+02  2.77131729e+01  5.86360474e+02  5.08376312e+01
  -9.91121323e-03]
 [ 5.42960371e+02  2.03553359e+02  5.88484453e+02  2.24714341e+02
   5.59065771e-02]
 [ 5.41645752e+02  2.39898163e+02  5.90595337e+02  2.56344818e+02
   6.75831534e-02]
 [ 7.57308960e+00  6.02116928e+01  4.05482674e+01  8.67628250e+01
   2.84337087e-01]
 [ 5.82303405e+00  8.43039545e+01  3.37537340e+01  1.08419435e+02
   2.76840092e-01]
 [ 2.87458074e+00  1.11826217e+02  4.51035307e+01  1.37775468e+02
   2.73005743e-01]]