[[ 1.72863760e+02  2.13633285e+02  2.29492044e+02  2.30703355e+02
   1.08623801e-01]
 [ 1.67946007e+02  1.07850128e+02  2.80379952e+02  1.38737839e+02
   5.41097123e-02]
 [ 1.91082207e+02  1.45067723e+02  2.12596901e+02  1.63487545e+02
  -6.11260403e-01]
 [ 2.31545546e+02  1.44496474e+02  3.22198351e+02  1.71505113e+02
   7.08186210e-02]
 [ 2.10572784e+02  1.72352158e+02  2.75145721e+02  1.92611740e+02
   8.45356172e-02]
 [ 2.97889890e+02  1.83993744e+02  3.20098391e+02  1.96420899e+02
   8.45351057e-02]]