[[ 3.58457825e+02  3.72854948e+00  5.21242615e+02  5.55802994e+01
  -5.79757002e-02]
 [ 2.39685608e+02  1.09794022e+02  3.09455078e+02  1.22523941e+02
  -1.48980253e-01]
 [ 1.93066765e+01  2.46183845e+01  2.22080383e+02  4.09657440e+01
  -6.18723568e-02]
 [ 2.83109856e+01  6.17835770e+01  8.19818115e+01  7.94716415e+01
  -1.20579133e-01]
 [ 9.59690344e+01  5.39612739e+01  2.10041219e+02  6.39550775e+01
  -1.20579131e-01]
 [ 3.58942481e+01  9.69269868e+01  2.20879311e+02  1.02370087e+02
  -1.25625712e-01]
 [ 2.00744446e+02  1.43013855e+02  2.63562347e+02  1.56035736e+02
  -3.49642948e-01]]