[[ 4.29913788e+01  8.54837036e+01  1.35015845e+02  1.13590439e+02
   6.86207008e-03]
 [ 1.53952049e+02  8.62454071e+01  2.16409065e+02  1.14148987e+02
   6.86208672e-03]
 [ 2.79798626e+00  2.47661782e+01  5.59851005e+01  4.15000876e+01
  -1.51443635e-01]
 [ 2.45301723e+02  1.65439330e+02  3.06618702e+02  1.93589786e+02
   1.44482312e-01]
 [ 4.70202293e+01  1.84426308e+01  7.65108557e+01  3.08147317e+01
  -1.46801714e-01]
 [ 8.64965057e+01  1.08109951e+01  1.10693970e+02  2.57602329e+01
  -1.46801715e-01]
 [ 1.49303495e+01  1.25300490e+02  1.88017476e+02  2.15144089e+02
   1.54784693e-01]
 [ 2.33756644e+02  2.39067110e+02  2.84142648e+02  2.41612822e+02
  -1.68310861e-01]
 [ 5.20623114e+01  3.30352692e+02  8.64151704e+01  3.52816376e+02
   3.12420648e-03]]