[[ 5.47330677e+02  2.27727432e+02  5.92817882e+02  2.49909714e+02
   5.93816910e-02]
 [ 3.62539673e+02  6.59045334e+01  4.29501343e+02  6.53304977e+01
  -3.66637770e-01]
 [ 3.66424408e+02  9.53277893e+01  4.38451630e+02  9.64531250e+01
  -2.93693774e-01]
 [ 3.70251404e+02  1.20558716e+02  4.13565979e+02  1.52372803e+02
   2.75331526e-02]
 [ 3.66845520e+02  1.56290390e+02  4.22394897e+02  1.74244705e+02
  -8.19320310e-02]
 [ 5.48259266e+02  1.93028945e+02  5.77906140e+02  2.07204819e+02
   3.66568706e-02]
 [ 5.47683899e+02  2.11910049e+02  5.85247620e+02  2.23628922e+02
   4.90283173e-02]]