[[ 3.86269989e+02  1.20598640e+01  4.37969208e+02  2.91933441e+01
  -2.70451558e-02]
 [ 3.80293603e+02  3.80908623e+01  4.41618080e+02  5.80686607e+01
  -8.97117657e-03]
 [ 2.41538391e+02  8.78870392e+00  2.55636749e+02  5.62293320e+01
   2.06249823e-01]
 [ 2.85269017e+02  3.65496428e+00  3.19245876e+02  6.51767923e+01
   2.15166684e-01]
 [ 1.67996835e+02  1.28082397e+02  2.22575980e+02  1.46220337e+02
   1.25886691e-02]
 [ 2.57899391e+02  3.53829721e+02  3.01200767e+02  3.53909720e+02
  -3.87030999e-01]
 [ 2.71225214e+02  3.24033999e+02  3.06689276e+02  3.30886472e+02
  -3.36989137e-01]
 [ 5.46464783e+02  3.80092041e+02  6.05944397e+02  4.07064636e+02
   3.66626563e-02]]