[[ 2.39781227e+01  3.25930725e+02  1.43294327e+02  3.73110657e+02
  -8.31417264e-03]
 [ 3.11377777e+02  3.30803925e+02  3.56198273e+02  3.51457245e+02
  -1.28553797e-01]
 [ 3.05373352e+02  2.36577835e+01  4.44469238e+02  7.48243179e+01
   7.31113794e-02]
 [ 1.71170044e+02  6.85512238e+01  3.03436716e+02  1.05919114e+02
   4.28504629e-02]
 [ 3.36580536e+02  7.79464264e+01  4.06571075e+02  1.10341202e+02
   4.28506545e-02]
 [ 4.33469666e+02  8.31774445e+01  4.87088440e+02  1.13793533e+02
   4.28508851e-02]
 [ 1.70643730e+02  1.21774261e+02  3.13244576e+02  1.52537689e+02
   2.57857657e-02]
 [ 3.44311692e+02  1.19061400e+02  4.80825881e+02  1.65184968e+02
   9.23927102e-02]
 [ 3.81160204e+02  2.37564576e+02  5.62029310e+02  2.47291198e+02
  -6.35787334e-02]
 [ 3.65146435e+02  2.70658571e+02  4.92986988e+02  2.77804136e+02
  -9.43573759e-02]
 [ 4.03022491e+02  3.56173767e+02  4.60487091e+02  3.70325806e+02
  -1.71849779e-02]
 [ 4.70396973e+02  3.45482483e+02  5.99623413e+02  3.80024353e+02
   3.85427598e-02]
 [ 1.11827689e+02  3.63102661e+02  2.43234773e+02  3.95249023e+02
   2.55071497e-02]
 [ 3.02965941e+02  2.96435883e+02  3.41944582e+02  3.11824676e+02
  -1.05130377e-01]
 [ 2.84186394e+02  3.75050659e+02  3.16288155e+02  3.93313538e+02
   1.00016518e-02]
 [ 2.74664307e+00  2.91851654e+01  1.64972717e+02  8.94664764e+01
   6.39680954e-02]
 [ 2.67794037e+02  2.56030090e+02  3.53007782e+02  2.55871033e+02
  -1.08554321e-01]
 [ 2.53001831e+02  2.71395874e+02  3.04922729e+02  2.76886780e+02
  -9.38640240e-02]
 [ 3.18396867e+02  2.64877779e+02  4.17106857e+02  2.66267119e+02
  -1.03745859e-01]
 [ 4.77221665e+02  3.76210999e+02  5.27584731e+02  3.95513611e+02
  -2.07643718e-03]
 [ 5.41848854e+02  3.75451905e+02  6.01050316e+02  3.94422912e+02
  -1.60228345e-02]]