[[ 3.52920593e+02  5.86115875e+01  4.96728699e+02  1.14495148e+02
   6.94799004e-02]
 [ 3.36056540e+02  2.79400543e+02  3.63555216e+02  2.92779083e+02
   1.33849978e-02]
 [ 3.29973633e+02  3.07614838e+02  3.60391235e+02  3.21115204e+02
   6.21907241e-02]
 [ 4.43474222e+02  9.35730327e+00  5.49439504e+02  4.14900140e+01
   1.68261204e-02]
 [ 4.17461909e+02  2.15138062e+02  4.70989873e+02  2.27541930e+02
  -1.91439151e-01]
 [ 4.13000153e+02  9.55025787e+01  4.99129364e+02  1.38331421e+02
   1.30440739e-01]
 [ 3.61056732e+02  8.37119389e+00  4.56446442e+02  4.35327682e+01
  -6.55064935e-03]
 [ 1.34728134e+02  2.09689667e+02  1.76765457e+02  2.33978485e+02
   2.77448767e-01]]