[[ 5.31592773e+02  2.87521912e+02  5.87198975e+02  3.13589539e+02
  -4.20802436e-01]
 [ 9.62327271e+01  9.35747719e+00  1.75419495e+02  2.86914768e+01
   1.94079306e-02]
 [ 3.88806549e+02  1.48669891e+01  4.39468353e+02  9.08984375e+01
   3.93777339e-01]
 [ 4.78378540e+02  6.06798935e+01  4.96035950e+02  1.14400932e+02
   1.85974417e-01]
 [ 3.74878754e+02  2.94441345e+02  4.47167206e+02  3.48341309e+02
   2.46220417e-01]
 [ 9.50317612e+01  1.69785385e+02  1.20402946e+02  1.81514786e+02
  -1.35918167e-01]
 [ 1.35460419e+02  1.60512924e+02  1.49541595e+02  1.83200882e+02
   2.10088642e-01]
 [ 1.07065542e+02  1.95130021e+02  1.49671702e+02  2.01153854e+02
  -1.87311378e-01]
 [ 8.91245588e+01  2.23861894e+02  1.35405371e+02  2.26595473e+02
  -2.16395921e-01]
 [ 8.24468307e+01  2.48971329e+02  1.41392365e+02  2.49330246e+02
  -2.50266191e-01]
 [ 1.25102158e+02  3.40111122e+01  1.88175369e+02  4.71591759e+01
  -2.89357988e-02]
 [ 3.90316620e+02  7.04769592e+01  4.16749481e+02  1.08878296e+02
   3.93777600e-01]
 [ 4.37227020e+02  8.99671783e+01  5.05064001e+02  1.52077853e+02
   3.93777065e-01]
 [ 5.36398804e+02  1.31170868e+02  5.85691284e+02  1.91517181e+02
   3.93776141e-01]
 [ 3.83995429e+02  2.77268701e+02  4.27637811e+02  3.14659339e+02
   2.59227694e-01]
 [ 4.56378460e+02  2.87190120e+02  4.98745075e+02  3.27548406e+02
   2.49465568e-01]
 [ 3.99092390e+01  2.22013382e+02  1.14003099e+02  2.22993911e+02
  -2.00808964e-01]]