[[ 2.63082589e+02  6.02800249e+01  3.27929130e+02  9.46496016e+01
   1.97111552e-01]
 [ 1.96291060e+02  5.95981136e+01  2.30875261e+02  8.18141025e+01
   2.19948585e-01]
 [ 4.44025757e+02  7.88157120e+01  5.63317019e+02  1.19543114e+02
   1.01068097e-02]
 [ 4.99798584e+02  1.91497790e+02  5.12064942e+02  2.09562024e+02
  -3.71042178e-02]
 [ 5.30782658e+02  1.89299268e+02  5.88640804e+02  2.13659533e+02
   3.79550323e-02]
 [ 2.64107208e+02  1.01355843e+02  3.11715179e+02  1.24679329e+02
   1.48368202e-01]
 [ 3.11778150e+02  1.05190392e+02  3.59311755e+02  1.18760673e+02
  -3.08078909e-02]]