[[ 1.40307063e+02  2.50301574e+02  1.87033024e+02  2.76501221e+02
   1.62485736e-01]
 [ 2.02244690e+02  2.34673096e+02  3.97142395e+02  2.67843842e+02
  -4.62242855e-02]
 [ 4.27947281e+02  2.44526153e+02  4.98530869e+02  2.61375122e+02
   9.73551210e-03]
 [ 5.07765662e+02  2.46019623e+02  5.57789124e+02  2.62087097e+02
   9.84099636e-03]
 [ 4.21117889e+02  2.66528931e+02  4.60842499e+02  2.80698242e+02
   1.50464116e-02]
 [ 4.71699707e+02  2.67832733e+02  5.14976929e+02  2.81495026e+02
   1.31196572e-02]
 [ 5.22670166e+02  2.67897461e+02  5.56659546e+02  2.82655823e+02
   1.30310623e-02]
 [ 1.46032166e+02  2.33992706e+02  1.90810272e+02  2.59463684e+02
   1.53753255e-01]]