[[ 3.87864432e+02  1.58799623e+02  4.17173288e+02  1.75629912e+02
  -5.73974428e-01]
 [ 4.21819362e+02  1.58226616e+02  4.43934117e+02  1.72056587e+02
  -5.47705072e-01]
 [ 4.07460745e+02  1.87542634e+02  4.70100656e+02  2.04564971e+02
  -5.97808109e-02]
 [ 3.77286407e+02  2.74498566e+02  4.37908539e+02  3.69426971e+02
   3.28111120e-01]
 [ 4.28745970e+02  2.26331558e+02  4.93993837e+02  2.45896713e+02
  -1.50025586e-02]
 [ 5.34693970e+02  2.25254074e+02  5.87500977e+02  2.28455856e+02
  -2.86539243e-01]
 [ 5.40054927e+02  2.50758333e+02  5.90977788e+02  2.53533568e+02
  -2.77839850e-01]]