[[ 2.48459473e+02  3.67364044e+01  2.98788574e+02  5.76302948e+01
  -7.93438834e-02]
 [ 7.09896088e+01  3.02105927e+02  2.02548843e+02  3.19413727e+02
  -6.17195552e-02]
 [ 3.94632782e+02  6.25122604e+01  4.72343781e+02  8.41558151e+01
  -6.68629755e-03]
 [ 7.59281235e+01  3.70863007e+02  2.18913727e+02  3.83393707e+02
  -4.11936994e-04]
 [ 3.75972656e+02  2.56080109e+02  5.15623291e+02  2.86725677e+02
  -1.45097633e-02]
 [ 2.92756199e+02  2.61559357e+01  4.15761867e+02  5.63649154e+01
  -8.84309840e-02]
 [ 3.60172699e+02  2.47336441e+02  3.94168365e+02  2.59524170e+02
  -8.47928135e-02]
 [ 4.04208862e+02  2.44704758e+02  4.64801270e+02  2.53520615e+02
  -1.71922555e-01]
 [ 4.73869141e+02  2.37703873e+02  5.01678528e+02  2.50386154e+02
  -8.47934118e-02]]