[[8.06186294e+01 1.48808075e+02 1.11779762e+02 1.79084686e+02
  1.03939324e-01]
 [1.29234381e+02 1.54603087e+02 1.71922945e+02 1.86866091e+02
  1.31513196e-01]
 [1.89964355e+02 1.58664520e+02 2.62049561e+02 2.03833374e+02
  2.12243895e-01]
 [4.54599155e+02 1.00552231e+02 4.79990445e+02 1.26072449e+02
  2.83424507e-01]
 [5.10848328e+02 1.02923706e+02 5.50722717e+02 1.58507843e+02
  4.75316926e-01]
 [4.17904124e+02 1.30245785e+02 4.20761403e+02 1.53986484e+02
  5.11812160e-01]
 [4.48315731e+02 1.35175887e+02 5.46994511e+02 1.87889482e+02
  2.92851504e-01]
 [2.69881165e+02 1.68499878e+02 4.05109314e+02 2.34461792e+02
  1.43378919e-01]]