[[ 7.93199740e+01  1.56111861e+02  1.29207672e+02  1.96677444e+02
   3.39523780e-01]
 [ 1.78508759e+02  3.17698479e+00  2.24210846e+02  2.88640003e+01
   2.47689925e-02]
 [ 1.78260021e+02  4.37179680e+01  2.35565906e+02  6.71058349e+01
  -8.58841603e-03]
 [ 1.80231018e+02  8.33237915e+01  2.36179779e+02  1.03966049e+02
  -2.17797447e-02]
 [ 5.53896174e+02  2.09597549e+02  5.86317694e+02  2.25499069e+02
   4.73226410e-02]
 [ 5.54427557e+02  2.30695568e+02  5.84036311e+02  2.45551197e+02
   6.93563180e-02]]