[[ 5.46667419e+02  5.18600693e+01  5.99091858e+02  7.56166916e+01
   5.25760892e-02]
 [ 1.92846817e+02  4.61001740e+01  2.15791672e+02  6.83784561e+01
  -9.54089069e-03]
 [ 2.54055343e+02  2.26863855e+02  2.84439164e+02  2.56219947e+02
   3.87332498e-01]
 [ 2.53079926e+02  2.52863251e+02  2.70692230e+02  2.76867584e+02
   4.01271118e-01]
 [ 5.37869812e+02  3.01775703e+01  5.89915833e+02  5.55818367e+01
   8.07601286e-02]
 [ 5.46799744e+02  2.07529813e+02  5.93797546e+02  2.27610354e+02
   4.61891620e-02]
 [ 5.45922691e+02  2.35683225e+02  5.93753090e+02  2.57390627e+02
   6.46387340e-02]
 [ 1.74600662e+02  7.31478424e+01  2.07069595e+02  9.18781281e+01
  -1.17379228e-03]
 [ 2.15447464e+02  7.12680817e+01  2.38833481e+02  9.07316132e+01
   5.15147903e-03]
 [ 1.74726468e+02  1.00443344e+02  2.21096957e+02  1.16919311e+02
  -5.16654270e-02]]