[[ 1.52851143e+01  3.21321289e+02  5.00346260e+01  3.37183838e+02
   5.03980161e-04]
 [ 1.46274242e+01  3.46725555e+02  4.89264755e+01  3.61111542e+02
  -5.69526554e-02]
 [ 1.44979964e+01  3.76271332e+02  5.34918393e+01  3.87349701e+02
  -8.60992334e-02]
 [ 1.49691791e+01  4.04231019e+02  4.17599164e+01  4.12756042e+02
  -1.47463695e-01]
 [ 1.19531097e+01  4.25438782e+02  5.71517334e+01  4.38798035e+02
  -1.91973688e-01]
 [ 2.35772307e+01  2.27772629e+02  6.13664034e+01  2.31487106e+02
  -3.70205678e-01]
 [ 2.34371886e+01  2.49690614e+02  5.78505082e+01  2.55413421e+02
  -3.00991293e-01]
 [ 4.43174255e+02  1.67343159e+01  5.29775330e+02  3.63857040e+01
  -1.44037129e-03]
 [ 2.19196978e+00  2.73388610e+02  4.90763370e+01  2.99540101e+02
   9.07706523e-02]
 [ 2.20120817e+00  2.98437377e+02  3.23623679e+01  3.21165894e+02
   8.16423951e-02]]