[[ 2.91820068e+01  2.20291729e+01  1.74186951e+02  4.87416229e+01
  -2.09856875e-02]
 [ 2.00041347e+02  2.05103455e+01  2.50764042e+02  4.51121979e+01
   1.37567126e-03]
 [ 5.29387813e+02  2.50886813e+01  5.87519170e+02  3.70197591e+01
  -2.02767513e-01]
 [ 4.03641474e+02  1.75308762e+02  4.43056036e+02  1.88516525e+02
   1.24607193e-02]
 [ 5.41812134e+00  4.27816544e+01  1.76596176e+02  6.84537430e+01
   6.58322295e-04]
 [ 4.14225067e+02  1.95687988e+02  4.56936432e+02  2.09502838e+02
  -1.83774394e-01]]