[[ 3.94457184e+02  1.92998428e+02  4.44058502e+02  2.12009659e+02
  -4.66056378e-02]
 [ 4.20398712e+00  8.45267715e+01  8.77137451e+01  8.93169327e+01
  -1.69806835e-01]
 [ 6.73247419e+00  1.14680696e+02  6.71552040e+01  1.26538939e+02
  -1.78653226e-01]
 [ 1.26079041e+02  3.73207425e+02  1.45776428e+02  4.17914401e+02
   2.08805729e-01]
 [ 4.63325882e+01  1.97553360e+02  1.18759209e+02  2.03149918e+02
  -1.35568131e-01]
 [ 3.51779872e+02  1.31279274e+02  3.71792150e+02  1.49967369e+02
  -5.83559781e-01]
 [ 3.69455017e+02  1.24133057e+02  4.34393982e+02  1.36117096e+02
  -2.18284927e-01]
 [ 3.78004700e+02  1.70680862e+02  4.56875183e+02  1.77247116e+02
  -2.24163895e-01]]