[[ 2.64113953e+02  1.00503483e+01  4.76145996e+02  1.11763153e+02
  -5.11869532e-03]
 [ 2.68142985e+02  1.20717394e+02  4.58749532e+02  1.61426588e+02
  -8.26159644e-02]
 [ 3.62751367e+00  9.74949834e+00  3.82600562e+01  2.85738812e+01
   1.27941850e-01]
 [ 3.17427063e+00  3.53565445e+01  5.82851562e+01  6.05480270e+01
   1.41726280e-01]
 [ 3.42357635e+00  6.38905640e+01  2.33110733e+01  8.34827271e+01
   1.50592912e-01]
 [ 3.72405357e+01  6.76882782e+01  6.05869026e+01  8.91390228e+01
   1.50593362e-01]
 [ 3.94609631e+00  9.02891843e+01  4.60336069e+01  1.14058823e+02
   1.53700762e-01]
 [-8.15214302e-01  1.15927825e+02  3.71890623e+01  1.42676820e+02
   1.62111056e-01]]