[[ 4.23614954e+00  4.89566040e+00  7.32108901e+01  4.19844589e+01
   1.79892098e-04]
 [ 1.54671966e+02  1.36525046e+02  1.73789154e+02  1.55296182e+02
  -1.62407212e-02]
 [ 1.88915634e+02  1.36978830e+02  2.08705215e+02  1.57361075e+02
  -6.72689294e-03]
 [ 3.27085266e+02  7.24729309e+01  4.07441528e+02  7.31882019e+01
  -2.05598101e-01]
 [ 3.29599851e+02  9.84564442e+01  3.84323183e+02  1.05461555e+02
  -1.91345404e-01]
 [ 2.49810577e+02  3.27133545e+02  3.45539276e+02  3.46952332e+02
   6.95711056e-02]
 [ 3.70623113e+02  4.15079176e+01  4.46566707e+02  4.74080065e+01
  -2.26034633e-01]]