[[ 2.82385254e+02  1.76698074e+02  3.13654358e+02  1.90354507e+02
  -8.91962714e-02]
 [ 2.30527378e+02  3.71281814e+01  2.70800914e+02  7.02290802e+01
   1.15373034e-03]
 [ 6.94054495e+01  1.54263076e+01  9.77375711e+01  5.75190202e+01
   7.32497239e-02]
 [ 3.58354797e+02  3.55287201e+02  4.21448059e+02  3.62614349e+02
  -4.45056281e-02]
 [ 1.40694885e+02  3.63193207e+02  1.92657135e+02  3.64358124e+02
  -2.88705235e-01]
 [ 1.45242755e+01  1.34023894e+01  6.43748172e+01  6.50457764e+01
   7.27815566e-02]]