[[ 4.94207568e+02  2.25082732e+02  5.46887146e+02  2.50198792e+02
   6.65282246e-02]
 [ 4.94225504e+02  2.59640471e+02  5.59988342e+02  2.80776764e+02
   7.02725451e-02]
 [ 5.41631977e+02  1.03700536e+01  5.95430035e+02  2.58864428e+01
  -3.00834715e-02]
 [ 3.21416595e+02  5.43917313e+01  4.01847321e+02  5.62207947e+01
  -2.86239826e-01]
 [ 4.18179217e+02  3.67520779e+01  4.40199323e+02  4.80116779e+01
  -2.14798929e-01]
 [ 3.31937024e+02  8.04917793e+01  3.86100147e+02  9.34595299e+01
  -1.97402661e-01]
 [ 2.31545420e+02  5.80333909e+01  2.66491461e+02  7.62232182e+01
   1.37578058e-01]
 [ 2.12503852e+02  7.60807635e+01  2.48310265e+02  9.38038496e+01
   1.52261635e-01]
 [ 2.63008116e+02  8.31748503e+01  2.81897889e+02  9.77454378e+01
   1.34333996e-01]
 [ 1.58465345e+02  8.55690458e+01  2.06963701e+02  1.19321137e+02
   1.32469302e-01]
 [ 3.34125372e+02  1.03409946e+02  3.85042658e+02  1.23401364e+02
  -1.39371209e-01]
 [ 3.38032135e+02  1.31726929e+02  3.71370026e+02  1.53635803e+02
  -1.67296328e-01]
 [ 3.83724121e+02  1.22999107e+02  4.10790100e+02  1.47506378e+02
  -1.44911870e-01]]