[[ 2.12533323e+02  1.88833298e+02  2.44619082e+02  2.10467636e+02
  -6.88847298e-02]
 [ 1.70769052e+02  2.45500509e+02  2.14335379e+02  2.33491556e+02
  -7.40835436e-01]
 [ 1.77069118e+02  2.73104252e+02  2.28077854e+02  2.41322688e+02
  -8.20657174e-01]
 [ 1.27621475e+02  3.78165474e+01  2.72155701e+02  6.67480927e+01
  -1.00130896e-02]
 [ 1.53219014e+02  8.01568605e+01  2.35235881e+02  1.03481903e+02
  -1.52634378e-02]
 [ 3.31892242e+01  6.09354706e+01  1.41107061e+02  9.13628083e+01
   1.92775893e-02]]