[[ 6.83281708e+01  6.50392151e+01  1.17953278e+02  6.06614380e+01
  -6.07765860e-01]
 [ 4.09196884e+02  6.11909798e+01  4.86597306e+02  7.94537956e+01
  -5.15942299e-02]
 [ 1.36461487e+02  3.70181122e+02  2.12381561e+02  3.81979034e+02
  -6.91462736e-04]
 [ 4.72408949e+02  3.61475342e+02  5.95824205e+02  3.82387817e+02
  -8.67571018e-04]
 [ 4.75768135e+02  1.00104030e+02  5.08685723e+02  1.07605198e+02
  -4.36484843e-01]
 [ 5.07562891e+02  8.37297400e+01  5.46353882e+02  9.02567291e+01
  -4.31600566e-01]]