[[ 3.07815369e+02  9.04839325e+00  3.75202820e+02  2.87637558e+01
   1.22143149e-02]
 [ 3.18510803e+02  3.77931396e+02  3.89099182e+02  4.19751282e+02
   4.77968778e-02]
 [ 3.56720505e+01  3.93228668e+02  6.93004074e+01  4.14450836e+02
   4.65166552e-02]
 [ 9.13289547e+01  4.71686091e+02  1.54466829e+02  5.22360725e+02
   2.14939873e-01]
 [ 2.89594704e+02  4.41880797e+01  3.36058800e+02  6.16635133e+01
   4.23049682e-03]
 [ 3.05462494e+02  6.51727448e+01  3.28117645e+02  8.31689606e+01
   2.12901414e-02]
 [ 2.95577819e+02  5.03210693e+02  3.65836976e+02  5.34429321e+02
  -1.55945466e-02]
 [ 4.50246811e+00  3.75697235e+02  3.71075783e+01  3.97389923e+02
   7.98632838e-02]
 [ 3.29511659e+02  6.94651038e+01  3.76068907e+02  8.63665460e+01
  -2.16619404e-02]]