[[ 2.86023071e+02  1.39327942e+02  4.18995483e+02  1.78601440e+02
   2.82874629e-02]
 [ 4.54939282e+01  1.48018585e+02  1.37230807e+02  1.63732269e+02
  -4.57869080e-02]
 [ 3.03874115e+02  2.82775146e+02  3.23027863e+02  3.01974243e+02
  -1.00962024e-01]
 [ 3.38657760e+02  2.83624513e+02  4.04161332e+02  3.02001219e+02
  -7.67246416e-02]
 [ 4.21100464e+02  2.80371948e+02  4.63818909e+02  3.01079468e+02
  -2.04965713e-02]
 [ 6.89015779e+01  1.89110992e+02  1.16759204e+02  2.14673462e+02
   8.93208234e-02]
 [ 3.27406586e+02  1.35154205e+02  4.04362579e+02  1.46738190e+02
  -4.68435296e-03]
 [ 4.18808327e+02  1.37716950e+02  4.30202171e+02  1.46617126e+02
  -4.68572669e-03]
 [ 5.99640388e+01  2.78448151e+02  1.32275253e+02  3.30569794e+02
  -2.46794473e-02]
 [ 1.70070297e+02  2.73173950e+02  2.78854187e+02  3.30384827e+02
  -1.26211998e-03]
 [ 1.63874957e+02  2.22592072e+02  2.09197980e+02  2.29868224e+02
  -6.65504224e-02]]