[[ 5.27167504e+02  3.09151596e+01  5.72048683e+02  4.39354204e+01
  -3.04295097e-01]
 [ 1.60431290e+02  3.17178619e+02  2.16480972e+02  3.17493805e+02
  -2.33741831e-01]
 [ 7.26091247e+00  1.38724135e+01  6.06578407e+01  4.02745285e+01
   7.09369125e-02]
 [ 7.65208133e+01  1.64313167e+01  9.42575223e+01  4.27692448e+01
   7.56311299e-02]
 [ 1.60337021e+02  3.31097656e+02  2.17235764e+02  3.44211975e+02
  -2.57296278e-01]
 [ 1.58998220e+02  3.77599765e+02  2.30120188e+02  3.95161527e+02
  -2.89594652e-01]
 [ 6.32742275e+01  2.36256315e+01  1.06841065e+02  9.14983523e+01
   4.58075230e-01]]