[[ 3.86580322e+02  8.78590393e+01  4.52706360e+02  8.96384277e+01
  -2.53045044e-01]
 [ 3.90933960e+02  1.10221533e+02  4.01681274e+02  1.29469034e+02
   4.75987326e-02]
 [ 4.10356646e+02  1.04403346e+02  4.52009321e+02  1.16441671e+02
  -1.98634557e-01]
 [ 8.50172424e+01  1.57566895e+02  1.25743576e+02  1.93763092e+02
   3.88406253e-01]
 [ 8.60160394e+01  1.80451902e+02  1.21382729e+02  2.14637787e+02
   4.08928861e-01]
 [ 5.44483948e+02  4.98042526e+01  5.83515564e+02  7.51998520e+01
   1.14615621e-01]
 [ 3.73903814e+02  1.36448843e+02  4.75524592e+02  1.38663156e+02
  -2.34745884e-01]]