[[ 3.47365379e+00  9.26336517e+01  5.97525712e+01  1.02927170e+02
  -1.72558155e-01]
 [ 5.98863983e+00  1.12297768e+02  5.60023041e+01  1.22812096e+02
  -1.72558612e-01]
 [ 2.22066397e+02  4.54996378e+01  2.80602182e+02  8.25670622e+01
  -1.76899038e-02]
 [ 3.68755890e+02  8.21201935e+01  4.42653656e+02  1.07208191e+02
   6.11358400e-02]
 [ 8.42711611e+01  1.23585122e+02  1.68789569e+02  1.27542060e+02
  -1.43832478e-01]
 [ 1.90973923e+02  1.62677307e+01  2.48012009e+02  3.62021561e+01
  -8.56662192e-03]
 [ 1.29781204e+02  8.93169098e+01  1.78551926e+02  1.00401749e+02
  -1.25456007e-01]
 [ 1.60578376e+02  1.25939233e+02  2.23760094e+02  1.29772338e+02
  -1.07493610e-01]]