[[ 1.09429947e+02  2.73992493e+02  1.53920059e+02  2.96335693e+02
   4.10601634e-02]
 [ 8.52454062e+01  3.03395203e+02  1.18782029e+02  3.24948547e+02
   3.17471648e-02]
 [ 1.38860904e+02  3.08984693e+02  1.48679318e+02  3.27135668e+02
   2.00559483e-01]
 [ 2.01562119e+01  2.33252411e+01  1.26032173e+02  6.53738174e+01
   5.02516503e-04]
 [ 1.49512787e+02  2.68643932e+01  1.77424408e+02  5.79927159e+01
  -1.56363604e-01]
 [ 2.06822107e+02  2.33882141e+01  4.35755042e+02  5.91806412e+01
   4.68461176e-04]
 [ 3.62271576e+01  8.37243271e+01  1.61058517e+02  1.11885033e+02
  -3.39901336e-02]
 [ 1.84547577e+02  7.09236374e+01  2.71466593e+02  1.19012155e+02
   1.12740448e-01]
 [ 3.00236615e+02  7.68160934e+01  3.30175678e+02  1.04323875e+02
   1.29249800e-03]
 [ 3.56839264e+02  8.20987167e+01  4.21239716e+02  1.04261818e+02
  -2.43785498e-02]
 [ 1.18108170e+02  1.28961884e+02  2.11003952e+02  1.57563293e+02
   6.86092112e-02]]