[[ 1.50726666e+02  1.54094895e+02  1.85768604e+02  1.67763991e+02
  -2.20288873e-01]
 [ 1.89859270e+02  1.51831622e+02  2.41179762e+02  1.59776288e+02
  -1.74753259e-01]
 [ 1.17630174e+02  3.51926874e+02  1.35058760e+02  4.04456976e+02
   2.14305543e-01]
 [ 1.62128601e+02  3.47747467e+02  1.84570801e+02  4.05292633e+02
   2.03087074e-01]
 [ 2.05281703e+02  3.39716339e+02  2.81506368e+02  3.98691132e+02
   1.33183992e-03]
 [ 3.06595825e+02  3.22761597e+02  4.03909912e+02  3.98854126e+02
   1.33141030e-03]
 [ 2.22189484e+02  2.97738983e+02  2.63341922e+02  3.23291657e+02
   9.44733440e-02]
 [ 2.78354034e+02  2.98100922e+02  2.89827789e+02  3.35032074e+02
   3.82438509e-01]]