[[ 7.65227509e+01  2.76737793e+02  1.75954453e+02  3.07125732e+02
   7.27969743e-02]
 [ 1.55648224e+02  1.38067139e+02  2.29674927e+02  1.52422119e+02
  -3.19117002e-03]
 [ 3.90696403e+02  2.83880738e+02  4.91888680e+02  2.98570190e+02
  -7.16292058e-02]
 [ 8.49475555e+01  1.52396988e+02  2.31089676e+02  2.27064835e+02
   8.18434067e-02]
 [ 7.10766907e+01  2.99638214e+02  1.34709662e+02  3.28268341e+02
   6.50375378e-02]
 [ 9.36509261e+01  1.32101349e+02  1.61672690e+02  1.49490570e+02
  -2.90794393e-02]
 [ 2.74273102e+02  1.57822952e+02  4.37598602e+02  2.49729599e+02
   7.48669832e-02]]