[[ 2.21768759e+02  1.91766967e+02  3.46548615e+02  2.76236115e+02
   7.92757514e-02]
 [ 5.36936423e+02  1.15151353e+02  5.72289651e+02  1.28563674e+02
  -1.59286711e-02]
 [ 6.92333221e-01  1.79664597e+02  4.34153748e+01  2.01257980e+02
   8.25037418e-02]
 [ 5.37938426e+01  1.84116699e+02  1.01715435e+02  2.06078888e+02
   8.25039958e-02]
 [ 1.00779266e+01  2.13041580e+02  1.31697406e+02  2.43813828e+02
   9.14614877e-02]
 [ 1.45901793e+02  2.24304275e+02  2.14641572e+02  2.46291275e+02
   8.05240069e-02]]