[[ 6.25043488e+00  2.17874527e+01  1.26928947e+02  4.33635635e+01
   5.39049027e-03]
 [ 1.48473679e+02  2.25541115e+01  1.71017380e+02  4.38353844e+01
   5.39021703e-03]
 [ 1.94314555e+02  2.28012085e+01  2.48193929e+02  4.46606827e+01
   5.39055066e-03]
 [ 4.54042344e+02  2.10558731e+02  4.95042739e+02  2.33271042e+02
   3.79856412e-02]
 [ 1.99889753e+02  1.06799669e+02  2.92657092e+02  1.46183684e+02
  -7.40316786e-02]
 [ 2.66992931e+02  2.95943846e+02  3.58894826e+02  3.45881960e+02
   9.25645925e-02]
 [ 1.53694214e+02  1.97216736e+02  1.80276520e+02  2.26103729e+02
   1.22306700e-01]
 [ 2.01470093e+02  2.06992630e+02  2.40768311e+02  2.34571518e+02
   1.24831426e-01]
 [ 4.69137817e+02  1.59860077e+01  5.28458252e+02  5.38647461e+01
   1.31154681e-01]
 [ 4.93852293e+02  1.95719070e+02  5.50199585e+02  2.27654526e+02
   2.40322274e-02]
 [ 3.23450923e+02  9.82659532e+01  3.39413884e+02  1.12878944e+02
  -3.08063018e-02]
 [ 3.57199463e+02  9.25091248e+01  4.47273315e+02  1.15399536e+02
  -2.71014325e-02]]