[[ 3.36361053e+02  3.88905243e+02  3.89851715e+02  4.08949371e+02
   3.47972901e-04]
 [ 3.48838545e+02  2.68001831e+02  3.86787432e+02  2.77581176e+02
  -1.53103477e-02]
 [ 4.14927661e+02  2.57467849e+02  4.01541760e+02  2.85375046e+02
   8.59621595e-01]
 [ 1.14792644e+02  3.90733429e+02  1.77476467e+02  4.16289887e+02
   2.65915786e-02]
 [ 2.46844269e+02  2.81440918e+02  2.89444306e+02  3.16690430e+02
   1.68851443e-01]
 [ 2.22546555e+02  2.55568649e+02  3.37866638e+02  2.75676758e+02
  -1.40438263e-02]
 [ 2.60698573e+02  3.10704895e+02  2.82182958e+02  3.22775147e+02
   7.60698683e-03]
 [ 2.92623726e+02  3.02320350e+02  2.99335747e+02  3.26635582e+02
   3.22732614e-01]]