[[ 3.34656921e+02  2.64776276e+02  3.71536377e+02  2.82324615e+02
  -1.14405150e-01]
 [ 4.77074169e+02  8.98525196e+01  5.52591572e+02  1.02544896e+02
  -1.76392337e-01]
 [ 5.72322083e+00  5.54358673e+00  2.11368011e+02  7.13584290e+01
   6.60835716e-03]
 [ 3.41994110e+02  2.38444397e+02  3.54454681e+02  2.59715271e+02
   1.38022553e-01]
 [ 5.12555438e+02  5.57237082e+01  5.87282819e+02  6.94591074e+01
  -1.53371372e-01]
 [ 2.61367554e+02  9.67432594e+00  3.87921387e+02  5.48618698e+01
  -4.23758819e-02]
 [ 4.02116119e+02  1.58082800e+01  5.11942169e+02  4.96032486e+01
  -4.23758283e-02]]