[[ 9.27610931e+01  2.51744659e+02  1.33295898e+02  2.82673859e+02
   3.07255724e-01]
 [ 1.98912426e+01  1.99571258e+02  6.72249680e+01  2.36323761e+02
   1.70409339e-01]
 [ 5.53556061e+01  7.68712540e+01  2.19017685e+02  1.18277779e+02
   7.60602922e-02]
 [ 2.21422494e+01  2.52901231e+01  9.35002524e+01  4.56752547e+01
  -1.38725824e-01]
 [ 3.70450500e+02  1.26121155e+02  5.59643433e+02  2.10199860e+02
   2.75354783e-01]
 [ 2.54153135e+02  7.99745333e+01  3.28238665e+02  1.02339477e+02
  -1.09644751e-02]]