[[ 3.64389069e+02  1.73014084e+02  4.16351532e+02  1.84629745e+02
  -1.57428017e-01]
 [ 3.72096786e+01  1.96355152e+01  2.17653809e+02  5.14532013e+01
  -2.20450843e-02]
 [ 1.62667648e+02  3.42336426e+02  1.85585464e+02  3.66007324e+02
   3.00357246e-01]
 [ 1.25130935e+02  3.57452423e+02  1.92488175e+02  4.01093720e+02
   3.21840349e-01]
 [ 3.82582547e+02  1.91038220e+02  4.03956088e+02  2.05832844e+02
  -7.05488752e-01]
 [ 3.95273468e+02  1.87184067e+02  4.33717438e+02  1.95219437e+02
  -3.56751486e-01]]