[[ 3.45494690e+01  3.70954628e+01  8.95737610e+01  6.00819206e+01
   3.50607254e-04]
 [ 9.69410019e+01  3.71173363e+01  1.27042839e+02  6.00996895e+01
   3.50431576e-04]
 [ 1.34396057e+02  3.71304550e+01  2.73758392e+02  6.01692734e+01
   3.50621601e-04]
 [ 2.86641724e+02  3.71838188e+01  3.24165283e+02  6.01930809e+01
   3.50656496e-04]
 [ 3.34508984e+02  3.71961098e+01  3.70813892e+02  6.02152901e+01
   4.74161222e-04]
 [ 3.80918777e+02  3.72165642e+01  4.44821396e+02  6.02503853e+01
   4.74259365e-04]
 [ 4.51682922e+02  3.72411156e+01  5.63355957e+02  6.03065987e+01
   4.74156163e-04]
 [ 2.01596573e+02  6.54117813e+01  2.14977036e+02  8.68149643e+01
  -1.12802706e-01]
 [ 2.25702473e+02  6.54239120e+01  3.25187469e+02  8.68830643e+01
   6.17723591e-04]
 [ 3.38674042e+02  6.49230270e+01  3.48487518e+02  8.74538651e+01
   5.14135583e-02]
 [ 3.61022749e+02  6.54917297e+01  4.16565875e+02  8.69395142e+01
   6.17697549e-04]
 [ 4.12233826e+02  2.87568237e+02  4.94070435e+02  2.88081360e+02
  -2.74782756e-01]
 [ 1.04938486e+02  2.75683928e+02  1.77290998e+02  2.99382783e+02
   5.89388123e-02]
 [ 1.00612961e+02  3.05552460e+02  1.43741471e+02  3.25603180e+02
   1.14316093e-02]
 [ 1.31319733e+02  8.87378693e+01  2.62359711e+02  1.17248749e+02
   7.81554453e-04]
 [ 2.93843060e+02  8.68637085e+01  4.97635883e+02  1.20157944e+02
   6.17723459e-04]]