[[ 1.76722794e+01  4.15279724e+02  4.83011169e+01  4.25308838e+02
   2.22751545e-02]
 [ 1.80361993e+02  6.89380384e+00  2.84046515e+02  2.31533620e+01
  -4.06982423e-02]
 [ 3.47079163e+01  3.33611145e+02  7.03679199e+01  3.65479431e+02
   2.53480730e-01]
 [ 5.64055969e+02  2.74466736e+02  5.95321350e+02  2.90820007e+02
   3.47247891e-03]
 [ 5.65915894e+02  2.95111298e+02  5.93410767e+02  3.11548309e+02
  -1.76889491e-03]
 [ 4.34259470e+01  3.20411131e+02  7.88414441e+01  3.41221987e+02
   1.51820711e-01]
 [ 4.51898789e+01  4.70366401e+01  1.17692251e+02  6.04858209e+01
   1.86496337e-02]]