[[ 1.73226959e+02  9.80085907e+01  2.16878387e+02  1.20004364e+02
   9.97735439e-02]
 [ 2.78099426e+02  5.41671257e+01  3.50671936e+02  9.53170929e+01
  -1.01635344e-02]
 [ 3.73795574e+02  5.37543489e+01  4.68358722e+02  9.41209562e+01
  -1.01634100e-02]
 [ 3.04872040e+02  1.04155060e+02  4.00875519e+02  1.44261551e+02
  -1.55728148e-02]
 [ 4.24769958e+02  1.02596517e+02  4.49349732e+02  1.43506602e+02
  -2.32502413e-02]
 [ 3.49792328e+01  5.00273514e+00  1.05949753e+02  2.34931679e+01
   5.76142764e-02]
 [ 3.59123917e+01  2.72687988e+01  1.04613930e+02  4.49471817e+01
   3.27602544e-02]
 [ 3.84124527e+01  5.15522842e+01  1.06495689e+02  6.98804169e+01
   1.55069004e-02]
 [ 4.18059387e+01  7.92855835e+01  9.89118347e+01  9.76484680e+01
  -3.74697612e-03]
 [ 1.44870453e+02  3.21193268e+02  2.31662445e+02  3.61432953e+02
   1.43786069e-01]
 [ 4.07652710e+02  1.43195663e+02  5.51904541e+02  1.66777969e+02
  -1.83385134e-02]
 [ 4.10808838e+02  1.81038040e+02  5.64769958e+02  2.03771500e+02
  -2.24840052e-02]
 [ 1.34678600e+02  3.44983367e+02  2.20089772e+02  3.88142304e+02
   1.41392244e-01]]