[[ 2.12405614e+02  7.51121713e+01  2.73495972e+02  8.85457993e+01
  -1.80357710e-01]
 [ 5.32447626e+02  2.37245531e+01  5.94129522e+02  4.06330366e+01
  -1.66575167e-01]
 [ 7.22052307e+01  1.91972542e+01  1.60937592e+02  4.39665146e+01
   1.40723415e-03]
 [ 1.86936136e+02  1.94510536e+01  2.64833014e+02  4.41126671e+01
   1.40680535e-03]
 [ 5.15005302e+00  3.61990662e+01  6.82015839e+01  6.39431305e+01
  -3.10968053e-02]
 [ 9.20121439e+01  4.48938141e+01  1.69464541e+02  7.25164795e+01
   5.33791832e-04]]