[[ 3.11786316e+02  6.25940781e+01  5.60880249e+02  1.17410255e+02
  -6.33307206e-02]
 [ 2.69021423e+02  2.02893463e+02  3.33615417e+02  3.00078888e+02
   6.05542136e-01]
 [ 3.90395111e+02  2.81413177e+02  3.94981537e+02  3.43910431e+02
   6.38471889e-01]
 [ 4.90930298e+02  1.73252853e+02  5.85729370e+02  1.87276413e+02
  -1.31278009e-02]
 [ 6.93229036e+01  3.10527572e+01  9.11979704e+01  4.84997560e+01
   3.24417641e-02]
 [ 1.07502666e+02  3.03226659e+01  1.85412373e+02  5.69969066e+01
   6.44299702e-02]
 [ 1.58656232e+02  2.65870819e+02  2.45361285e+02  3.03465607e+02
   1.74926957e-01]
 [ 1.55820068e+02  2.99701843e+02  2.30575958e+02  3.35952332e+02
   1.88104797e-01]
 [ 9.59270801e+00  9.92929230e+01  9.30194937e+01  1.19526672e+02
  -6.84772667e-02]
 [ 1.11218712e+02  8.58945084e+01  2.42483307e+02  1.09676140e+02
  -6.59788358e-02]
 [ 1.95014225e+02  1.25406414e+02  1.90504940e+02  1.63980488e+02
   8.57829349e-01]
 [ 2.28818458e+02  1.49271478e+02  2.25595940e+02  1.83642920e+02
   8.27177844e-01]
 [ 2.49183741e+02  1.71699200e+02  3.34683319e+02  2.49673019e+02
   4.80798507e-01]
 [ 4.55438568e+02  1.51701218e+02  5.87133911e+02  1.72068710e+02
  -1.11370521e-02]
 [ 3.82782711e+01  2.55977203e+02  6.91983219e+01  2.95392853e+02
   1.70495681e-01]
 [ 1.02260239e+02  2.74823608e+02  1.54094498e+02  3.11207397e+02
   1.73599776e-01]]