[[ 5.36402581e+01  8.37727204e+01  1.54414552e+02  8.81097869e+01
  -1.33578018e-01]
 [ 9.52039941e+01  1.06370812e+02  1.54589280e+02  1.17579445e+02
  -1.17945117e-01]
 [ 1.02750412e+02  1.32074539e+02  1.79299942e+02  1.44344376e+02
  -1.13379535e-01]
 [ 3.13992203e+02  3.99060794e+01  3.62019821e+02  5.92063321e+01
  -7.25142085e-02]
 [ 2.19842035e+02  4.05507547e+01  2.93451910e+02  5.81425818e+01
  -2.20867202e-02]
 [ 4.13760315e+02  9.78291702e+00  4.54356628e+02  3.51974068e+01
   1.50426433e-01]
 [ 4.06403684e+02  4.23711010e+01  4.24897159e+02  6.14471821e+01
   1.48164866e-01]
 [ 3.42117035e+02  8.40597534e+00  3.84876434e+02  3.41771507e+01
   1.30158762e-01]
 [ 2.34742108e+02  5.74168745e+01  2.83628864e+02  8.52241815e+01
  -3.05524592e-02]]