[[ 2.51350739e+02  2.77543316e+01  3.92936127e+02  5.21567841e+01
  -4.90143921e-02]
 [ 7.74844936e+01  3.72418701e+02  1.65801090e+02  3.82480957e+02
  -5.99220423e-04]
 [ 1.72958717e+02  3.69960356e+02  2.04511436e+02  3.87193758e+02
   1.83624860e-01]
 [ 3.97699577e+02  2.38270172e+02  5.40807412e+02  2.75538056e+02
   6.13447960e-03]
 [ 4.53231750e+02  3.63143585e+02  5.40089905e+02  3.84476288e+02
   3.61581460e-02]
 [ 5.47617310e+02  3.62667664e+02  5.89974487e+02  3.81829895e+02
  -7.43077742e-01]
 [ 1.37635864e+02  2.95068756e+02  1.91236053e+02  3.02624847e+02
  -1.25924484e-01]
 [ 4.10691151e+02  6.34109007e+01  4.78725658e+02  7.87840265e+01
  -5.22673850e-02]
 [ 4.93056763e+02  5.74483948e+01  5.18726811e+02  7.46276856e+01
   2.58818936e-02]
 [ 2.66649339e+02  5.67768489e+01  2.95693373e+02  7.12014379e+01
  -7.55540384e-02]
 [ 3.06037512e+02  5.36052379e+01  3.45353601e+02  6.74422742e+01
  -7.55535517e-02]
 [ 3.04568481e+02  2.76895752e+02  3.97238403e+02  2.90314392e+02
  -8.53293137e-02]
 [ 6.22997551e+01  3.18947388e+02  1.25313950e+02  3.24044983e+02
  -1.25924324e-01]
 [ 1.40448706e+02  3.09054233e+02  1.89074365e+02  3.15181912e+02
  -1.25924396e-01]]