[[ 4.59411915e+02  6.15403128e+00  5.18691906e+02  3.19225521e+01
  -2.15884070e-04]
 [ 2.03937636e+01  3.30874207e+02  4.65228548e+01  3.46450561e+02
  -8.85592723e-03]
 [ 1.10238504e+01  3.63301850e+02  5.68943548e+01  3.74714629e+02
  -8.46727121e-02]
 [ 4.27860043e+02  6.16584397e+00  4.53390994e+02  1.88244381e+01
  -7.27239390e-04]
 [ 4.30736450e+02  2.75742626e+01  4.73248901e+02  4.10278015e+01
  -1.62470554e-03]
 [ 2.37250862e+01  3.00033936e+02  6.18976707e+01  3.32431519e+02
   1.23075487e-02]
 [ 1.00624523e+01  3.86507446e+02  7.57055740e+01  3.92337769e+02
  -4.34681267e-01]
 [ 1.85463161e+02  3.13783964e+01  2.49846561e+02  5.25285861e+01
  -3.22767142e-01]
 [ 2.42930206e+02  4.01584808e+02  2.84556072e+02  4.36924594e+02
   2.16957282e-01]]