[[ 2.78632954e+02  2.90892357e+01  4.17104350e+02  5.40334927e+01
  -3.30386918e-02]
 [ 4.25536102e+02  2.56670341e+01  4.90071991e+02  4.56589165e+01
  -2.97481106e-02]
 [ 2.72829742e+02  6.67072830e+01  4.43759064e+02  7.84305649e+01
  -5.01198431e-02]
 [ 2.68007449e+02  1.01673410e+02  3.26761167e+02  1.14469305e+02
  -5.85107281e-02]
 [ 3.34787696e+02  9.78153550e+01  4.27080224e+02  1.07094298e+02
  -6.79498364e-02]
 [ 4.32116262e+02  9.08819511e+01  4.83721384e+02  1.03239570e+02
  -6.79499689e-02]
 [ 2.63213684e+02  1.28683426e+02  3.27871582e+02  1.40015091e+02
  -8.36767278e-02]
 [ 2.63326324e+02  1.53427719e+02  2.77076202e+02  1.72481735e+02
   1.56940487e-01]
 [ 2.91048431e+02  1.54264130e+02  3.20094635e+02  1.64286469e+02
  -9.02257052e-02]
 [ 9.23194885e-01  6.35002594e+01  5.16258850e+01  9.21936646e+01
   1.51979602e-01]
 [ 8.53949279e-01  9.50838160e+01  2.89656322e+01  1.19751145e+02
   1.61780766e-01]]