[[ 2.77884766e+02  3.04163635e+02  3.21690613e+02  3.22224609e+02
  -3.81632851e-02]
 [ 4.08769165e+02  3.53922455e+02  4.61649414e+02  3.73422028e+02
   1.50813469e-02]
 [ 1.11471554e+02  8.16414238e+00  1.86480747e+02  5.54587862e+01
   5.88633126e-02]
 [ 2.27533875e+02  9.60166740e+00  4.17634094e+02  6.83468399e+01
  -4.65929584e-02]
 [ 1.63514356e+02  8.09415430e+01  2.34123950e+02  1.42113938e+02
   3.01430416e-02]
 [ 2.83591461e+02  8.60364685e+01  3.58306671e+02  1.40705490e+02
   5.95172787e-02]
 [ 4.17187052e+02  2.36563265e+02  5.67960531e+02  2.43785063e+02
  -1.00094519e-01]
 [ 4.02102203e+02  2.69302914e+02  5.65419189e+02  2.90740051e+02
  -5.94492357e-02]
 [ 2.57026363e+02  2.51833008e+02  2.99359868e+02  2.55948730e+02
  -1.13942974e-01]
 [ 2.38906555e+02  2.67881073e+02  3.02927551e+02  2.74978851e+02
  -9.58220289e-02]
 [ 3.10131500e+02  2.63346008e+02  3.46483978e+02  2.68068787e+02
  -1.05960306e-01]]