[[ 3.12536163e+02  4.88181305e+00  3.69553436e+02  4.31769562e+01
   1.99871560e-01]
 [ 7.46469874e+01  1.00143737e+01  1.33150757e+02  3.71991196e+01
   5.97351106e-02]
 [ 3.13927817e+02  3.91323944e+02  3.75582986e+02  4.17458832e+02
  -1.22519827e-03]
 [ 6.98644939e+01  6.03040236e+01  1.40032975e+02  7.74149555e+01
   2.01993163e-02]
 [ 1.08077068e+01  4.33032471e+02  5.60829163e+01  4.29799194e+02
  -3.23418917e-01]
 [ 7.99546814e+00  4.54456848e+02  6.08374023e+01  4.52398865e+02
  -3.34941882e-01]]