[[ 1.79687110e+02  1.97770554e+02  2.82941536e+02  2.15519271e+02
  -9.37274287e-02]
 [ 1.86623016e+02  2.34549011e+02  3.41652252e+02  2.44511749e+02
  -9.76717044e-02]
 [ 4.82947425e+02  5.08133850e+01  4.98169579e+02  6.55537872e+01
   6.11608158e-04]
 [ 5.07897021e+02  4.83555163e+01  5.43135572e+02  5.71348554e+01
  -1.38803151e-01]
 [ 5.50724960e+02  4.63360578e+01  5.96391983e+02  5.27203540e+01
  -1.33499004e-01]
 [ 2.12359009e+01  4.19578857e+01  2.53705139e+02  1.04050522e+02
  -1.01568864e-01]
 [ 2.91790344e+02  9.81460094e+00  4.04316833e+02  7.26234665e+01
  -9.99522807e-02]]