[[ 1.99496536e+02  2.73713928e+02  2.63305359e+02  2.72720825e+02
  -2.71347131e-01]
 [ 2.15550568e+02  2.96760284e+02  2.74575623e+02  2.93859528e+02
  -3.48590737e-01]
 [ 2.86138885e+02  1.59673828e+02  3.35349274e+02  1.82947205e+02
  -1.33212517e-02]
 [ 3.53796110e+02  1.58600617e+02  4.01013277e+02  1.82436737e+02
  -7.77378396e-03]
 [ 2.18285141e+01  1.43326462e+02  1.09103434e+02  2.25653184e+02
   4.66462015e-01]
 [ 5.44300873e+02  2.65302646e+02  5.87806671e+02  2.69799344e+02
  -9.59240031e-02]
 [ 5.40322144e+02  2.85763947e+02  5.84931274e+02  2.94084198e+02
  -7.45600736e-02]
 [ 4.17759354e+02  1.53693924e+02  4.83864608e+02  1.70550461e+02
  -1.02930230e-02]
 [ 4.99096436e+02  1.56745819e+02  5.23722168e+02  1.73250824e+02
  -9.60343099e-03]]