[[ 1.96735382e+02  3.80674744e+02  2.43850647e+02  4.45119263e+02
   4.37677921e-01]
 [ 7.77659044e+00  3.80226075e+02  6.21409453e+01  3.94973571e+02
  -9.34214085e-02]
 [ 1.69707475e+00  4.17556243e+02  5.69975777e+01  4.29715363e+02
  -2.76578167e-01]
 [ 4.32993951e+02  4.13308049e+00  5.16301703e+02  2.16532898e+01
  -8.43518128e-04]
 [ 2.52488264e+02  4.02435724e+02  2.86131182e+02  4.35864996e+02
   3.37328739e-01]
 [ 1.34012947e+01  2.89125214e+02  5.99269371e+01  3.10722260e+02
   6.57552010e-02]
 [ 1.35725638e+01  3.19157684e+02  6.06829923e+01  3.38146637e+02
  -1.86574182e-03]
 [ 4.38238251e+02  2.47126007e+01  4.98441010e+02  4.44412384e+01
   1.86093608e-02]]