[[ 2.71249368e+02  1.96494155e+02  3.02521079e+02  2.13318528e+02
   2.13689211e-02]
 [ 2.94436722e+01  2.59843506e+02  6.24235535e+01  2.90134644e+02
   3.20205651e-01]
 [ 3.49135891e+01  1.41211869e+02  8.70875439e+01  1.52535964e+02
  -1.34167351e-01]
 [ 4.33603762e+02  8.94301623e+01  5.62952271e+02  9.93571854e+01
  -1.78157510e-01]
 [ 3.42889439e+02  2.56870058e+02  3.58786220e+02  2.89959349e+02
   1.39006877e-01]
 [ 4.79479462e+02  2.30980927e+02  5.20252605e+02  2.48918854e+02
  -2.49600383e-02]
 [ 4.79247864e+02  2.60692749e+02  5.28643799e+02  2.76587219e+02
  -7.01592083e-03]
 [ 5.02326630e+02  5.31203156e+01  5.78665771e+02  6.34153137e+01
  -1.60732061e-01]]