[[ 3.13871094e+01  1.07143219e+02  1.46400488e+02  1.34829162e+02
  -7.09915602e-02]
 [ 1.61299377e+02  9.73618088e+01  2.41433777e+02  1.25480461e+02
  -8.05280169e-01]
 [ 1.00152946e+02  1.53678711e+02  2.44966278e+02  1.74046722e+02
  -3.72990831e-02]
 [ 1.84729462e+01  4.95900269e+01  8.58983841e+01  7.09800110e+01
   3.51020140e-03]
 [ 8.99003067e+01  5.62587662e+01  1.26581215e+02  7.11227951e+01
  -4.34230986e-01]
 [ 5.61795270e+02  1.43048115e+02  6.01327044e+02  1.61541423e+02
  -6.07951996e-01]
 [ 9.77087173e+01  3.57171814e+02  1.25195198e+02  3.94526245e+02
   6.04349210e-02]
 [ 2.29521329e+01  1.59449020e+02  7.96072544e+01  1.67015457e+02
  -4.82575688e-02]
 [-9.19525146e-01  1.76014450e+02  1.54008331e+02  1.80824265e+02
  -3.00193530e-02]]