[[ 2.40255245e+02  2.90459579e+01  3.23301091e+02  6.46597897e+01
  -7.68101785e-02]
 [ 4.51926041e+01  3.17665405e+02  1.09498955e+02  3.31014282e+02
  -1.23737498e-01]
 [ 1.54976273e+02  3.08300720e+02  1.93142380e+02  3.19207458e+02
  -1.37683072e-01]
 [ 1.63712173e+02  8.34979706e+01  1.96218735e+02  1.04132263e+02
   8.25315964e-02]
 [ 1.57909790e+02  1.06035400e+02  1.84177887e+02  1.27462677e+02
   1.06118768e-01]
 [ 4.32288711e+02  6.67816110e+01  5.09687241e+02  7.27564597e+01
  -1.51107153e-01]
 [ 3.20382629e+02  2.88724995e+01  4.13228577e+02  4.85310822e+01
  -7.93438323e-02]]