[[ 4.25648743e+02  2.74079590e+02  4.06847839e+02  3.05676025e+02
   6.36613040e-01]
 [ 4.17082214e+02  2.89686310e+02  4.95550842e+02  2.87759552e+02
  -3.48929336e-01]
 [ 9.56207123e+01  2.88951294e+02  1.45164169e+02  3.06327026e+02
   3.07188786e-02]
 [ 9.28528185e+01  3.06880706e+02  1.38830577e+02  3.23174164e+02
   2.86678788e-02]
 [ 2.89559721e+02  1.31814738e+01  4.48403474e+02  5.86103897e+01
  -1.63911580e-02]
 [ 3.91579786e+01  7.36141434e+01  1.19668621e+02  9.74874802e+01
   6.75711422e-04]
 [ 1.37772156e+02  7.20091782e+01  2.48980774e+02  1.09044746e+02
   7.05130202e-02]]