[[ 3.67006736e+02  1.51456666e+02  4.57587380e+02  1.59384673e+02
  -1.58575362e-01]
 [ 3.78939789e+02  1.69905228e+02  4.57375946e+02  1.81725845e+02
  -1.10838857e-01]
 [ 3.90396088e+02  1.86654785e+02  4.84245331e+02  2.00448730e+02
  -6.64866358e-02]
 [ 4.00897308e+02  2.05868423e+02  4.45048859e+02  2.21474960e+02
  -2.53295359e-02]
 [ 3.77778322e+02 -2.38587673e+01  5.00870544e+02  1.62809662e+02
   5.75738667e-01]
 [ 1.22155174e+02  5.00874853e+00  1.90166290e+02  2.38065014e+01
  -3.47063119e-03]
 [ 3.95891514e+02  2.80125583e-01  4.44062344e+02  3.05812636e+01
   2.45801961e-01]
 [ 4.58638174e+02  6.01977745e+00  5.21329721e+02  5.99788645e+01
   1.88954271e-01]
 [ 5.45071411e+02  2.25514221e+01  5.75800049e+02  6.47937622e+01
   2.49959494e-01]
 [ 1.29782625e+02  2.67530487e+01  1.79813322e+02  4.01691086e+01
  -5.62199951e-02]]