[[ 5.16760559e+02  1.20506042e+02  5.65825623e+02  1.38115723e+02
  -1.82168766e-01]
 [ 3.98471008e+02  9.02711868e+00  5.39684875e+02  4.31400833e+01
   8.48202639e-03]
 [ 4.22058795e+02  2.21361543e+02  4.61670575e+02  2.37604338e+02
  -1.18909228e-01]
 [ 4.14105492e+02  5.20746295e+01  4.65896827e+02  9.22877820e+01
   1.66959039e-01]
 [ 4.75075678e+02  5.27145375e+01  5.19902867e+02  9.24038610e+01
   1.84913886e-01]
 [ 1.34496647e+02  2.12428214e+02  1.34775966e+02  2.28059792e+02
   4.71937800e-01]
 [ 1.49853607e+02  2.16393967e+02  1.64482391e+02  2.40985672e+02
   4.54549099e-01]
 [ 3.42785703e+02  2.82127594e+02  3.82899661e+02  3.03412689e+02
   3.05822308e-02]
 [ 4.49402137e+02  8.30722558e+01  4.50188805e+02  1.36804819e+02
   6.43471212e-01]]