[[ 7.42233429e+01  7.35054550e+01  1.27957504e+02  9.03141403e+01
  -1.37187258e-03]
 [ 3.28526062e+02  2.51778091e+02  3.90122314e+02  2.78121399e+02
  -6.30580675e-02]
 [ 3.00086670e+02  4.87158813e+01  3.64117920e+02  6.68143311e+01
  -6.17540927e-02]
 [-6.31895969e+00  2.37476654e+02  1.03354461e+02  2.74152131e+02
   9.36379534e-02]
 [ 9.02177124e+01  1.24628897e+01  1.69940735e+02  2.94804993e+01
  -1.10069387e-02]
 [ 7.62197755e+01  4.90110285e+01  1.29952931e+02  6.56193381e+01
  -4.52407391e-02]
 [ 3.35057289e+02  3.80872773e+02  3.96503380e+02  4.05008086e+02
  -4.13363865e-02]
 [ 6.98328705e+01  2.91837730e+01  1.16493652e+02  4.33356895e+01
  -3.07497223e-02]
 [ 1.30702771e+02  2.63898431e+01  1.73847766e+02  4.20563087e+01
  -3.12664617e-02]]