[[ 7.64123984e+01  4.71416931e+01  1.31548386e+02  6.92236481e+01
   4.41551658e-03]
 [ 3.15752014e+02  3.84681732e+02  3.62100647e+02  4.17187164e+02
   4.77432258e-02]
 [ 1.20861404e+02  1.21996336e+01  2.08025284e+02  4.45787392e+01
  -3.94384083e-02]
 [ 2.90745270e+02  4.73273128e+01  3.01533050e+02  6.48663212e+01
   1.58447546e-02]
 [ 3.17568268e+02  4.64309120e+01  3.61748077e+02  6.04297905e+01
  -5.97120918e-02]
 [ 3.46956909e+02  2.53588287e+02  3.93321289e+02  2.66888519e+02
  -6.01563403e-02]
 [ 3.10303519e+02  5.70688287e+00  3.84032357e+02  2.15726181e+01
  -4.61008253e-02]
 [ 7.59838333e+01  7.83408051e+01  1.18101845e+02  8.90828705e+01
   2.88940941e-02]
 [ 3.56699066e+02  3.95556091e+02  3.98781342e+02  4.18839539e+02
   4.54763329e-02]
 [ 3.01505921e+02  6.71331880e+01  3.56254821e+02  8.91219695e+01
  -5.59776814e-02]
 [ 3.34553405e+02  2.64361483e+02  3.74148011e+02  2.85225859e+02
  -5.75493675e-02]]