[[ 4.17961975e+02  2.52274841e+02  5.29103943e+02  2.76047546e+02
   2.30141115e-02]
 [ 2.08251953e+02  3.66303894e+02  2.42099792e+02  3.96410767e+02
  -9.04627950e-02]
 [ 9.99562178e+01  1.99521512e+02  3.11001831e+02  1.97251892e+02
  -9.38333254e-02]
 [ 1.23479666e+02  2.16623734e+02  2.42725718e+02  2.17681136e+02
  -8.93567851e-02]
 [ 2.67378288e+02  2.02844132e+02  3.77683602e+02  2.07769332e+02
  -8.86885659e-02]
 [-3.04050458e+00  2.11397322e+02  1.31213257e+02  2.21367416e+02
  -9.14475577e-02]]