[[ 5.27074036e+02  6.98821068e+00  5.63168884e+02  2.66093502e+01
   8.11219674e-03]
 [ 5.25100830e+02  3.41891403e+01  5.60717529e+02  5.37405319e+01
   1.34970366e-02]
 [ 9.03484132e+01  3.91509735e+02  1.19254278e+02  4.10997833e+02
  -5.88292419e-03]
 [ 1.27078752e+02  3.89536987e+02  1.76182654e+02  4.10662903e+02
  -2.82163235e-02]
 [ 1.86522552e+02  3.89209839e+02  1.94392090e+02  4.10553589e+02
  -2.54203972e-01]
 [ 5.57331421e+02  9.16086578e+00  5.87884399e+02  3.18916016e+01
   9.11494068e-03]
 [ 1.86548895e+01  3.93311249e+02  9.53561884e+01  4.12343475e+02
  -4.58323415e-03]]