[[ 4.32393646e+02  3.89717804e+02  4.40554474e+02  3.94194733e+02
   4.02596768e-02]
 [ 4.58965363e+02  3.78886932e+02  4.67596039e+02  4.01810822e+02
   1.42159585e-01]
 [ 4.82454468e+02  3.86828857e+02  5.39906738e+02  4.02812866e+02
  -7.71099707e-02]
 [ 4.25913633e+02  4.11674865e+02  4.65629702e+02  4.33279847e+02
   2.09113919e-02]
 [ 4.79114990e+02  4.13133728e+02  5.27851074e+02  4.32728271e+02
   2.81464226e-03]
 [ 1.24306396e+02  2.34109924e+02  1.63809662e+02  2.58761963e+02
   1.55501328e-01]
 [ 7.10992979e+01  3.13635558e+01  2.30227858e+02  7.94739230e+01
   2.04285939e-02]
 [ 2.64401093e+02  3.31167374e+01  4.32841949e+02  7.75441971e+01
   4.04834982e-02]
 [ 8.73102650e+01  1.12593689e+02  4.27560340e+02  1.50627258e+02
   9.05923402e-03]
 [ 4.72351988e+02  2.45567627e+02  5.46676088e+02  2.58748779e+02
   1.16475181e-02]
 [ 4.16375244e+02  2.62108826e+02  5.13266846e+02  2.76526367e+02
   1.43187944e-02]
 [ 5.31789888e+02  2.63697845e+02  5.76276030e+02  2.75118378e+02
   1.23976643e-02]
 [ 4.77437805e+02  2.78742737e+02  5.31443993e+02  2.88592408e+02
   1.60491359e-02]]