[[ 5.36772122e+02  2.91148525e+02  5.93333469e+02  3.28091831e+02
   1.09918816e-01]
 [ 4.77595144e+02  1.47534789e+02  5.69113230e+02  1.81778596e+02
   6.86046188e-02]
 [ 2.99009003e+02  1.65442902e+02  4.05031708e+02  1.92800995e+02
   1.08369705e-01]
 [ 2.08486130e+02  1.16020676e+02  2.44237045e+02  2.33950455e+02
   7.17698652e-01]
 [ 9.85088043e+01  1.96842957e+02  1.49416672e+02  2.45200317e+02
   2.31183725e-01]
 [ 4.20549011e+01  2.43496704e+02  2.25955111e+02  3.15459046e+02
   1.44668477e-01]
 [ 3.33610775e+02  5.54606821e+01  5.98245182e+02  9.96578062e+01
  -6.07627207e-02]
 [ 5.22860535e+02  2.97363579e+02  5.36004821e+02  3.16680366e+02
   1.38259738e-02]
 [ 5.22442871e+02  3.27570892e+02  5.45231689e+02  3.45069977e+02
   2.04624807e-02]
 [ 2.74451245e+02  1.54443327e+02  3.39396412e+02  1.70816561e+02
   1.02906318e-01]
 [ 3.47910858e+02  1.59598969e+02  3.66173248e+02  1.70828125e+02
   7.07298752e-02]
 [ 1.00984558e+02  2.93289459e+02  1.72967346e+02  3.30676361e+02
   1.90284600e-01]
 [ 1.94525646e+02  3.11823300e+02  2.23295674e+02  3.40370304e+02
   1.81538188e-01]
 [ 2.53919324e+01  1.14139130e+02  7.06890288e+01  1.24918548e+02
  -6.56036452e-02]
 [ 8.08117828e+01  1.10425545e+02  1.37355835e+02  1.20538673e+02
  -6.56038678e-02]
 [ 1.49892365e+02  1.10386864e+02  2.04790985e+02  1.16106697e+02
  -6.64957108e-02]
 [ 2.16533928e+02  1.02078431e+02  2.90564643e+02  1.14497772e+02
  -6.52236999e-02]
 [ 3.05111725e+02  9.56359100e+01  3.33720001e+02  1.07439713e+02
  -8.05331450e-02]]