[[ 4.22216675e+02  2.91903748e+02  5.02183533e+02  2.83727600e+02
  -3.30998911e-01]
 [ 1.95848127e+02  2.91230502e+02  2.61465746e+02  2.98157254e+02
  -1.71710838e-01]
 [ 6.71382370e+01  3.51829681e+02  1.09273949e+02  3.75607147e+02
   4.96676500e-02]
 [ 1.16387297e+02  3.54277710e+02  1.57275238e+02  3.81398010e+02
   4.96658309e-02]
 [ 3.30332204e+02  1.49684036e+02  4.27240672e+02  1.82232864e+02
  -7.77341184e-03]
 [ 3.61460693e+02  3.25617279e+02  4.27676025e+02  3.31553497e+02
  -2.26596205e-01]
 [ 5.16170288e+02  2.69701141e+02  5.81224609e+02  2.72318634e+02
  -1.02535795e-01]
 [ 5.12171192e+02  2.87688294e+02  5.52929272e+02  2.97159545e+02
  -7.39320398e-02]
 [ 1.78397854e+02  3.69766480e+02  2.28444950e+02  3.76385925e+02
  -2.25387446e-01]
 [ 2.35799388e+02  3.56642915e+02  2.81452763e+02  3.64113677e+02
  -2.26523325e-01]
 [ 2.88835541e+02  3.46529358e+02  3.10650909e+02  3.57699341e+02
  -2.10354815e-01]]