[[ 2.03615295e+02  3.56632141e+02  2.48122681e+02  3.96072754e+02
  -8.83004012e-02]
 [ 3.05413014e+02  2.24288621e+02  3.94264355e+02  2.36581923e+02
  -1.14795093e-01]
 [ 7.56505941e+00  1.97833878e+02  1.95672886e+02  2.04227279e+02
  -9.50912573e-02]
 [ 2.47699681e+02  2.54313342e+02  3.86691613e+02  2.57915708e+02
  -1.05109196e-01]
 [ 4.10041924e+01  2.19863464e+02  7.16806641e+01  2.24240479e+02
  -9.23227795e-02]
 [ 7.52724097e+01  2.14197647e+02  1.52433279e+02  2.18698532e+02
  -6.28948091e-02]
 [ 1.57631131e+02  2.07817642e+02  2.04137607e+02  2.11976852e+02
  -9.23217989e-02]]