[[ 3.10822505e+02  1.40798248e+02  3.90328801e+02  1.75477661e+02
  -2.47759443e-02]
 [ 7.70454559e+01  1.91118256e+02  1.03883560e+02  2.22422119e+02
  -1.54547995e-02]
 [ 1.12621392e+02  6.40515136e+01  4.26839065e+02  1.20199616e+02
   1.30534743e-02]
 [ 1.50768738e+01  2.67803802e+02  1.83009338e+02  3.17011993e+02
   3.12682887e-03]
 [ 2.18017685e+02  2.67508301e+02  2.88499268e+02  3.15467651e+02
  -2.76251790e-02]
 [ 3.85000420e+02  1.51186005e+02  4.32944710e+02  1.64667114e+02
  -1.27604880e-03]
 [ 6.20756683e+01  1.05367966e+01  1.24763779e+02  5.59409409e+01
  -6.88226032e-03]
 [ 1.57199513e+02  2.46888961e+01  1.97952251e+02  5.97904283e+01
   9.93134969e-03]
 [ 2.31025330e+02  1.05982361e+01  3.52824707e+02  6.34536743e+01
   2.36488599e-02]
 [ 2.89522391e+02  2.77935517e+02  5.83037789e+02  2.96661896e+02
  -2.25841918e-02]]