[[ 3.89844805e+01  1.74771927e+02  2.05246995e+02  2.30894943e+02
   8.25073409e-02]
 [ 7.33558502e+01  9.63079987e+01  1.29609833e+02  1.38476669e+02
   5.54099483e-02]
 [ 4.45375916e+02  1.97568054e+02  5.27162500e+02  2.37550112e+02
   7.06725848e-02]
 [ 2.18142822e+02  1.95729256e+01  2.85760254e+02  4.93849907e+01
   1.17556771e-02]
 [ 3.03433411e+02  1.98732681e+01  3.33990417e+02  4.88598709e+01
   1.14922307e-02]
 [ 3.51344292e+02  1.95349347e+01  4.04824104e+02  5.72284015e+01
   4.06011198e-02]
 [ 4.23647247e+02  2.01551933e+01  4.93242401e+02  5.06901360e+01
   1.14922134e-02]
 [ 2.20683411e+02  1.76398743e+02  2.87775696e+02  2.17822540e+02
   1.03705366e-01]
 [ 3.13526094e+02  1.84671128e+02  3.45047087e+02  2.25009200e+02
   1.02199759e-01]
 [ 1.53457932e+02  1.00582413e+02  3.76857132e+02  1.29951629e+02
  -1.26887344e-02]
 [ 4.05663735e+02  1.17879418e+02  4.20224387e+02  1.24696922e+02
  -2.15765884e-02]
 [ 1.68515472e+01  2.32847672e+01  7.30874180e+01  6.55631715e+01
   1.82490643e-01]
 [ 8.69705658e+01  2.63857918e+01  1.30066299e+02  5.58389015e+01
   6.45783904e-03]
 [ 1.43929898e+02  2.67536354e+01  2.17070804e+02  5.70445519e+01
   6.45800765e-03]]