[[ 3.14235836e+02  3.41928243e+02  3.41293827e+02  3.61514812e+02
  -3.05276578e-01]
 [ 4.06571320e+02  1.08281603e+00  4.16789886e+02  4.48478633e+01
   8.83434042e-02]
 [ 4.45109253e+02  6.18788910e+00  5.26013000e+02  7.95943680e+01
   2.07763743e-01]
 [ 3.97373535e+02  6.89840522e+01  4.03055481e+02  1.06369952e+02
   8.53185992e-02]
 [ 4.29741730e+02  7.57141879e+01  4.85866119e+02  1.47992157e+02
   4.64589785e-01]
 [ 5.23958303e+02  1.13554683e+02  5.85733215e+02  1.98043396e+02
   4.64590234e-01]
 [ 3.99645427e+02  2.80747125e+02  4.40660054e+02  3.34510260e+02
   2.88769752e-01]
 [ 4.66763185e+02  3.09070553e+02  4.74708678e+02  3.44665165e+02
   2.90917379e-01]
 [ 3.50921557e+02  2.40371245e+01  3.82656446e+02  5.44948961e+01
   3.07255484e-01]
 [ 3.98318216e+02  3.90762641e+01  4.80493796e+02  9.22667229e+01
   3.07255610e-01]
 [ 5.10592272e+02  7.47012745e+01  5.71270427e+02  1.25718366e+02
   3.07256158e-01]]