[[ 7.14575424e+01  1.24403839e+02  1.24624153e+02  1.54875275e+02
  -5.60195566e-02]
 [ 2.58083182e+01  1.97822907e+02  7.61173562e+01  2.29715149e+02
  -2.97068438e-03]
 [ 9.46454874e+01  1.98353263e+02  1.06640829e+02  2.35660104e+02
   2.77938475e-01]
 [ 3.20679111e+02  3.70989197e+02  3.70089321e+02  3.84927002e+02
   2.74209818e-04]
 [ 3.21751745e+02  3.88902924e+02  3.94688380e+02  4.06433868e+02
  -1.51015414e-02]
 [ 4.86249084e+02  2.05500229e+02  5.66126770e+02  2.42394821e+02
  -8.14775819e-03]
 [ 1.43040690e+02  3.54085113e+02  2.21218587e+02  3.83829682e+02
   5.08380071e-02]
 [ 1.05168921e+02  2.01428207e+02  1.65764765e+02  2.30674515e+02
  -2.06693041e-03]]