[[ 2.27778548e+01  2.53762264e+01  2.64252869e+02  9.04226151e+01
  -1.52957555e-02]
 [ 1.05121886e+02  1.26254272e+02  3.02491899e+02  1.78497804e+02
   6.89186210e-02]
 [ 2.20812731e+02  2.49421541e+02  3.25808240e+02  2.54934172e+02
  -1.18471630e-01]
 [ 2.17440763e+02  3.62422496e+02  2.44653445e+02  3.91155385e+02
  -1.09677676e-01]
 [ 1.94352239e+01  2.08689896e+02  1.07957659e+02  2.17049454e+02
  -5.13346909e-02]
 [ 1.37968821e+02  1.96503294e+02  3.32970703e+02  1.94531036e+02
  -8.17524339e-02]
 [ 1.16380315e+02  2.15959824e+02  1.49533846e+02  2.22698379e+02
  -9.04548793e-02]
 [ 1.59875806e+02  2.08317032e+02  2.54804553e+02  2.17700516e+02
  -3.66326216e-02]
 [ 2.68889827e+02  2.01026078e+02  3.57747624e+02  2.03812820e+02
  -9.04554605e-02]]