[[ 3.37981476e+02  2.43381714e+02  4.16436676e+02  2.44484406e+02
  -1.12317567e-01]
 [ 4.25852844e+02  2.32592224e+02  5.02389832e+02  2.34789612e+02
  -1.12317280e-01]
 [ 3.27569151e+02  2.56567200e+02  4.00336122e+02  2.60077026e+02
  -1.00559233e-01]
 [ 4.07132217e+02  2.48044206e+02  4.55670029e+02  2.54493910e+02
  -1.00558825e-01]
 [ 4.72768097e+02  2.40147690e+02  5.40312988e+02  2.45953537e+02
  -1.00558704e-01]
 [ 3.17113426e+02  2.70389741e+02  3.81378395e+02  2.77303130e+02
  -8.72377926e-02]
 [ 3.87872549e+02  2.63873017e+02  4.69941966e+02  2.69557464e+02
  -8.72386365e-02]
 [ 4.83078127e+02  2.54078977e+02  5.36955933e+02  2.63696472e+02
  -8.72372118e-02]
 [ 3.98101746e+02  3.54544464e+02  4.66255493e+02  3.74413544e+02
   1.56152455e-02]
 [ 3.06212424e+02  3.34863160e+02  3.58660684e+02  3.54133178e+02
  -1.35823567e-01]
 [ 2.96086816e+02  3.69285583e+02  3.32390967e+02  3.91301148e+02
   1.47622363e-02]
 [ 2.86550125e+02 -2.34947689e+00  3.60663132e+02  4.75211383e+01
   6.56888764e-02]
 [ 4.08681977e+02  5.77746697e+00  4.42918365e+02  5.55116413e+01
   1.29487395e-01]
 [ 2.74101546e+02  1.21355226e+02  4.65421281e+02  1.68288634e+02
  -5.70146024e-02]
 [ 2.62237701e+01  2.25010773e+02  9.94329071e+01  2.66450684e+02
   1.52848875e-01]
 [ 1.21494980e+02  2.33621460e+02  1.71062332e+02  2.62099396e+02
   4.72252725e-02]
 [ 4.94337463e+02  3.42844482e+02  5.84444275e+02  3.65242126e+02
  -2.24636512e-02]
 [ 4.12915933e+02  2.80996004e+02  5.86951803e+02  2.84884672e+02
  -9.75525935e-02]
 [-8.04908752e-01  9.24191284e+00  1.24029436e+02  1.03995239e+02
   6.15826571e-02]
 [ 1.80402802e+02  2.20330200e+01  3.10809799e+02  1.33724183e+02
   7.04714030e-02]
 [ 4.76871368e+02  3.74733459e+02  5.82092407e+02  3.90428284e+02
  -3.93275631e-02]]