[[ 2.84402213e+02  2.94885496e+02  3.18918282e+02  3.17416262e+02
   2.14976171e-01]
 [ 5.12458679e+02  1.13713074e+02  5.71885315e+02  1.27994354e+02
  -1.01180849e-01]
 [ 2.65796557e+02  2.68950882e+01  4.65329175e+02  5.49024811e+01
   4.45540149e-04]
 [ 4.85045874e+02  2.69634552e+01  5.32132013e+02  5.49294968e+01
   2.95006173e-04]
 [ 3.35231362e+02  6.65263977e+01  5.17158264e+02  9.67787323e+01
   5.08228648e-04]
 [ 3.33687102e+02  1.00503868e+02  4.98997529e+02  1.23764305e+02
   8.15503621e-04]
 [ 9.18560181e+01  3.93484154e+01  2.31629517e+02  5.80178032e+01
   4.62843661e-04]
 [ 3.74680328e+00  7.15431366e+01  9.09988174e+01  8.87125702e+01
   6.28622475e-04]
 [ 1.03501554e+02  7.36434481e+01  3.06005351e+02  9.06257017e+01
  -1.70646604e-02]
 [ 6.22065379e+01  1.01273384e+02  2.72581055e+02  1.17256752e+02
   7.81481333e-04]]