[[ 3.07120514e+01  1.48909912e+01  5.83301401e+01  3.71979370e+01
   3.94491643e-02]
 [ 7.08735886e+01  1.89435883e+01  9.23912888e+01  4.08056717e+01
   6.16409193e-02]
 [ 2.65255966e+01  4.68516998e+01  6.76330948e+01  7.13737640e+01
   1.89456376e-02]
 [ 2.84855563e+01  7.75967329e+01  5.31642914e+01  1.00097084e+02
   1.54385445e-01]
 [ 4.20020812e+02  1.96713379e+02  5.50661561e+02  2.13079163e+02
  -4.36722614e-02]
 [ 1.96044170e+01  2.16454681e+02  1.00097901e+02  2.42521881e+02
   2.46680582e-02]
 [ 2.04314041e+01  2.44588348e+02  1.09163826e+02  2.66064941e+02
   7.88565033e-03]]