[[ 3.98426811e+02  9.43678095e+00  4.63890145e+02  2.98359661e+01
  -2.42894674e-03]
 [ 2.58797827e+02  3.89004288e+01  3.55529993e+02  6.85010910e+01
  -1.95544938e-03]
 [ 3.77134308e+02  3.31137924e+01  4.64944427e+02  6.98423920e+01
   9.86671659e-02]
 [ 4.85070047e+02  3.83873978e+01  5.23329123e+02  6.07436218e+01
  -2.04684708e-03]
 [ 4.96656859e+02  9.58106074e+01  5.67010010e+02  1.41533096e+02
   3.00133957e-01]
 [ 2.07895531e+01  1.98470243e+02  4.57977882e+01  2.27510988e+02
   2.13108073e-01]]