[[ 2.80958788e+02  3.08256014e+02  3.53045790e+02  3.32252714e+02
  -1.22128856e-01]
 [ 2.97970618e+02  1.10646202e+01  5.20617150e+02  9.76890800e+01
   3.18179965e-02]
 [ 5.44938887e+01  3.33432587e+02  1.60624130e+02  3.80746246e+02
  -2.24510782e-02]
 [ 3.49297363e+02  2.46873779e+02  4.37007324e+02  2.48797394e+02
  -1.06833401e-01]
 [ 3.35412391e+02  2.67296663e+02  3.87490929e+02  2.76162748e+02
  -8.77626986e-02]
 [ 4.08201958e+02  2.59283356e+02  5.43687691e+02  2.66911895e+02
  -1.00558870e-01]
 [ 4.71693777e+02  3.68330658e+02  5.27849191e+02  3.84747162e+02
  -9.64684420e-03]
 [ 5.47040309e+02  3.72592683e+02  5.93468724e+02  3.84114166e+02
  -1.79493303e-02]
 [ 6.26591187e+01  2.44981384e+02  1.44502869e+02  2.69465881e+02
   6.00513698e-02]
 [ 1.58410692e+02  2.49578795e+02  2.24543013e+02  2.72152284e+02
   8.31088505e-02]
 [ 7.56963704e+01  6.16070402e+01  4.34538055e+02  1.71060898e+02
   1.98277648e-02]
 [ 7.36882288e+01  3.78163116e+02  2.34603977e+02  3.94103668e+02
  -6.76042510e-03]
 [ 4.35683897e+02  2.22322022e+02  5.97908999e+02  2.33944885e+02
  -1.05080830e-01]
 [ 4.43243652e+02  3.25807037e+02  5.53815247e+02  3.45058380e+02
  -6.67947699e-02]
 [ 1.26099564e+02  2.24186279e+02  1.76051163e+02  2.52566040e+02
   1.93570966e-01]
 [ 1.81227982e+02  2.33756409e+02  2.12912003e+02  2.49013763e+02
   8.24852871e-02]]