[[ 8.94321129e+01  3.44470130e+01  1.42467667e+02  7.92117089e+01
   5.03876366e-02]
 [ 1.60570816e+02  4.10404282e+01  1.72719284e+02  8.07373276e+01
  -2.36425836e-02]
 [ 3.45058514e+02  2.74410612e+02  3.83391193e+02  2.97769625e+02
   1.03776526e-01]
 [ 5.05058353e+02  1.20594690e+02  5.24925415e+02  1.38497757e+02
  -3.13246088e-01]
 [ 5.42892822e+02  1.20614182e+02  5.92351562e+02  1.30462723e+02
  -2.74504132e-01]
 [ 3.78078717e-01  9.85314622e+01  5.96957834e+01  1.39062623e+02
   1.89639567e-01]
 [ 4.42327709e+02  4.42570668e+01  5.20762928e+02  9.55295543e+01
   1.14326029e-01]
 [ 1.43952118e+02  1.16452408e+01  2.78794281e+02  7.81030655e+01
   1.09617676e-01]
 [ 5.24720364e+02  1.06601393e+02  5.62248752e+02  1.15220308e+02
  -1.70488215e-01]]