[[ 1.28849340e+02  2.97138061e+02  1.66168750e+02  3.17525757e+02
   8.17708342e-02]
 [ 2.38415964e+02  3.03839375e+01  2.88076955e+02  5.33794673e+01
   1.59167883e-02]
 [ 2.25925079e+02 -8.11190414e+00  3.65794037e+02  3.64395218e+01
   1.38560257e-01]
 [ 1.19754410e+02  3.41301727e+02  1.68337479e+02  3.67852081e+02
   4.16709584e-02]
 [ 5.50329514e+01  2.35271042e+02  1.02896950e+02  2.50448502e+02
  -9.63736174e-02]
 [ 1.30390030e+02  3.16947845e+02  1.72876266e+02  3.34543365e+02
  -3.84183762e-03]]