[[ 6.66334609e+00  3.39333923e+02  4.30115692e+01  3.57818542e+02
  -4.23904006e-03]
 [ 4.72726059e+00  3.70951172e+02  4.30940056e+01  3.85268616e+02
  -1.13006869e-01]
 [ 6.76215172e+00  4.01588226e+02  4.17660370e+01  4.17640228e+02
  -9.63347843e-02]
 [ 3.27065700e+01  2.90212554e+02  6.40641610e+01  3.13766022e+02
   5.88677815e-02]
 [ 3.31342693e+01  3.18943792e+02  5.51572346e+01  3.41074518e+02
  -1.48845696e-02]
 [ 3.17348061e+01  3.48518616e+02  5.51786613e+01  3.69904663e+02
  -2.56733465e-02]]