[[ 1.26483718e+02  3.39158020e+02  1.76636338e+02  3.94572083e+02
   2.43513473e-01]
 [ 4.39703664e+02  6.84179228e+01  5.97493876e+02  1.21607712e+02
   1.62985148e-02]
 [ 3.04126221e+02  3.55303833e+02  3.41218506e+02  3.74879211e+02
  -3.77812790e-02]
 [ 3.54520660e+02  3.45820862e+02  4.25588226e+02  3.80046875e+02
  -2.90235828e-02]
 [ 1.06125996e+01  3.43481292e+02  4.90882556e+01  3.60742585e+02
   4.99692176e-02]
 [ 1.12818302e+01  1.54692184e+02  4.86623264e+01  1.76474229e+02
   2.51808287e-01]
 [ 1.00239113e+01  1.69473663e+02  4.84205233e+01  1.91584138e+02
   2.37303021e-01]
 [ 4.30901694e+02  2.92618855e+01  5.88474130e+02  6.93110659e+01
   2.88345131e-02]]