[[ 4.99106762e+02  1.84115262e+02  5.89905903e+02  2.10275453e+02
   6.05595773e-02]
 [ 2.54672653e+02  9.83298723e+01  3.36690140e+02  1.17661674e+02
  -1.05193188e-02]
 [ 3.33684836e+02  9.84426805e+01  3.67634317e+02  1.12590095e+02
  -8.64414827e-01]
 [ 4.24909720e+02  7.50908963e+01  5.76018442e+02  1.19318436e+02
   2.87176463e-02]
 [ 2.42367172e+02  2.01891251e+01  2.54113174e+02  3.73903389e+01
  -4.87209439e-02]
 [ 2.70161168e+02  1.92576828e+01  3.06067836e+02  3.75153389e+01
   1.36953523e-03]
 [ 3.22120974e+02  1.83900803e+01  3.85361631e+02  4.43337356e+01
   1.06295691e-01]
 [ 5.67499428e+01  7.25666714e+00  1.08715790e+02  2.66736908e+01
  -6.55540934e-03]
 [ 5.21930237e+01  8.59705658e+01  1.87048523e+02  1.09938293e+02
   1.25821980e-02]
 [ 1.44105742e+02  3.59369654e+00  2.43353303e+02  3.78049584e+01
   3.46860800e-02]]