[[ 1.69240946e-01  2.42937957e+02  9.48717775e+01  2.77314912e+02
   1.42009650e-01]
 [ 7.15149078e+01  1.32758808e+01  1.47161667e+02  3.38632202e+01
  -3.99432107e-02]
 [ 3.23574821e+02  2.53867936e+02  3.94621530e+02  2.82015991e+02
  -5.78572247e-02]
 [ 9.37083757e+01  4.71210446e+02  1.53166586e+02  5.22040716e+02
   2.57295741e-01]
 [ 3.08518909e+02  5.13160781e+01  3.58157300e+02  7.70594102e+01
   9.36105101e-03]
 [ 1.43679360e+02  8.58069736e+00  1.99588310e+02  1.66081006e+01
  -4.09507363e-02]
 [ 1.36565369e+02  2.89841404e+01  2.00636841e+02  4.06371384e+01
  -2.97139824e-02]]