[[2.05982574e+02 1.12523575e+01 3.20855634e+02 5.45227741e+01
  2.50996493e-02]
 [2.12409168e+02 7.96210628e+01 2.69617493e+02 1.15040710e+02
  3.88074122e-02]
 [3.13655435e+02 7.98925693e+01 4.08849265e+02 1.22663827e+02
  5.46966297e-02]
 [4.75755737e+02 3.38765717e+00 5.61037628e+02 3.99587723e+01
  5.15371735e-02]
 [4.66897217e+02 6.10133667e+01 5.55216614e+02 9.79981842e+01
  5.08663630e-02]
 [3.02937592e+02 2.72280212e+02 3.41816071e+02 2.89626587e+02
  5.08588874e-02]
 [1.78207796e+00 6.43255609e+00 4.17263401e+01 3.18316880e+01
  1.66571082e-02]
 [4.89909515e+01 6.75406265e+00 1.12180954e+02 3.30053596e+01
  3.14064866e-03]
 [1.20623215e+02 6.79016113e-03 1.95689285e+02 4.25979042e+01
  1.47594374e-01]
 [4.68723461e+02 4.64681079e+01 5.41975239e+02 6.35204320e+01
  2.49995880e-02]
 [5.65629658e+02 4.38801295e+01 5.94992534e+02 6.06629690e+01
  3.06686163e-02]]