[[ 2.22099255e+02  1.86786238e+02  3.65047245e+02  2.53617754e+02
   6.39621507e-02]
 [ 3.35221427e+02  2.15838174e+01  5.41356881e+02  7.03673087e+01
  -1.07269499e-01]
 [ 1.46277447e+01  2.05009369e+02  1.09478085e+02  2.17674256e+02
   3.32092968e-02]
 [ 4.98824890e+02  2.58308319e+02  5.41032410e+02  2.68013580e+02
  -3.79362240e-01]
 [ 5.31228394e+02  3.15775238e+02  5.92076294e+02  3.34658905e+02
  -1.23302543e-01]
 [ 1.06586716e+02  2.11786690e+01  1.69205276e+02  3.46377602e+01
  -1.05085338e-01]
 [ 1.84645644e+02  1.26655088e+01  2.00610368e+02  3.13253512e+01
  -1.48998244e-01]
 [ 1.13002787e+02  5.33840643e+01  2.41012594e+02  6.35754313e+01
  -1.10742289e-01]
 [ 1.18179868e+02  8.41759570e+01  2.27727724e+02  9.41456372e+01
  -1.35546344e-01]]