[[ 9.04865339e+01  1.08574567e+01  1.80661293e+02  4.98161044e+01
  -6.67236723e-02]
 [ 1.27044571e+02  6.85786744e+01  1.74591835e+02  1.00118057e+02
  -1.48988456e-02]
 [ 3.17860046e+02  9.54374504e+00  4.47259277e+02  3.86462555e+01
  -3.11221361e-02]
 [ 3.03474923e+02  5.94169493e+01  4.14001884e+02  7.29256258e+01
  -1.29761839e-01]
 [ 4.46051117e+02  3.17852097e+01  4.44813812e+02  8.50616684e+01
   5.04871388e-01]
 [ 4.22945023e+00  1.12740173e+01  8.74693451e+01  3.05340424e+01
  -6.40308742e-04]
 [ 3.44786287e+02  2.34959611e+02  3.55727629e+02  2.58015181e+02
   1.38114908e-01]
 [ 3.38696808e+02  2.65247131e+02  3.65382538e+02  2.87288513e+02
   4.81964832e-02]
 [ 4.89757156e+01  2.67790771e+02  7.55478210e+01  2.91170776e+02
   2.82013954e-01]
 [ 3.26798004e+02  9.07511520e+01  4.34836823e+02  1.04478386e+02
  -4.43420832e-02]
 [ 3.20669495e+02  1.10412621e+02  4.31404053e+02  1.19205116e+02
  -6.80335218e-02]]