[[ 3.96819702e+02  5.97242813e+01  4.90748718e+02  1.18730934e+02
   1.49747047e-01]
 [ 4.20139526e+02  2.15369080e+02  4.64493103e+02  2.32204102e+02
  -5.29547804e-02]
 [ 1.30526727e+01  1.20885955e+02  3.57498728e+01  1.41887086e+02
   1.70702248e-01]
 [ 3.88597412e+01  1.25334564e+02  4.63997116e+01  1.44075928e+02
  -1.20484726e-01]
 [ 3.38721313e+02  2.76963102e+02  3.78084351e+02  3.00411165e+02
   6.58036007e-02]
 [ 5.05618741e+02  1.18595228e+02  5.89342928e+02  1.34221736e+02
  -1.58761265e-01]
 [ 4.20215153e+02  1.05995024e+02  4.87847653e+02  1.37353289e+02
   7.64003323e-02]
 [ 5.78296662e+01  1.10885544e+02  7.03492889e+01  1.43385544e+02
  -1.05793716e-01]
 [ 8.01893463e+01  1.15201454e+02  1.02965942e+02  1.49712250e+02
  -9.94363108e-02]]