[[ 5.39195435e+02  3.58723679e+01  5.97407837e+02  5.99659882e+01
   2.93039998e-02]
 [ 2.53264160e+02  9.19409943e+01  2.74052736e+02  1.11313187e+02
   5.66353449e-02]
 [ 2.50199188e+02  1.26509872e+02  2.77403717e+02  1.50776962e+02
   7.63175949e-02]
 [ 3.76390594e+02  1.90311584e+01  4.26295624e+02  1.27448959e+01
  -4.22301627e-01]
 [ 3.75858172e+02  3.66173032e+01  4.20580121e+02  3.48699481e+01
  -3.84114687e-01]
 [ 3.75131735e+02  5.35804401e+01  4.29517252e+02  5.13935742e+01
  -3.44359505e-01]
 [ 3.75022278e+02  7.22033691e+01  4.17969116e+02  7.53186035e+01
  -3.03071194e-01]
 [ 3.84235048e+02  8.72477874e+01  4.22074644e+02  9.41838532e+01
  -2.60309580e-01]
 [ 3.74411469e+02  1.08213432e+02  4.15135284e+02  1.16036369e+02
  -2.16157239e-01]
 [ 5.43438905e+02  1.86949019e+02  5.63206115e+02  2.09162797e+02
   3.38519101e-02]
 [ 5.42253967e+02  2.22034531e+02  5.66777405e+02  2.43433456e+02
   6.87651298e-02]
 [ 3.77466064e+02  1.50116882e+02  4.14628174e+02  1.69168427e+02
  -9.52012558e-02]
 [ 3.77085449e+02  1.85472305e+02  4.12449280e+02  2.08317215e+02
  -3.88014110e-03]]