[[ 5.87773819e+01  2.32746201e+01  1.23314735e+02  4.39135895e+01
   1.40732972e-03]
 [ 1.38567093e+02  2.34368744e+01  2.50669785e+02  4.41242676e+01
   2.03347218e-03]
 [ 4.07226532e+02  1.82363754e+02  4.51421356e+02  2.05617111e+02
  -7.34544848e-03]
 [ 2.07145874e+02  7.21088104e+01  2.78749542e+02  9.05870667e+01
  -1.51010010e-01]
 [ 5.46191691e+02  1.52522925e+01  5.76479940e+02  2.50715133e+01
  -2.22863106e-01]
 [ 5.49217468e+02  3.37864685e+01  5.87342957e+02  4.41477966e+01
  -1.92840383e-01]]