[[ 8.68406525e+01  2.77994263e+02  1.61216629e+02  3.04677795e+02
   5.57553074e-02]
 [ 8.21598206e+01  3.05483246e+02  1.57355992e+02  3.29274506e+02
   2.96911903e-02]
 [ 2.86362933e+00  1.86263382e+02  1.96538166e+02  2.50013413e+02
   8.32399644e-02]
 [ 2.42667437e+02  2.07369079e+02  3.46360288e+02  2.61649721e+02
   8.02179841e-02]
 [ 4.27834564e+02  2.84541046e+02  5.03510834e+02  2.95995392e+02
  -1.48996245e-01]
 [ 3.52656616e+02  1.81359253e+02  5.81277186e+02  2.77032536e+02
   1.49251697e-01]]