[[ 4.00946136e+02  2.07211121e+02  4.36879913e+02  2.16629089e+02
  -4.89126559e-02]
 [ 2.59822892e+02  7.70367315e+01  3.06126815e+02  8.17097285e+01
  -2.46202323e-01]
 [ 5.51123264e+02  2.15301821e+02  5.86713284e+02  2.29926816e+02
  -9.67695734e-02]
 [ 5.50427497e+02  2.37753387e+02  5.81659417e+02  2.63819489e+02
   5.68931611e-03]
 [ 5.28686218e+01  1.87463684e+01  1.83663208e+02  1.05282013e+02
   1.56769362e-02]
 [ 2.48516769e+02  9.33380890e+01  3.06233276e+02  1.09124130e+02
  -2.26785021e-01]
 [ 5.55756409e+02  2.58493683e+02  5.95118958e+02  2.83307098e+02
  -1.70301781e-02]
 [ 8.16021423e+01  1.27361252e+02  1.34503693e+02  1.51973770e+02
  -6.87316166e-03]
 [ 1.56089584e+02  1.27163605e+02  2.02310074e+02  1.50281158e+02
  -6.57888732e-03]]