[[ 2.03684726e+01  2.92170261e+00  6.80456033e+01  3.79468464e+01
   1.70500730e-01]
 [ 4.20472900e+02  1.94024429e+02  5.11115601e+02  2.10221512e+02
  -5.00965330e-03]
 [ 1.92130661e+00  1.12611771e+00  1.22214193e+01  2.39207458e+01
   2.79621798e-03]
 [ 1.81592176e+00  3.88130490e+01  3.14608111e+01  5.78604509e+01
   1.37344780e-01]
 [ 2.21710755e+00  6.26495584e+01  2.49058600e+01  8.81012046e+01
   1.44957916e-01]
 [ 2.67465057e+00  9.05294474e+01  4.20759949e+01  1.28792696e+02
   3.67650440e-01]
 [ 1.76783813e+02  4.28543930e+01  5.21814636e+02  1.09369514e+02
  -7.38923744e-02]]