[[ 1.82278900e+02  1.81357460e+01  2.27298859e+02  3.48421974e+01
   3.28968596e-02]
 [ 1.82645813e+02  3.73886566e+01  2.12377380e+02  5.61424255e+01
   1.02577428e-03]
 [ 1.83108838e+02  6.07130127e+01  2.13421558e+02  7.95219116e+01
  -2.83954623e-03]
 [ 1.83540239e+02  8.43275302e+01  2.25853133e+02  1.00865402e+02
  -1.90540600e-02]
 [ 5.47410354e+02  1.87928252e+02  5.90532273e+02  2.04832552e+02
   3.33368302e-02]
 [ 5.48833496e+02  2.07623810e+02  5.78799438e+02  2.24172333e+02
   4.61894083e-02]
 [ 5.41857910e+02  2.33630783e+02  5.90587524e+02  2.50254471e+02
   3.93884785e-02]]