[[ 2.48345796e+02  4.14901419e+00  2.63930510e+02  3.38748963e+01
   2.07472448e-01]
 [ 2.82685303e+02  4.59749222e+00  3.28727234e+02  4.44320374e+01
   1.99416065e-01]
 [ 2.50122894e+02  4.13173828e+01  3.04050816e+02  7.23092961e+01
   1.16140230e-01]
 [ 2.61760315e+02  3.56570251e+02  3.00966675e+02  3.60602112e+02
  -3.51941138e-01]
 [ 3.12198971e+01  3.83887909e+02  1.04900815e+02  4.12299713e+02
  -4.58325914e-03]
 [ 3.07994507e+02  3.03751831e+02  3.36465820e+02  3.21698364e+02
   2.62814150e-02]
 [ 3.74841370e+02  3.55723267e+01  4.64567932e+02  5.34210281e+01
  -1.17035331e-02]
 [ 5.12752379e+02  7.25966993e+00  5.62230042e+02  4.87356453e+01
   2.36041068e-01]
 [ 1.01419616e+02  3.89666656e+02  1.74296632e+02  4.11981720e+02
  -4.58264375e-03]
 [ 1.92022644e+02  3.85448486e+02  2.93787415e+02  4.11434082e+02
  -4.58345073e-03]
 [ 5.03551571e+02  4.19708099e+01  5.39049046e+02  6.23822561e+01
   1.52770083e-02]]