[[ 3.78710602e+02  2.75528656e+02  4.83268707e+02  3.65229767e+02
   2.04492732e-01]
 [ 1.07483032e+02  3.04997772e+02  1.63314575e+02  3.17030975e+02
  -1.31925194e-01]
 [ 1.57149982e+02  2.74750121e+02  2.09355236e+02  3.00175599e+02
   9.07324536e-02]
 [ 3.69957703e+02  1.38363647e+00  5.33047668e+02  1.05044006e+02
   2.58926892e-01]
 [ 3.68175232e+02  4.86546249e+01  4.19414734e+02  1.08673943e+02
   4.51681990e-01]
 [ 4.43185242e+02  8.07291718e+01  5.70959595e+02  1.87053024e+02
   3.68457106e-01]
 [ 3.74922760e+02  1.33144241e+02  4.15893524e+02  1.40220871e+02
  -4.88695057e-01]
 [ 3.93904327e+02  1.55418060e+02  4.54179352e+02  1.76434296e+02
  -1.93271352e-01]
 [ 4.12656818e+02  1.84663454e+02  4.50762127e+02  2.01751647e+02
  -1.15701057e-01]
 [ 4.27389115e+02  2.11791168e+02  4.73101608e+02  2.31419311e+02
  -2.87959034e-03]
 [ 8.24147228e+00  7.99223871e+01  8.27940731e+01  8.98854589e+01
  -1.68673345e-01]
 [ 3.15090027e+02  3.12997437e+00  3.63124023e+02  4.03222237e+01
   2.74902172e-01]
 [ 3.28176637e+02  4.11022418e+01  3.45811278e+02  6.80945202e+01
   3.61245815e-02]
 [ 3.07893250e+02  6.74588470e+01  3.37755432e+02  8.41922150e+01
  -5.74925346e-01]
 [ 3.26590729e+02  9.57234802e+01  3.57844391e+02  1.12371277e+02
  -5.73974740e-01]
 [ 3.44548763e+02  1.22870255e+02  3.74942635e+02  1.40204205e+02
  -5.74451692e-01]
 [ 3.61810303e+02  1.48964249e+02  3.91291809e+02  1.66817795e+02
  -5.74926751e-01]
 [ 3.78415186e+02  1.74065513e+02  4.07744848e+02  1.92210610e+02
  -5.74926321e-01]
 [ 3.94400146e+02  1.98229614e+02  4.23755554e+02  2.16507812e+02
  -5.84429129e-01]]