[[ 5.09862739e+02  3.16599763e+02  5.57203393e+02  3.41162688e+02
  -5.07075918e-02]
 [ 1.71301117e+01  4.75714874e+01  3.35710632e+02  1.13406937e+02
  -1.10853054e-01]
 [ 1.16956516e+01  2.01373291e+02  8.51968179e+01  2.11877472e+02
   2.46742561e-02]
 [ 8.33254166e+01  1.67776444e+02  1.53278862e+02  1.79709579e+02
  -1.04215085e-01]
 [ 3.61681976e+02  1.82966595e+01  4.18795563e+02  3.94906158e+01
  -1.21001897e-01]
 [ 4.34394745e+02  9.28889684e+00  4.57878632e+02  3.69381082e+01
  -2.50130993e-02]
 [ 4.73392578e+02  6.70515442e+00  5.13228027e+02  2.85235901e+01
  -1.07269423e-01]
 [ 7.83463135e+01  2.05198380e+02  1.34909274e+02  2.15830826e+02
   3.33541312e-02]]