[[ 1.93828094e+02  2.98737611e+02  2.44798310e+02  3.15610412e+02
  -4.81371720e-02]
 [ 4.46825562e+01  3.22138397e+02  6.90252686e+01  3.38315643e+02
  -6.84169855e-02]
 [ 4.19646568e+01  3.51815948e+02  6.65613403e+01  3.67584869e+02
  -6.43455673e-02]
 [ 2.88565186e+02  2.76241150e+02  3.71908264e+02  3.08477783e+02
   3.80848261e-02]
 [ 9.80322617e+01  3.43334564e+02  1.40033885e+02  3.65909150e+02
   3.19331045e-02]
 [ 1.31111252e+02  3.40488434e+02  1.71163101e+02  3.54718353e+02
  -4.66566983e-02]]