[[ 1.37018856e+02  1.10846337e+02  1.93795994e+02  1.44596710e+02
  -9.19662749e-02]
 [ 2.10199783e+02  9.54800873e+01  2.98886536e+02  1.37439163e+02
  -4.66494887e-02]
 [ 6.54132156e+01  1.57198944e+01  1.06060783e+02  3.89978561e+01
   9.64447013e-03]
 [ 1.17855449e+02  9.73773574e+00  1.65169327e+02  4.06201286e+01
   2.17195740e-03]
 [ 1.79349006e+02  2.82615344e+00  3.12512933e+02  5.76680787e+01
   1.32648220e-01]
 [ 3.28274292e+02  1.15947418e+01  3.53812805e+02  4.27991257e+01
   3.38781864e-02]
 [ 3.68910584e+02  1.01938053e+01  3.95648254e+02  4.28026432e+01
   4.55362753e-02]
 [ 4.86323907e+02  2.14962951e+02  5.12556067e+02  2.32991366e+02
   6.35837850e-02]
 [ 7.47715541e+01  1.76988617e+02  2.95716980e+02  2.28964752e+02
  -5.50507627e-03]
 [ 3.05126801e+02  1.12602158e+02  5.02668060e+02  1.33397949e+02
  -3.17350438e-02]
 [ 9.61007690e+00  3.84690094e+01  9.51032410e+01  7.46942749e+01
   1.88041648e-02]
 [ 1.12674179e+02  4.00999413e+01  1.34152527e+02  6.92848206e+01
  -2.23374691e-02]
 [ 1.50893004e+02  4.34796676e+01  2.51785157e+02  7.13139343e+01
   1.20879363e-02]]