[[4.80042114e+02 1.66328392e+01 5.93991333e+02 3.87223396e+01
  1.94080447e-02]
 [4.77372143e+02 5.01098016e+01 5.09887561e+02 6.97377860e+01
  3.69427343e-02]
 [5.27511595e+02 5.03155364e+01 5.82745729e+02 8.05738069e+01
  9.83429612e-02]
 [3.23944454e+02 2.55132721e+02 3.70947636e+02 2.89772187e+02
  7.58804645e-02]
 [2.59191010e+02 3.49971237e+01 3.28677582e+02 7.75806351e+01
  3.57539080e-02]
 [2.60854980e+02 1.00722961e+02 3.62673950e+02 1.58639771e+02
  7.23054779e-02]
 [4.75891916e+02 7.14401601e+01 5.83478079e+02 9.73288829e+01
  4.97788391e-02]
 [4.75405151e+02 9.86039276e+01 5.14071666e+02 1.16526307e+02
  6.18913681e-02]
 [5.29486338e+02 1.01424130e+02 5.88532705e+02 1.21140704e+02
  6.18914500e-02]
 [3.50684052e+01 6.71033096e+00 1.51763428e+02 4.90177956e+01
  3.14068047e-03]
 [1.80929088e+02 2.21695175e+01 2.46300465e+02 6.31042405e+01
  1.06558024e-02]]