[[ 5.17387451e+02  2.67081940e+02  5.64705200e+02  2.76409210e+02
  -9.19526819e-02]
 [ 5.14962769e+02  2.89026428e+02  5.67705444e+02  2.98160645e+02
  -7.20342302e-02]
 [ 4.79483534e+02  3.50496246e+02  5.42377824e+02  3.74321930e+02
   5.65827969e-03]
 [ 5.57691895e+02  3.58286255e+02  6.04654663e+02  3.79784058e+02
   7.97705943e-03]
 [ 1.25290724e+02  1.99499512e+01  3.50262217e+02  1.10785828e+02
   2.27804696e-04]
 [ 4.71033478e+01  1.54233200e+02  1.51548997e+02  2.42677994e+02
   4.50646420e-01]
 [ 1.75297257e+01  4.97911974e+01  5.79348802e+01  1.00348618e+02
   5.40715451e-01]
 [ 5.28316316e+02  3.24248972e+02  6.01358611e+02  3.53837881e+02
  -3.10511675e-01]
 [ 3.73560176e+02  9.18003082e+00  4.11860723e+02  3.83197594e+01
   1.04570674e-04]
 [ 4.26844619e+02  1.29744598e+01  4.85488755e+02  4.13334473e+01
   5.09517727e-02]
 [ 4.90064026e+02  2.43937702e+01  5.63636047e+02  3.61048355e+01
  -3.52206533e-01]
 [ 5.74443909e+02  8.51221951e+00  5.93549621e+02  4.00927533e+01
   3.37639741e-02]
 [ 3.75566613e+02  5.48390273e+01  4.31977759e+02  8.55593644e+01
   1.66951638e-02]
 [ 4.47277222e+02  5.41906231e+01  4.59361328e+02  8.56053363e+01
   1.84921141e-02]
 [ 2.39063629e+02  3.21334045e+02  3.07341827e+02  3.20439270e+02
  -3.60760907e-01]
 [ 4.67620773e+01  1.91006439e+02  1.10012794e+02  2.61317932e+02
   4.61484670e-01]]