[[ 2.76570552e+01  1.74336701e+01  9.44908940e+01  4.15579757e+01
  -5.74007212e-03]
 [ 1.90780563e+01  1.76201935e+02  7.44550569e+01  2.01351227e+02
   2.26229611e-01]
 [ 2.13531006e+02  5.24327888e+01  2.76469727e+02  5.42808342e+01
  -2.65824851e-01]
 [ 2.21951506e+02  8.07689712e+01  2.85143937e+02  8.26673234e+01
  -2.65942862e-01]
 [ 7.10882568e+01  3.03956146e+02  1.49279007e+02  3.64963593e+02
   2.44736429e-01]
 [ 2.85039444e+01  3.86205061e+01  1.88540466e+02  7.72088013e+01
  -1.14622444e-02]
 [ 1.48466708e+02  3.59725882e+02  1.77819058e+02  3.97586862e+02
   3.17531211e-01]]