[[ 3.05036011e+02  1.41048019e+02  4.11306396e+02  1.83014969e+02
   9.25954051e-02]
 [ 7.64494895e+01  2.02381759e+02  1.28936619e+02  2.28311753e+02
   1.50200588e-01]
 [ 8.48638006e+01  2.89130127e+02  1.88658836e+02  3.28601501e+02
  -2.06681115e-03]
 [ 2.20308044e+02  2.80996429e+02  3.82398865e+02  3.28201080e+02
  -2.06699865e-03]
 [ 5.18393860e+01  1.90946289e+02  1.17664856e+02  2.13763947e+02
   3.93901608e-02]
 [ 4.03265915e+01  2.76070465e+02  6.99295845e+01  2.90367523e+02
  -1.92511591e-02]
 [ 7.94838562e+01  2.74696228e+02  1.55090912e+02  2.88728088e+02
  -1.92501722e-02]]