[[ 3.88170984e+02  3.17467080e+02  4.31982702e+02  3.25807883e+02
  -2.28405759e-01]
 [ 2.28959860e+02  1.18123487e+02  2.71371973e+02  1.45041921e+02
   2.05074441e-01]
 [ 3.02377380e+02  8.37516785e+00  5.45723210e+02  1.87962068e+02
   2.76796922e-01]
 [ 1.58971237e+02  3.46735046e+02  1.62079605e+02  3.72430420e+02
   1.99313731e-01]
 [ 1.74208480e+02  3.34378632e+02  2.53025956e+02  3.63121918e+02
  -7.76636173e-02]
 [ 2.64893343e+02  3.29015688e+02  3.77744536e+02  3.53416380e+02
  -7.76635000e-02]
 [ 4.22199502e+02  3.02259861e+02  4.69055015e+02  3.15169338e+02
  -1.59751310e-01]
 [ 2.06699127e+02  2.92218811e+02  3.02207489e+02  3.28688660e+02
   9.97760168e-02]
 [ 1.30610977e+02  1.51637161e+02  1.66415848e+02  1.67514847e+02
  -1.64343029e-01]
 [ 1.72046112e+02  1.43803406e+02  2.13474304e+02  1.59710693e+02
  -1.64343561e-01]]