[[ 1.28345664e+02  8.74849935e+01  2.27559060e+02  1.13818443e+02
  -6.56791444e-02]
 [ 2.52821136e+02  8.70137329e+01  4.16637848e+02  1.11365005e+02
  -8.01124681e-02]
 [ 7.77897339e+01  1.93825928e+02  1.10686722e+02  2.40610779e+02
   3.55930439e-01]
 [ 1.37800980e+02  2.08028107e+02  1.53707565e+02  2.46971893e+02
   3.21663324e-01]
 [ 6.31372463e+01  2.44102171e+02  1.74876536e+02  3.07726382e+02
   2.35133844e-01]
 [ 4.58832168e+01  3.21730347e+01  1.11341881e+02  5.78623199e+01
   3.00343296e-02]
 [ 1.32359848e+02  3.45604858e+01  1.87796432e+02  6.01592865e+01
   3.00343985e-02]
 [ 4.71442360e+02  1.57667847e+02  5.38182763e+02  1.82563720e+02
  -9.11216471e-03]
 [ 5.40415405e+02  1.61860413e+02  5.85357300e+02  1.81820435e+02
  -8.13573692e-01]
 [ 2.90714905e+02  7.14414215e+01  3.63164551e+02  7.94099579e+01
  -6.92857235e-02]
 [ 3.78391995e+02  6.53569264e+01  4.57034458e+02  7.24340435e+01
  -1.14566016e-01]
 [ 4.70141988e+02  5.60980113e+01  5.35618896e+02  6.32157059e+01
  -6.84773113e-02]
 [ 5.47054583e+02  5.07572242e+01  5.95929792e+02  5.90793084e+01
  -6.84773026e-02]
 [ 4.28183929e+02  8.17874908e+01  4.54296295e+02  9.16954956e+01
  -6.63491622e-02]
 [ 4.68378754e+02  7.82707596e+01  5.14813762e+02  8.76743101e+01
  -6.63497060e-02]
 [ 5.28941162e+02  7.49923248e+01  5.54404541e+02  8.50436249e+01
  -6.74334596e-02]
 [ 1.43252365e+02  3.00150238e+02  1.64628891e+02  3.14307648e+02
   1.80660362e-01]
 [ 1.84861007e+02  2.97387479e+02  2.38254564e+02  3.28056125e+02
   1.76695267e-01]
 [ 4.85762703e+02  1.50856110e+02  5.56257347e+02  1.61057403e+02
  -3.54798807e-02]]