[[ 2.22811415e+02  5.78307128e+01  2.52008288e+02  8.25612695e+01
  -4.58024619e-01]
 [ 2.42456893e+02  9.61242420e+01  2.81011552e+02  1.24957194e+02
   1.66757557e-01]
 [ 4.63661855e+02  5.14593091e+01  5.42568003e+02  3.97956042e+01
  -3.99333823e-01]
 [ 3.12598381e+02  2.88925853e+01  4.03485298e+02  6.78164754e+01
   6.11525397e-02]
 [ 2.52436859e+02  1.15355392e+02  2.93319794e+02  1.45940872e+02
   2.46593712e-01]
 [ 4.83900267e+02  3.55943390e+02  5.33602053e+02  3.81536102e+02
  -5.05878573e-02]
 [ 3.70069427e+02  8.78876953e+01  4.28293243e+02  1.30105652e+02
   2.60930851e-02]]