[[ 3.47723145e+02  2.43331985e+01  5.82858158e+02  9.47641603e+01
   3.25210582e-02]
 [ 4.79446259e+01  1.40517776e+02  1.33908127e+02  1.72930954e+02
   3.59527534e-03]
 [ 1.46720719e+02  2.47066315e+02  3.85911239e+02  3.30578583e+02
   1.22446843e-02]
 [ 9.40560581e+01  1.06778946e+01  2.97031359e+02  5.99132005e+01
   4.41193950e-03]
 [ 1.05544830e+02  6.09834061e+01  2.58969177e+02  1.06397530e+02
   6.68732953e-02]
 [ 2.92226837e+02  7.89531174e+01  3.54136322e+02  1.07622108e+02
   2.29172025e-02]
 [ 7.39596296e+00  3.08642365e+02  1.57248706e+02  3.29994232e+02
  -1.14080732e-02]]