[[ 4.36362139e+02  1.92146881e+02  5.37356201e+02  2.12568237e+02
  -9.25797712e-03]
 [ 1.16284469e+01  4.76615122e+00  6.72597275e+01  3.72155151e+01
   1.26015316e-01]
 [ 1.11246709e+01  4.69126585e+01  6.80901290e+01  7.68083424e+01
   1.46380427e-01]
 [ 5.20420920e+02  1.93765610e+02  5.90244119e+02  2.05619888e+02
   2.91994207e-03]
 [ 5.82130432e+00  2.30344681e+02  9.04914780e+01  2.49488358e+02
   1.95539916e-02]
 [ 8.31347912e+00  2.59605408e+02  8.26371301e+01  2.75464905e+02
   1.09769857e-03]]