[[ 3.82510010e+02  3.53083115e+01  4.30399963e+02  6.21431656e+01
   2.59328291e-01]
 [ 4.03500671e+02  2.25026047e+02  4.66312744e+02  2.33480362e+02
  -1.25348784e-01]
 [ 1.63598892e+02  3.40798416e+01  2.03345383e+02  6.67360764e+01
   1.77183418e-01]
 [ 3.73245239e+01  3.20567505e+02  8.86895370e+01  3.38032471e+02
  -6.82666877e-02]
 [ 3.43232137e+01  3.50158844e+02  7.69725169e+01  3.69110931e+02
  -6.40399540e-02]
 [ 4.85149384e+01  2.28651550e+02  1.05934097e+02  2.42225403e+02
  -9.55706265e-02]
 [ 3.84016895e+01  2.54934082e+02  9.81177845e+01  2.67672302e+02
  -9.80681490e-02]
 [ 2.73577806e+02  3.72082859e+01  3.22247145e+02  5.46426052e+01
   3.06717195e-02]]