[[ 2.26366058e+02  1.60329910e+02  3.63200775e+02  2.23719711e+02
   8.60994985e-02]
 [ 4.39296865e+02  3.72044071e+02  5.91058848e+02  3.34458310e+02
  -3.20643682e-01]
 [ 3.33951080e+02  1.41180695e+02  3.76145721e+02  1.60461365e+02
   6.19563900e-02]
 [ 1.10463943e+02  1.32087372e+02  1.68415024e+02  1.51051086e+02
  -1.01627737e-02]
 [ 7.98694689e+01  2.82117797e+02  1.74744339e+02  3.23395448e+02
   5.15298484e-02]
 [ 1.03660737e+01  1.71126740e+02  3.24687424e+01  2.21566498e+02
  -2.58414290e-01]
 [ 6.80892487e+01  1.71746735e+02  1.65189789e+02  2.35234589e+02
   1.09179162e-01]
 [ 3.69257233e+02  1.45402420e+02  4.05696320e+02  1.63212540e+02
   8.66751517e-02]]