[[ 5.52394165e+02  6.34467316e+01  5.94643066e+02  8.87876282e+01
  -2.60561910e-02]
 [ 1.66371395e+02  1.27730789e+02  2.25611393e+02  1.43870011e+02
   4.65175024e-02]
 [ 5.15284360e+02  5.72348019e+00  5.77681339e+02  3.38238030e+01
   9.51522519e-03]
 [ 2.32736145e+02  1.15543365e+01  3.22952209e+02  6.24406738e+01
   2.03700246e-02]
 [ 1.37853536e+02  1.40218612e+02  2.28550516e+02  1.52545426e+02
   1.82209471e-02]
 [ 5.07080933e+02  3.41026230e+01  5.62348267e+02  5.27628708e+01
   1.32992582e-02]
 [ 5.53146647e+02  3.92608978e+02  5.92659383e+02  4.12280731e+02
  -8.59637691e-03]]