[[ 2.30440735e+02  7.68183975e+01  2.67657776e+02  1.07177498e+02
   2.83592614e-01]
 [ 2.45387695e+02  1.08599709e+02  2.80502930e+02  1.36479736e+02
  -4.60175900e-01]
 [ 5.77596313e+02  3.51783691e+02  5.90937744e+02  3.67518982e+02
   9.23795895e-02]
 [ 5.74693970e+02  3.78304993e+02  5.97561890e+02  3.92224548e+02
   9.87482983e-05]
 [ 3.19103821e+02  1.99085632e+02  3.52907654e+02  2.67296173e+02
   5.59347782e-01]
 [ 3.25925240e+02  1.36321104e+01  4.32243766e+02  4.06210711e+01
   1.09300249e-02]
 [ 3.22340451e+02  6.83729095e+01  4.32532779e+02  9.66531373e+01
   2.83051788e-02]
 [ 5.49190430e+02  3.27197083e+02  5.92650269e+02  3.56876587e+02
   9.85550118e-02]]