[[ 2.26332919e+02  2.56937747e+02  3.36860624e+02  2.62414853e+02
  -1.14286303e-01]
 [ 4.39863253e+02  3.83804534e+02  4.82098295e+02  4.08893098e+02
   2.45374348e-02]
 [ 4.96325378e+02  3.86061798e+02  5.43183044e+02  4.10392365e+02
   2.45384802e-02]
 [ 4.14156961e+02  2.73393676e+02  5.15160940e+02  2.92232790e+02
   3.00566369e-02]
 [ 4.05908661e+02  4.05013977e+02  5.06612518e+02  4.33884644e+02
   4.24200953e-02]
 [ 4.78247546e+02  2.44891601e+02  5.99720960e+02  2.60024719e+02
   1.17426510e-02]
 [ 4.68346924e+02  2.67707184e+02  5.38404190e+02  2.80228791e+02
   1.48076616e-02]]