[[ 4.70410400e+02  1.22183838e+01  5.26117942e+02  3.26811298e+01
   1.68916181e-02]
 [ 5.42856338e+02  1.27570297e+01  5.91985337e+02  3.37938469e+01
   1.68916377e-02]
 [ 4.65716005e+02  4.00776348e+01  5.85536528e+02  6.44056101e+01
   3.27495851e-02]
 [ 4.61910553e+02  6.97368076e+01  5.79437103e+02  9.92286770e+01
   3.99376920e-02]
 [ 5.20057739e+02  3.06676361e+02  5.71793457e+02  3.25592804e+02
   4.32144292e-02]
 [ 1.79263106e+02  1.81034950e+01  2.12083390e+02  5.04935128e+01
  -9.86132442e-02]
 [ 2.37991821e+02  1.58149796e+01  3.04034180e+02  5.50352402e+01
   7.26486760e-03]
 [ 1.87264455e+02  7.49798046e+01  3.16191295e+02  1.13682808e+02
   3.69792820e-02]
 [ 3.45889618e+02  7.86342545e+01  3.95509552e+02  1.19398308e+02
   5.35532573e-02]
 [ 4.86121338e+02  2.80518127e+02  5.35212587e+02  3.10045899e+02
   5.97180372e-02]
 [ 3.00656982e+02  2.70485596e+02  3.60420105e+02  2.98435303e+02
   6.33517702e-02]]