[[ 5.41137782e+02  4.44544973e+00  5.87951207e+02  2.83604814e+01
   5.67784990e-02]
 [ 1.82307220e+02  1.59191208e+01  2.23003387e+02  4.26328964e+01
   1.27780517e-02]
 [ 1.82944550e+02  5.28506889e+01  2.23124176e+02  7.70095367e+01
  -1.71043737e-02]
 [ 1.79528806e+02  8.82403261e+01  2.27989413e+02  1.14537109e+02
  -4.99011762e-02]
 [ 5.38031603e+02  3.03290648e+02  5.93926649e+02  3.23983095e+02
   1.02736916e-01]
 [ 5.40973996e+02  3.25161285e+02  5.84749392e+02  3.45175202e+02
   1.22159804e-01]
 [ 3.77352126e+02  2.04403947e+01  4.24914659e+02  2.43177383e+01
  -4.01281476e-01]
 [ 3.63821007e+02  6.54098840e+01  4.26364845e+02  7.15680213e+01
  -3.05405095e-01]
 [ 3.64381653e+02  1.09087234e+02  4.20008667e+02  1.21750381e+02
  -2.01149186e-01]
 [ 5.37947021e+02  2.65705986e+01  5.73776611e+02  4.29262505e+01
   5.42681409e-02]
 [ 5.36860615e+02  5.65900171e+01  5.91117412e+02  7.20136206e+01
   5.17244984e-02]
 [ 3.77071009e+02  1.30733263e+02  4.57115209e+02  1.34464461e+02
  -2.55996487e-01]]