[[ 1.24702367e+02  3.70385169e+02  1.43330592e+02  4.18026940e+02
   2.10991365e-01]
 [ 5.23649292e+01  1.92113251e+02  1.40226105e+02  1.93106934e+02
  -1.74542898e-01]
 [ 5.02433281e+01  2.26606720e+02  1.18095306e+02  2.23373230e+02
  -2.07645956e-01]
 [ 1.56783626e+02  7.49636665e+00  2.08575932e+02  2.28551424e+01
  -3.12437364e-02]
 [ 1.12569496e+02  2.18718887e+02  1.59632996e+02  2.21004288e+02
  -2.00430534e-01]
 [ 1.09869781e+02  2.41274841e+02  1.44931923e+02  2.41224030e+02
  -2.37824801e-01]
 [ 1.29289246e+02  3.11130219e+01  1.65958313e+02  4.09720840e+01
  -1.40860291e-01]
 [ 1.77034167e+02  2.38664824e+01  2.11384779e+02  3.89651369e+01
  -4.41514389e-02]]