[[ 1.52372437e+02  9.59102097e+01  2.17889587e+02  1.12873833e+02
  -6.58296041e-02]
 [ 2.37469009e+02  8.99426346e+01  4.16617615e+02  9.97727585e+01
  -6.58293633e-02]
 [ 4.62814098e+02  1.55476639e+02  5.53473530e+02  1.67621170e+02
  -8.81949315e-03]
 [ 5.01319665e+02  1.74970490e+02  5.66051551e+02  1.90347167e+02
  -1.34952553e-02]
 [ 1.22271362e+02  2.14475311e+02  2.16003662e+02  2.54859863e+02
  -4.24391467e-02]
 [ 2.81383031e+01  2.85280418e+01  1.02287999e+02  6.06014977e+01
   3.51204940e-03]
 [ 1.70843018e+02  2.69104034e+02  2.39063812e+02  3.19998749e+02
   1.81539725e-01]
 [ 2.86895172e+02  6.47511444e+01  4.08813263e+02  7.91390686e+01
  -6.99421000e-02]
 [ 1.85893341e+02  1.32246887e+02  2.31561371e+02  1.86136047e+02
   5.58062080e-01]
 [ 2.51513062e+02  1.78827881e+02  2.74078674e+02  2.12677673e+02
   5.58063256e-01]
 [ 1.07083584e+02  3.84341010e+01  1.47540531e+02  5.70368997e+01
   3.05685803e-02]
 [ 1.65507307e+02  4.13398399e+01  2.23382463e+02  5.84191857e+01
   3.08360266e-02]
 [ 1.11385468e+02  2.81643555e+02  1.69906525e+02  3.28043396e+02
   2.06693250e-01]]