[[ 3.14455750e+02  3.43483826e+02  4.18394043e+02  3.79061340e+02
  -3.02849492e-02]
 [ 1.22434282e+02  3.25923703e+02  1.85067556e+02  3.88603338e+02
   2.45074922e-01]
 [ 1.33484597e+01  1.58060378e+02  6.37043307e+01  1.85942858e+02
   2.46383834e-01]
 [ 1.13404274e+01  1.83693451e+02  6.26869316e+01  2.11568390e+02
   2.21144949e-01]
 [ 1.04594956e-01  2.76355211e+01  1.64620335e+02  5.79240949e+01
  -5.26876325e-02]
 [ 2.32699347e+02  3.69549491e+02  2.58741693e+02  4.00491463e+02
   3.20761138e-01]]