[[ 1.38124257e+02  1.53754137e+02  2.14127208e+02  1.65497877e+02
  -1.59263395e-01]
 [ 2.30694007e+02  1.22058974e+02  2.74294320e+02  1.44745438e+02
   5.23806842e-02]
 [ 1.35310333e+02  3.53717102e+02  1.42889496e+02  3.89663147e+02
   2.22453718e-01]
 [ 1.62651207e+02  3.49161310e+02  1.92557106e+02  3.96028082e+02
   2.02466864e-01]
 [ 2.11853485e+02  3.41311798e+02  2.97399261e+02  3.80121857e+02
  -3.63397730e-02]
 [ 3.72581055e+02  3.16816833e+02  4.36765808e+02  3.23142761e+02
  -2.36870460e-01]]