[[ 1.40672163e+01  2.55355865e+02  7.17970568e+01  2.81393708e+02
   6.36836845e-02]
 [ 3.10135253e+02  1.20240612e+01  3.59546937e+02  3.23487473e+01
  -9.40843494e-04]
 [ 2.87197418e+02  5.00901398e+02  3.77003754e+02  5.38927490e+02
  -7.51474649e-03]
 [ 5.48796763e+01  1.64619751e+01  1.49893815e+02  3.10943985e+01
  -7.15645234e-02]
 [ 2.36550141e+01  2.39893676e+02  8.72160644e+01  2.65802155e+02
   1.23456733e-01]
 [ 3.50576843e+02  5.95903254e+00  3.99427795e+02  2.33052349e+01
  -2.12195273e-03]
 [ 1.35905802e+02  1.38894267e+01  2.04135915e+02  4.56052785e+01
   8.91574856e-02]]