[[ 2.81829393e+01  4.24625339e+02  6.85733168e+01  4.40248013e+02
  -2.53892831e-01]
 [ 2.44008416e+02  3.94961607e+02  2.88738899e+02  4.39223757e+02
   2.49246018e-01]
 [ 2.44257736e+01  3.20861389e+02  5.22034378e+01  3.37184937e+02
   5.03027320e-04]
 [ 2.54671875e+01  3.49618017e+02  3.46386723e+01  3.66569788e+02
  -1.52498857e-02]
 [ 4.39736475e+01  3.54557282e+02  6.25156561e+01  3.64250458e+02
  -6.66414094e-02]
 [ 2.44021358e+01  3.79754608e+02  5.22323456e+01  3.94547089e+02
  -9.58656628e-02]]