[[ 5.40498438e+02  2.31386539e+02  6.00181615e+02  2.40834774e+02
  -1.03316519e-01]
 [ 8.79545783e+01  3.85747528e+02  2.10083813e+02  4.14403106e+02
  -3.35343496e-02]
 [ 3.03128632e+02  7.89049225e+01  3.82742279e+02  1.11854233e+02
  -3.84454009e-03]
 [ 1.58326523e+02  1.18497482e+02  2.26438736e+02  1.50525986e+02
   1.17297737e-01]
 [ 3.86071259e+02  5.14704018e+01  4.51602386e+02  7.02579956e+01
  -1.35686929e-03]
 [ 5.60591740e+02  6.70234566e+01  5.87528499e+02  8.30048790e+01
  -6.77214233e-02]
 [ 5.60581536e+02  9.47853857e+01  5.90905891e+02  1.09776458e+02
  -8.29717368e-02]
 [ 1.21457593e+02  1.41137619e+02  1.78250904e+02  1.55089279e+02
   2.31187292e-02]
 [ 3.96247345e+02  4.82627678e+00  4.49372406e+02  2.05162144e+01
  -3.22377070e-02]
 [ 3.92080597e+02  3.20080032e+01  4.38633148e+02  4.72254486e+01
  -1.57659587e-02]]