[[1.68502377e+02 1.69446411e+02 2.01999882e+02 1.84016877e+02
  8.31348579e-02]
 [2.30782468e+02 1.72923462e+02 3.37183167e+02 1.95281219e+02
  8.31340322e-02]
 [9.85520782e+01 1.44050568e+02 1.70859360e+02 1.79319061e+02
  2.62718162e-01]
 [1.69769592e+02 1.08467224e+02 2.35472138e+02 1.35108963e+02
  5.34203005e-02]
 [2.60760895e+02 1.12815628e+02 3.07154144e+02 1.38941895e+02
  3.99913217e-02]
 [2.00774977e+02 1.53144149e+02 2.97249422e+02 1.78503344e+02
  7.56815309e-02]
 [6.47717285e+01 1.62792221e+02 1.33768219e+02 2.00023575e+02
  2.42743348e-01]
 [6.72481070e+01 1.90238235e+02 1.41139653e+02 2.26550096e+02
  2.42991782e-01]]