[[ 1.20289449e+02  9.96918565e+01  1.79597446e+02  1.46566162e+02
  -4.67443884e-02]
 [ 2.18425147e+02  8.57274706e+01  3.46746606e+02  1.45089538e+02
  -8.83392832e-03]
 [ 4.43637695e+02  2.01780701e+02  5.03952576e+02  2.35906647e+02
   1.24045671e-01]
 [ 4.53152771e+01  4.61572266e+00  1.75837311e+02  4.07258453e+01
   9.90896239e-03]
 [ 2.02195572e+02  5.34527957e+00  2.56382889e+02  3.50561220e+01
   8.31970402e-03]
 [ 2.83060329e+02  5.07405850e+00  3.66701939e+02  3.59739685e+01
   8.31973650e-03]
 [ 4.78911325e+01  3.94579772e+01  1.73170189e+02  7.49574738e+01
   9.90895846e-03]
 [ 1.98354813e+02  4.07104340e+01  2.51797958e+02  7.02574081e+01
   1.69878754e-02]
 [ 2.75465302e+02  4.10694962e+01  3.87052704e+02  7.25553284e+01
   1.69879141e-02]
 [ 2.33018103e+01  1.78890120e+02  8.20378675e+01  2.12352098e+02
   1.20622196e-01]
 [ 1.05763403e+02  1.88885314e+02  1.31586855e+02  2.19288058e+02
   1.20622164e-01]
 [ 1.55370825e+02  2.03730208e+02  2.37651330e+02  2.42095597e+02
   1.26512133e-01]
 [ 2.67954714e+02  2.09903227e+02  2.84304747e+02  2.40665835e+02
   9.47334972e-02]
 [ 5.01546441e+02  1.95831299e+02  5.47833197e+02  2.25044647e+02
   1.93914358e-02]
 [ 3.95807394e+02  2.58740233e+01  5.00324076e+02  6.88626253e+01
   1.56858678e-02]
 [ 5.33462463e+02  3.34119873e+01  5.94371277e+02  6.91879272e+01
   1.54250518e-02]]