[[ 5.13199158e+01  4.39603882e+01  1.21691666e+02  7.35880890e+01
   2.42744731e-03]
 [ 4.26720130e+02  7.17609250e+01  5.70841333e+02  1.22003113e+02
   1.31190998e-02]
 [ 1.56750199e+02  5.86889988e+00  2.56089447e+02  4.16800927e+01
   2.78309435e-02]
 [ 2.74756927e+02  6.37528992e+00  3.51179230e+02  3.95117035e+01
   2.51309047e-03]
 [ 1.45133804e+02  6.05968704e+01  1.92731339e+02  8.68467484e+01
   1.87009782e-01]
 [ 2.10837036e+02  7.01433640e+01  2.19017609e+02  9.18206711e+01
   2.23750311e-03]
 [ 8.09669495e+01  1.62936172e+02  1.29689514e+02  1.65783585e+02
  -2.59006574e-01]
 [ 5.00691498e+02  1.88156634e+02  5.16195190e+02  2.07297623e+02
  -3.36488948e-02]
 [ 5.36407227e+02  1.92980270e+02  5.91063354e+02  2.11166336e+02
   4.04743822e-02]]