[[ 3.46323303e+02  9.89727879e+00  5.47301331e+02  4.76483459e+01
  -7.35294535e-03]
 [ 1.25999573e+02  2.12300461e+02  1.64745792e+02  2.40260484e+02
   2.71897075e-01]
 [ 3.42859206e+02  2.79483490e+02  3.85940903e+02  2.96525421e+02
   1.90702378e-02]
 [ 3.37164151e+02  3.05526855e+02  3.76579807e+02  3.25764710e+02
   6.82685924e-02]
 [ 5.13503723e+02  1.13443054e+02  5.83651794e+02  1.13472885e+02
  -1.63950064e-01]
 [ 5.18738935e+02  1.31271807e+02  5.62065753e+02  1.41477857e+02
  -1.18568744e-01]
 [ 3.81055620e+02  8.93498329e+00  3.93707991e+02  1.91999588e+01
  -2.44369547e-03]
 [ 4.02934199e+02  7.72473558e+00  4.85756475e+02  1.89750249e+01
  -5.70661538e-02]]