[[ 2.50351986e+02  2.26278288e+02  2.85523499e+02  2.57645905e+02
   3.87854166e-01]
 [ 2.51472656e+02  2.48614838e+02  2.82270203e+02  2.83554230e+02
   5.44258469e-01]
 [ 2.48424347e+02  2.70750702e+02  2.81238495e+02  2.99841156e+02
   4.10930967e-01]
 [ 3.70557434e+02  1.66719111e+02  3.79971740e+02  1.79033055e+02
   4.84726783e-02]
 [ 3.87364105e+02  1.63623199e+02  4.09747101e+02  1.75283295e+02
  -8.19320721e-02]
 [ 8.06148758e+01  1.17089600e+02  1.24997078e+02  1.52125061e+02
   3.77685294e-01]
 [ 8.08380268e+01  1.48462341e+02  1.21026384e+02  1.90945160e+02
   3.97520359e-01]
 [ 7.80553436e+01  1.85969299e+02  1.26395645e+02  2.30921692e+02
   4.15694342e-01]
 [ 3.61481533e+02  4.37374706e+01  4.38295384e+02  3.93961048e+01
  -4.18137256e-01]
 [ 3.61916890e+02  9.54835230e+01  4.47068950e+02  1.05427884e+02
  -2.23608007e-01]]