[[ 5.59504211e+02  1.46310158e+01  5.97151672e+02  3.39653511e+01
   5.59452636e-02]
 [ 5.60560698e+02  4.26534214e+01  5.81477144e+02  5.99441815e+01
  -5.78657186e-02]
 [ 3.65106750e+02  2.12968140e+01  4.14142639e+02  1.45238838e+01
  -5.37685729e-01]
 [ 3.65855438e+02  4.50461159e+01  4.32366913e+02  4.47243080e+01
  -3.55558436e-01]
 [ 3.73969699e+02  7.19309929e+01  4.07398099e+02  8.18570167e+01
  -2.96045806e-01]
 [ 3.65857361e+02  1.03910736e+02  4.04988281e+02  1.14997498e+02
  -2.23607934e-01]
 [ 3.74277618e+02  1.32171494e+02  4.02978363e+02  1.48186356e+02
  -1.47572459e-01]
 [ 3.65286865e+02  1.68901688e+02  4.16712585e+02  1.83901718e+02
  -8.59465167e-02]
 [ 5.36811340e+02  3.15246964e+00  5.62390686e+02  1.77637577e+01
   5.82683180e-02]
 [ 5.36826904e+02  3.06046333e+01  5.64961426e+02  4.45151939e+01
   5.39309933e-02]
 [ 5.38035944e+02  5.14264829e+01  5.65466741e+02  6.96399997e+01
   4.98369260e-02]]