[[ 3.17641392e+01  1.77174358e+01  9.57180710e+01  3.66332855e+01
  -4.66402329e-03]
 [ 1.11699600e+02  1.75853119e+01  1.55447189e+02  4.05639572e+01
  -1.65296665e-03]
 [ 3.52001905e+01  4.33958321e+01  1.32647737e+02  6.12934151e+01
  -8.61792318e-03]
 [ 1.82162720e+02  2.57199951e+02  1.98797058e+02  2.75648804e+02
  -3.64958580e-02]
 [ 1.72207812e+00  1.93426940e+02  6.27607732e+01  2.32683015e+02
   3.07260482e-01]
 [ 1.73632624e+00  2.22735748e+02  4.90859248e+01  2.54690095e+02
   2.89162195e-01]
 [ 3.81869226e+01  1.45629775e+02  8.61597534e+01  1.66410355e+02
   1.14270222e-01]
 [ 4.38466229e+02  3.19175403e+02  4.49352070e+02  3.56122326e+02
   5.59555949e-01]]