[[ 1.47629910e+02  1.63863828e+02  2.39105564e+02  2.26894289e+02
   1.23715662e-01]
 [ 1.48035045e+02  8.02243770e+01  2.12892629e+02  1.31428241e+02
   1.70101278e-01]
 [ 5.25476037e+02  7.44869246e+01  5.87222693e+02  8.87521959e+01
  -3.71832263e-02]
 [ 2.16845287e+02  1.56454343e+02  3.10821400e+02  1.96218417e+02
   1.37099449e-01]
 [ 3.33848023e+02  1.72596645e+02  3.72045104e+02  1.99878727e+02
   1.37099780e-01]
 [ 3.91964540e+02  1.82567104e+02  4.29083495e+02  2.06891484e+02
   1.35852672e-01]
 [ 4.48765045e+02  1.89013916e+02  4.53477020e+02  2.01632812e+02
   2.95968241e-01]
 [ 5.97356033e+01  8.64545059e+01  1.51664009e+02  1.09087959e+02
   6.86274702e-03]]