[[ 1.28220722e+01  1.95553527e+02  5.64222811e+01  2.16444306e+02
   1.47340792e-01]
 [ 2.12402168e+02  2.52649355e+02  2.84085579e+02  2.51663603e+02
  -2.04876061e-01]
 [ 3.94191433e-01  3.12707520e+01  8.62393878e+01  4.28222122e+01
  -1.06365357e-01]
 [ 9.20618134e+01  7.87242737e+01  1.32096909e+02  9.36248627e+01
   8.08778560e-02]
 [ 1.41460144e+02  8.00817413e+01  1.88860931e+02  9.15743408e+01
   6.86510943e-03]
 [ 2.00152100e+02  7.96037903e+01  2.74296509e+02  9.21608124e+01
   6.86527819e-03]
 [ 4.18864807e+02  1.31986481e+02  4.75855652e+02  1.67368683e+02
   2.65960397e-01]
 [ 4.94847157e+02  1.53117352e+02  5.17209024e+02  1.78800289e+02
   2.71607694e-01]
 [ 5.40142969e+02  1.57719185e+02  5.64097021e+02  2.05218529e+02
   5.62552136e-01]
 [ 1.23223343e+01  2.15372513e+02  5.68329315e+01  2.37866562e+02
   1.56010672e-01]
 [ 2.78566389e+02  7.74801558e+01  3.42990252e+02  1.04893868e+02
   6.86538979e-03]
 [ 4.55592468e+02  1.11141983e+02  5.80977722e+02  1.78416061e+02
   2.80694527e-01]]