[[ 8.20543069e+01  1.82834947e+02  1.36507178e+02  1.86180678e+02
  -2.00810158e-01]
 [ 8.01569025e+01  1.99815354e+02  1.29906147e+02  2.03392196e+02
  -1.85384598e-01]
 [ 7.83711237e+01  2.18763352e+02  1.38134614e+02  2.21913711e+02
  -2.11180638e-01]
 [ 3.59663086e+02 -1.43239594e+01  5.15614746e+02  1.49635452e+02
   3.26589186e-01]
 [ 3.37457367e+02  9.33747559e+01  3.78613190e+02  1.05409897e+02
  -3.23414848e-01]
 [ 3.64245422e+02  1.35971313e+02  4.27829651e+02  1.43858002e+02
  -2.58833684e-01]
 [ 3.82605621e+02  1.64077744e+02  4.57634552e+02  1.78252182e+02
  -2.24423642e-01]
 [ 3.14191842e+02  2.63476405e+01  3.51450065e+02  6.57600332e+01
   3.53593049e-01]
 [ 4.00860222e+02  1.88615570e+02  4.85155281e+02  2.05824890e+02
  -5.53541927e-02]]