[[ 2.21507614e+02  1.98211182e+02  2.46928635e+02  2.18754669e+02
  -2.69449916e-01]
 [ 3.92862195e+02  3.48119163e+01  4.62946948e+02  5.16890908e+01
  -1.97873151e-01]
 [ 8.28020019e+01  4.88965112e+01  2.01399910e+02  9.43143615e+01
  -1.38720512e-02]
 [ 2.33027039e+02  4.78994510e+01  2.76531830e+02  9.32720578e+01
  -1.64110689e-02]
 [ 1.69836456e+02  2.45128540e+02  2.21444336e+02  2.17019684e+02
  -7.71242185e-01]
 [ 4.55570068e+02  1.07890518e+02  5.69483887e+02  1.30653229e+02
   7.50818664e-03]
 [ 4.74805864e+02  2.71871472e+01  5.81351698e+02  6.20352572e+01
  -1.43367610e-01]
 [ 7.31844177e+01  2.17625980e+01  1.61730240e+02  5.02901764e+01
  -7.50352933e-03]
 [ 1.80710556e+02  2.46511002e+01  1.96695755e+02  4.37537994e+01
  -7.33765052e-02]
 [ 4.71520485e+02  9.31956725e+01  5.81922630e+02  1.03624960e+02
  -6.19570492e-02]]