[[ 4.58688721e+02  1.04591103e+02  5.47485718e+02  1.11820656e+02
  -2.22822315e-01]
 [ 2.57340389e+02  2.32893143e+01  3.58581974e+02  5.61931228e+01
  -1.59989885e-02]
 [ 3.81762238e+02  2.12985268e+01  4.76247711e+02  6.22195320e+01
  -1.59989673e-02]
 [ 3.35682556e+02  2.41879150e+02  3.58832215e+02  2.53755249e+02
  -1.36402159e-01]
 [ 3.31373718e+02  2.72001007e+02  3.57625916e+02  2.82448944e+02
  -1.82950941e-01]
 [ 4.70172150e+02  7.33943939e+01  5.25123413e+02  8.83777313e+01
  -1.77367589e-01]
 [ 5.41050456e+02  5.86354449e+01  5.68567464e+02  7.34468646e+01
  -2.05761338e-01]]