[[ 1.29977051e+02  3.02048340e+01  1.71446991e+02  5.22830353e+01
   1.68744039e-01]
 [ 4.44675321e+02  4.09630919e+00  4.89940341e+02  1.59447250e+01
  -6.11827354e-04]
 [ 4.48127584e+02  2.82879734e+01  5.13791880e+02  4.09942474e+01
  -1.10887459e-03]
 [ 2.06346155e+02  1.09877362e+01  2.76336005e+02  4.04189945e+01
  -6.60624676e-02]
 [ 2.91093111e+02  1.21310539e+01  3.69186307e+02  3.42761288e+01
  -6.60628173e-02]
 [ 2.91975021e+00  1.94332687e+02  4.98747292e+01  2.12957962e+02
  -2.09008089e-01]
 [ 4.33170502e+02  1.45587368e+01  5.28242065e+02  3.19611835e+01
  -5.54596961e-04]
 [ 1.71934355e+01  2.30359849e+02  5.82893393e+01  2.37344497e+02
  -2.29378003e-01]
 [ 1.62523667e+01  2.51715915e+02  5.27838271e+01  2.59925748e+02
  -2.29619473e-01]
 [ 2.53966883e+02  4.05165709e+02  2.92804113e+02  4.44709718e+02
   2.70179547e-01]]