[[ 7.90109100e+01  1.89040833e+01  1.88750353e+02  6.77028809e+01
   6.50766679e-03]
 [ 3.22332850e+02  3.45825868e+02  4.01664830e+02  3.72594542e+02
  -3.77791500e-02]
 [ 3.78130278e+02  1.92461380e+02  4.38398774e+02  1.98175522e+02
  -3.04463644e-01]
 [ 1.87192678e+02  5.49484811e+00  2.80954681e+02  3.15543270e+01
   1.34151614e-02]
 [ 6.12152630e+00  3.49930816e+02  5.96001925e+01  3.68897553e+02
   4.44342974e-02]
 [ 2.61073568e+00  3.72399444e+02  4.99146948e+01  3.90767426e+02
   2.57099163e-02]
 [ 2.94943817e+02  3.70709564e+02  3.63863373e+02  3.91115326e+02
  -1.06305566e-03]]