[[ 1.86694000e+02  3.57785034e+02  3.22142426e+02  3.76638062e+02
  -1.68514638e-01]
 [ 3.24447035e+02  1.64202347e+02  4.14479845e+02  1.83887649e+02
  -2.67415503e-02]
 [ 2.86004615e+01  1.66268660e+02  7.71909356e+01  2.12096452e+02
   4.36237067e-01]
 [ 8.58479004e+01  1.84513809e+02  1.47674805e+02  2.47722153e+02
   4.23829622e-01]
 [ 1.47304036e+02  3.99007616e+01  2.57168987e+02  6.38585157e+01
  -8.83946509e-02]
 [ 2.76300580e+02  3.40029449e+01  3.86287737e+02  7.15157471e+01
   9.71788849e-05]
 [ 4.04935669e+02  3.40154343e+01  5.23625550e+02  6.40640335e+01
   1.48352845e-04]
 [ 5.00300110e+02  3.43493622e+02  5.83062195e+02  3.74552216e+02
   5.65930329e-03]
 [ 3.56513092e+02  3.33319275e+02  4.51210907e+02  3.37836304e+02
  -2.25666956e-01]
 [ 4.14557686e+02  1.57656189e+02  5.35817406e+02  1.71056793e+02
  -1.00628637e-02]
 [ 5.50377930e+02  1.59340195e+02  5.81088257e+02  1.70549606e+02
  -1.26171514e-02]
 [ 4.73403702e+01  1.51794067e+02  1.19536631e+02  2.16392976e+02
   5.06023723e-01]
 [ 2.45239304e+02  3.19529785e+02  3.11837158e+02  3.16633484e+02
  -4.35825729e-01]
 [ 1.11252460e+02  7.27929531e+01  3.28479962e+02  1.13134964e+02
   3.52638333e-02]]