[[ 3.33206639e+02  2.83588958e+02  3.80416408e+02  3.04500703e+02
   3.25172405e-02]
 [ 1.21836297e+02  2.05307737e+02  1.70250953e+02  2.43456545e+02
   2.77624734e-01]
 [ 4.16210590e+02  2.12190430e+02  4.51720868e+02  2.30857757e+02
  -1.49390551e-02]
 [ 5.03432678e+02  1.28231079e+02  5.81661194e+02  1.38154541e+02
  -1.35790530e-01]
 [ 4.13609972e+02  4.58204922e+01  4.95860304e+02  1.39303531e+02
   2.58799258e-01]
 [ 2.46328635e+00  9.78474119e+01  6.99643874e+01  1.54755707e+02
   2.19504198e-01]
 [ 5.18133144e+02  1.04807512e+02  5.97278478e+02  1.27212156e+02
  -5.68632221e-02]]