[[ 1.36003514e+02  2.33328461e+02  1.99021175e+02  2.54944091e+02
  -3.37146829e-02]
 [ 1.40075882e+02  1.25657654e+02  2.22638412e+02  1.72794373e+02
   1.85230271e-01]
 [ 2.27144158e+01  7.87998199e+00  9.34386756e+01  4.09826164e+01
   2.75100323e-04]
 [ 2.84142212e+02  3.26240082e+02  3.51707642e+02  3.40415131e+02
   6.49469664e-02]
 [ 1.52992959e+02  8.68159484e+01  2.08648520e+02  1.10956726e+02
   5.76646772e-03]
 [ 2.11649045e+02  3.28854889e+02  2.84955386e+02  3.43969879e+02
   5.90272304e-02]]