[[ 8.97810297e+00  2.29862274e+02  5.51053168e+01  2.57802277e+02
   2.88626247e-02]
 [ 3.72355682e+02  1.17675720e+02  5.51982434e+02  1.00764478e+02
  -6.08856356e-01]
 [ 5.18092759e+02  4.19727662e+01  5.92710220e+02  7.24453399e+01
  -8.79604820e-01]
 [ 4.66337013e+00  2.87199955e+01  5.87344818e+01  3.79281540e+01
  -3.62953079e-01]
 [ 6.07511447e+01  3.22543762e+02  1.29849346e+02  3.35627991e+02
  -1.77214313e-02]
 [ 3.08519325e+01  3.56288269e+02  1.58820587e+02  3.78330994e+02
  -1.59875031e-02]
 [ 3.36289551e+02  2.94838379e+02  5.29541016e+02  3.64568909e+02
  -7.83554636e-03]
 [ 3.50344429e+01  9.38818359e+01  9.08330536e+01  1.09966690e+02
  -2.59850712e-01]
 [ 2.28327670e+01  2.99691802e+02  6.12937189e+01  3.31185945e+02
   9.64410118e-02]
 [ 4.11423333e+02  3.66043823e+02  5.25408821e+02  4.03508851e+02
   7.57737681e-02]]