[[ 1.55493301e+02  6.28649902e+00  2.13401352e+02  3.36159973e+01
   3.34637844e-02]
 [ 3.48592590e+02  3.09947357e+02  5.30008423e+02  3.77514313e+02
  -3.91063930e-02]
 [ 2.32433395e+02  2.75646057e+02  3.52673401e+02  3.12153870e+02
  -3.37960420e-02]
 [ 3.68396353e+02  2.82200776e+02  4.57064462e+02  3.07645355e+02
  -6.51209087e-02]
 [ 4.67912415e+02  2.80270599e+02  5.32933228e+02  3.18076202e+02
   1.84663184e-01]
 [ 5.31523217e+02  2.81858339e+02  5.77577858e+02  3.04550170e+02
  -3.37957633e-02]]