[[ 1.20698968e+01  2.41978478e+02  1.29889333e+02  3.46746254e+02
   3.52975180e-01]
 [ 2.01249084e+02  2.80498993e+02  2.98997498e+02  4.20330658e+02
   4.45787191e-01]
 [ 5.23418091e+02  1.41097717e+01  5.77624390e+02  3.63817406e+01
   4.87586233e-03]
 [ 5.18008423e+02  5.58578415e+01  5.74813110e+02  7.18501511e+01
   1.23539682e-02]
 [ 3.04468120e+02  7.38707216e+00  3.44208760e+02  2.64676265e+01
  -3.65190321e-03]
 [ 2.07376885e+02  8.43124006e+01  2.53639655e+02  1.09878319e+02
   3.00610121e-02]
 [ 1.09192046e+02  5.90306777e+01  1.64031106e+02  8.79202507e+01
   8.28347538e-02]
 [ 4.95843246e+02  2.79662201e+01  5.83695068e+02  5.93260612e+01
   5.13582667e-02]
 [ 1.73150006e+02  6.24294509e+01  2.18108752e+02  8.46351090e+01
   2.36630893e-02]
 [ 2.33079880e+02  6.42690582e+01  2.57896078e+02  8.54511262e+01
  -7.83889580e-03]
 [ 2.73730682e+02  6.46259003e+01  3.17097015e+02  8.76116791e+01
   3.00608545e-02]
 [ 7.80596161e+00  1.56454506e+01  7.59087906e+01  3.79164696e+01
  -8.05369715e-02]]