[[ 2.61977875e+02  3.75370422e+02  2.72019623e+02  4.05046082e+02
   5.86250898e-01]
 [ 2.62305053e+01  1.99140256e+02  3.32321641e+01  2.87917864e+02
   1.01126116e+00]
 [ 6.36167145e+01  2.82435211e+02  5.32575531e+01  3.32289703e+02
   8.51530812e-01]
 [ 2.81250656e+02  8.85743986e+01  3.63078690e+02  1.32169666e+02
   2.08631972e-01]
 [ 4.52356232e+02  1.55097762e+02  5.47044922e+02  1.99812119e+02
  -1.44118504e-02]
 [ 4.89063223e+02  1.24719150e+02  5.45548136e+02  1.44778653e+02
  -7.02959239e-02]
 [ 4.90951043e+02  1.46541870e+02  5.53175056e+02  1.62361267e+02
  -4.02454580e-02]]