[[ 1.94810653e+01  1.33393168e+01  1.46293997e+02  3.88378339e+01
  -6.77563580e-02]
 [ 2.98638744e+01  6.37918739e+01  5.03407135e+01  9.05797424e+01
  -2.08924264e-01]
 [ 6.57725220e+01  6.00287018e+01  1.11429077e+02  8.61848297e+01
  -7.18199385e-02]
 [ 1.25558670e+02  6.44254303e+01  1.53787277e+02  8.31374359e+01
  -7.18192267e-02]
 [ 3.86450251e+01  1.16633972e+02  1.04866663e+02  1.40017486e+02
  -1.15480423e-01]
 [ 5.32048874e+01  1.73881592e+02  1.15297966e+02  1.93405823e+02
  -1.90157681e-01]
 [ 2.89187805e+02  9.02547607e+01  4.01305054e+02  1.43649017e+02
   2.08632270e-01]
 [ 2.51053864e+02  3.69472198e+02  2.71608311e+02  4.02944979e+02
   5.58869964e-01]
 [ 3.24632935e+02  1.24740295e+02  3.57672058e+02  1.48630981e+02
   2.68719848e-01]
 [ 3.70356405e+02  1.35718015e+02  4.32312785e+02  1.68918551e+02
   2.46865124e-01]]