[[ 3.54846680e+02  1.25400024e+02  3.82865784e+02  1.61074829e+02
   3.08381228e-01]
 [ 3.56364532e+02  1.26993494e+01  4.19882660e+02  2.29286346e+01
  -6.25382523e-02]
 [ 7.81689835e+00  2.45408020e+02  3.98659401e+01  2.60892059e+02
   5.30651874e-02]
 [ 4.49911118e+00  2.70947449e+02  6.02432899e+01  2.87816833e+02
   3.38267850e-02]
 [ 3.28606796e+00  2.89913696e+02  1.60228863e+01  3.07287720e+02
   1.49997365e-01]
 [ 2.52191772e+01  2.91331238e+02  4.86870117e+01  3.05663574e+02
   1.88513261e-02]
 [ 2.35630378e+01  1.53564956e+02  6.51243591e+01  1.75759965e+02
   1.16809541e-01]
 [ 8.17393494e+01  1.63667130e+02  1.74608307e+02  1.91690781e+02
   5.29100100e-02]]