[[ 5.17752371e+02  3.20116217e+02  5.69362131e+02  3.21361811e+02
  -5.42275936e-01]
 [ 1.49093264e+01  4.32794739e+02  5.12141630e+01  4.58137146e+02
  -1.23974463e-01]
 [ 3.95515752e+02  2.81833518e+02  4.51477046e+02  3.59043008e+02
   3.31834479e-01]
 [ 3.15934355e+02  4.00992546e+01  5.10989595e+02  6.21309395e+01
   1.12807573e-02]
 [ 3.36918488e+02  7.65748062e+01  4.03339569e+02  8.97437363e+01
   2.86566878e-02]
 [ 4.31488462e+02  7.55050735e+01  5.01622988e+02  9.25610123e+01
   2.38599585e-02]
 [ 2.71124821e+01  4.13168976e+02  7.22456436e+01  4.36601593e+02
  -6.62184442e-02]]