[[ 2.89558165e+01  9.68790817e+00  1.00873729e+02  2.67662086e+01
   4.71541489e-05]
 [ 1.12689957e+02  9.68888474e+00  1.68321243e+02  2.24704285e+01
   2.30523818e-04]
 [ 2.58293877e+01  3.10986290e+01  7.21120204e+01  4.43671379e+01
   5.45711847e-04]
 [ 8.38567047e+01  3.46244774e+01  1.33715698e+02  4.79831734e+01
   4.05763472e-04]
 [ 1.52961411e+02  2.96551170e+01  1.63168564e+02  4.59038200e+01
   1.23440335e-01]
 [ 1.76698656e+02  3.11498146e+01  2.05357222e+02  4.44398689e+01
   5.46139125e-04]
 [ 2.14067245e+02  3.45572174e+02  2.39965378e+02  3.61345123e+02
  -2.06450199e-01]
 [ 3.38984955e+02  3.00570435e+02  4.18597076e+02  3.03865540e+02
  -1.18734459e-01]
 [ 3.41331584e+02  3.20639407e+02  4.05866048e+02  3.24372984e+02
  -1.11484747e-01]
 [ 5.18321741e+02  9.27313975e+00  5.98316443e+02  2.50161097e+01
   5.55933141e-03]
 [ 5.20721213e+02  3.83928446e+01  5.81481668e+02  5.97439809e+01
   1.31930261e-02]
 [ 3.27563651e+02  1.10002239e+02  3.57989388e+02  1.47563931e+02
   4.62509275e-01]
 [ 3.13528687e+02  1.40685135e+02  3.43154175e+02  1.74071060e+02
   4.63510558e-01]
 [ 1.94985382e+02  4.05772400e+00  3.36079987e+02  5.01495819e+01
   5.34104948e-02]
 [ 2.09798904e+02  3.55502743e+02  2.58428650e+02  3.72321472e+02
  -2.10833082e-01]]