[[ 1.64002550e+00  2.46149845e+01  9.72618796e+01  4.50670012e+01
  -1.65426355e-02]
 [ 3.72087466e+00  3.50961852e+02  8.82218475e+01  3.63347107e+02
  -1.27336692e-01]
 [ 1.40334198e+02  4.19313965e+02  1.58501465e+02  4.50189331e+02
   1.28250705e-01]
 [ 1.72717316e+02  4.23114410e+02  2.01981934e+02  4.47995697e+02
   1.96993476e-02]
 [ 2.15666351e+02  4.22906311e+02  2.41611359e+02  4.49885254e+02
   8.67109483e-02]
 [ 2.92961917e+02  3.92406342e+02  4.77301632e+02  4.12874847e+02
  -1.06440609e-02]
 [ 4.96388335e+02  3.88571928e+02  5.65231905e+02  4.15333712e+02
   7.54481208e-02]
 [ 5.98066940e+01  2.04902283e+02  1.04816658e+02  2.65808655e+02
   3.95174104e-01]
 [ 8.67849231e+00  7.10985929e+00  7.93748887e+01  2.68123780e+01
   3.55868965e-02]]