[[4.85758118e+02 2.55394196e+02 5.34825806e+02 3.03644135e+02
  4.47712124e-01]
 [4.76735681e+02 2.94920027e+02 5.22905651e+02 3.44255316e+02
  4.47610217e-01]
 [5.55933594e+02 1.97957474e+02 5.84480347e+02 2.20868118e+02
  2.73338049e-01]
 [5.61804822e+02 2.21470537e+02 5.95513294e+02 2.45141188e+02
  2.69095310e-01]
 [5.50790161e+02 9.06037140e+01 5.77950317e+02 1.27602219e+02
  6.63879186e-01]
 [5.43321523e+02 1.07533912e+02 5.84967296e+02 1.55291039e+02
  6.65629173e-01]
 [5.36339600e+02 1.24040253e+02 5.69260986e+02 1.63773834e+02
  6.67270368e-01]
 [5.30492554e+02 1.39929733e+02 5.76029785e+02 1.95108200e+02
  6.67801647e-01]
 [4.70605490e+02 2.74592694e+02 5.26363627e+02 3.15821735e+02
  4.27509766e-01]
 [5.44869812e+02 3.09408417e+02 5.85137634e+02 3.44040802e+02
  4.47626140e-01]]