[[ 1.36452493e+02  2.76799043e+01  3.47877387e+02  4.91248308e+01
  -1.96005974e-01]
 [ 2.18930049e+02  1.32006637e+02  2.91058599e+02  1.54815293e+02
   1.59684145e-01]
 [ 1.39129303e+02  1.35750351e+02  3.27781830e+02  1.85346573e+02
   1.83919577e-01]
 [ 1.72328613e+02  1.60682404e+02  2.64620178e+02  1.92858734e+02
   1.89956250e-01]
 [ 3.35511169e+02  4.21035339e+02  3.83032166e+02  4.38117615e+02
  -7.21536329e-03]
 [ 1.67255646e+02  1.92448700e+02  2.35275299e+02  2.27706268e+02
   2.03958386e-01]
 [ 2.61906799e+02  2.03561005e+02  4.49051392e+02  2.69892975e+02
   2.15863394e-01]
 [ 1.98712040e+02  2.20131486e+02  3.36743591e+02  2.92136017e+02
   2.46975313e-01]]