[[-5.82746939e+00  2.01193695e+01  2.52241319e+02  8.17690888e+01
   1.69289225e-02]
 [ 5.09613922e+02  2.14159302e+02  5.67737915e+02  2.38424927e+02
  -1.34181147e-02]
 [ 3.27968506e+02  1.34184082e+02  3.85463989e+02  1.75769470e+02
   1.02846819e-01]
 [ 3.28916354e+02  1.81597205e+02  3.57977934e+02  2.18082757e+02
   9.48217346e-02]
 [ 3.76741486e+02  1.84715195e+02  4.22204010e+02  2.19563339e+02
   1.66821961e-01]
 [ 1.16807197e+02  2.07200607e+02  2.23433106e+02  2.18312485e+02
  -3.03075786e-02]
 [ 9.74063644e+01  2.27098999e+02  1.76624054e+02  2.41327545e+02
  -1.60777492e-02]
 [ 5.17197144e+02  1.94606384e+02  5.85655151e+02  2.09900391e+02
  -3.90157378e-02]
 [ 3.40010742e+02  2.04551361e+02  4.41965454e+02  2.46727142e+02
   2.82355008e-02]]