[[4.03942713e+02 1.47110014e+02 4.33469457e+02 2.10659975e+02
  4.25664687e-01]
 [1.35887451e+01 4.14630402e+02 1.03484612e+02 4.40315643e+02
  3.75469682e-03]
 [4.25420165e+02 1.11389770e+01 5.26808717e+02 4.35691300e+01
  1.52222382e-02]
 [4.26387320e+02 5.56431043e+01 5.61295288e+02 9.19783401e+01
  3.23004659e-02]
 [3.58054055e+02 3.57890195e+02 4.41943137e+02 4.24754276e+02
  1.38879905e-01]
 [4.52387665e+02 1.47158020e+02 4.85434967e+02 2.11158051e+02
  4.36648535e-01]
 [1.12091673e+02 3.88622284e+02 1.76752207e+02 4.15242950e+02
  3.75391549e-03]
 [1.14903213e+02 4.34931152e+02 1.82503708e+02 4.51629272e+02
  7.47447183e-04]
 [3.63362834e+02 4.14714199e+02 4.28752278e+02 4.61669774e+02
  2.16912366e-01]]