[[2.38379495e+02 9.75318424e+01 2.45175900e+02 1.53158382e+02
  6.24319846e-01]
 [2.91723892e+02 1.18169504e+02 2.89487595e+02 1.61168905e+02
  6.20118600e-01]
 [3.55000397e+02 9.53285980e+00 4.56729828e+02 5.58680344e+01
  1.28131286e-02]
 [4.87520820e+02 6.84858137e+01 4.85869195e+02 1.48261806e+02
  5.69373992e-01]
 [5.41094245e+02 9.53274433e+01 5.27004754e+02 1.44941386e+02
  5.78251036e-01]
 [1.38700812e+02 2.27178433e+02 2.37385727e+02 3.21939362e+02
  3.77241676e-01]
 [2.41545281e+02 6.35218341e+01 3.16001289e+02 1.15541505e+02
  1.82268637e-01]
 [4.48153992e+02 2.28813629e+01 5.30334536e+02 5.56013184e+01
  2.41217303e-02]]