[[ 3.33762573e+02  2.55544434e+01  4.17052979e+02  9.55841675e+01
   7.18211562e-02]
 [ 2.55498352e+01  2.99881378e+02  8.03658752e+01  3.30685822e+02
   1.59372511e-01]
 [ 2.11674458e+01  3.33349486e+02  8.20582967e+01  3.60020265e+02
   1.40392744e-01]
 [ 2.32230938e+02  4.04458191e+02  4.06555668e+02  4.67578247e+02
  -4.15501524e-02]
 [ 2.83572021e+02  7.95459747e+01  4.07123901e+02  2.04230484e+02
   1.30780445e-01]
 [ 3.84606788e+01  2.68795256e+02  1.15136504e+02  2.94164827e+02
   1.65895225e-01]]