[[ 7.51342010e+00  3.27982788e+02  8.13757248e+01  3.54189331e+02
   1.44145057e-01]
 [ 6.97045596e+00  3.49408599e+02  9.11654035e+01  3.74222321e+02
   1.40394405e-01]
 [ 4.85932287e+02  2.85673339e+02  5.27558619e+02  3.00519593e+02
   3.36076858e-02]
 [ 5.48009583e+02  2.84734589e+02  5.91487488e+02  2.98429840e+02
  -1.67733690e-02]
 [ 4.93460453e+02  3.07819887e+02  5.49553585e+02  3.18492308e+02
  -2.31684337e-02]
 [ 1.26521805e+02  2.00080139e+02  1.52428665e+02  2.52710205e+02
   2.64358254e-01]
 [ 4.45509211e+01  2.72653167e+02  1.00354150e+02  2.98638886e+02
   1.82523637e-01]
 [ 4.19998494e+01  2.95352935e+02  1.15291170e+02  3.22678621e+02
   1.77809730e-01]
 [ 4.00720444e+01  3.14775238e+02  1.19543068e+02  3.44778229e+02
   2.00628723e-01]]