[[ 5.12144653e+02  3.15243103e+02  6.02596558e+02  3.00538025e+02
  -4.92107906e-01]
 [ 3.50807831e+02  3.13075775e+02  4.66099884e+02  3.63857025e+02
   4.88045847e-02]
 [ 3.02727356e+02  2.03577805e+00  5.50856079e+02  4.29745331e+01
   1.29909002e-02]
 [ 2.84487652e+02  6.34785531e+01  4.76578632e+02  1.22599023e+02
   3.83190539e-02]
 [ 5.52638672e+02  3.26499054e+02  6.00144775e+02  3.17569183e+02
  -6.41847179e-01]
 [ 3.13725922e+02  2.78233643e+02  4.19872894e+02  3.25204956e+02
   1.48252889e-01]
 [ 1.05011760e+02  1.08686254e+01  2.64918049e+02  4.10733378e+01
   1.36018209e-02]
 [ 2.27985815e+01  5.05849149e+01  2.70031237e+02  1.16855562e+02
   9.06726273e-02]]