[[ 2.56036476e+02  2.81482697e+02  3.12071923e+02  2.95387543e+02
  -7.00304119e-03]
 [ 1.61674637e+02  7.30282059e+01  2.40779617e+02  9.75423508e+01
   6.71443233e-02]
 [ 6.61118622e+01  2.46151871e+02  1.01985870e+02  1.69565720e+02
  -1.38647803e+00]
 [ 2.44616165e+01  3.65185455e+02  7.72420731e+01  3.81727997e+02
   2.89673374e-02]
 [ 9.08004654e+01  3.65496185e+02  1.15180400e+02  3.80104401e+02
  -1.97259167e-03]
 [ 4.72227203e+02  6.61981812e+01  4.86742645e+02  7.91750031e+01
  -1.92678935e-02]
 [ 5.04573436e+02  6.00097049e+01  5.45451192e+02  8.19913632e+01
  -1.69306418e-02]]