[[ 1.43763062e+02  2.94968109e+01  2.85687469e+02  7.48389893e+01
   6.83905459e-04]
 [ 3.38274109e+02  3.06555176e+01  3.80647339e+02  7.40387573e+01
   6.33090088e-03]
 [ 1.44520802e+02  1.10491371e+02  3.71619091e+02  1.73716644e+02
  -3.21725163e-03]
 [ 4.03443350e+02  3.37939697e+02  4.75504099e+02  3.73179078e+02
   4.11861500e-02]
 [ 3.43255692e+01  7.07253036e+01  5.31586227e+01  9.56780319e+01
  -1.50272000e-02]
 [ 7.74061844e+01  6.95511093e+01  1.44296300e+02  1.02083000e+02
   1.71037254e-03]
 [ 1.68895935e+02  7.72169910e+01  1.86334930e+02  9.72428173e+01
  -5.03737386e-03]
 [ 2.13511139e+02  7.73018417e+01  2.91777954e+02  1.02491432e+02
   1.90183144e-03]]