[[ 2.77018764e+02  3.70199006e+02  3.28350743e+02  3.97000457e+02
  -2.63281186e-02]
 [ 2.73358337e+02  4.19362701e+02  3.35374268e+02  4.47612091e+02
  -1.49205701e-03]
 [ 5.16042818e+02  4.01440883e+02  5.76516996e+02  4.30968541e+02
   1.61673401e-01]
 [ 1.36902603e+01  4.02908111e+02  1.15425720e+02  4.19758881e+02
   1.43131870e-02]
 [ 1.86190491e+01  4.32031281e+02  1.52371979e+02  4.48204132e+02
   2.33620232e-03]
 [-5.33306696e+00  1.79263688e+02  5.80165692e+01  1.89484725e+02
  -2.26928155e-01]
 [-2.69800415e+00  2.07473267e+02  7.64924797e+01  2.06098693e+02
  -2.75398425e-01]
 [ 4.02630194e+02  1.40715762e+02  3.95605707e+02  1.72956296e+02
   4.23977865e-01]
 [ 4.23334869e+02  1.48687362e+02  4.49510834e+02  1.95199326e+02
   4.33712080e-01]
 [ 2.14981140e+02  1.98910065e+01  2.52347321e+02  4.21043320e+01
   1.04599341e-02]
 [ 2.70715000e+02  2.01831891e+01  3.23155239e+02  4.28450397e+01
   1.04603674e-02]
 [ 2.51778809e+02  5.77091217e+01  3.11570251e+02  8.30991058e+01
   2.00486112e-02]
 [ 4.60515658e+02  2.58148469e+02  5.17181791e+02  2.73703582e+02
  -1.81259072e-02]
 [ 4.42251204e+02  2.92611847e+02  5.22481462e+02  3.08721161e+02
  -3.35491040e-03]
 [ 1.14836020e+02  3.72946014e+02  1.69127366e+02  4.07879791e+02
   7.21346185e-03]
 [ 4.17336823e+02  1.10037186e+02  4.46445404e+02  1.62179855e+02
   4.24317244e-01]
 [ 1.78551392e+02  3.65264282e+01  2.98879150e+02  7.02675781e+01
   5.23993558e-02]]