[[ 3.16541412e+02  3.10398926e+02  3.64084137e+02  3.58652161e+02
   4.28471218e-01]
 [ 2.82823847e+02  1.06914699e+02  3.84048101e+02  1.84819371e+02
   1.35293379e-01]
 [ 1.76103622e+02  4.29623032e+01  2.44209732e+02  6.95582352e+01
   4.31023426e-02]
 [ 1.36895215e+02  2.02686614e+02  1.74583483e+02  2.64788392e+02
   2.64211578e-01]
 [ 3.04278705e+02  3.48864882e+02  3.63573834e+02  4.00234178e+02
   3.83616618e-01]
 [ 3.09734070e+02  7.46460953e+01  3.94030334e+02  1.17465401e+02
   8.07877480e-02]
 [ 3.04766489e+02  1.68347440e+02  3.82063772e+02  2.10311709e+02
   1.30467956e-01]
 [ 2.53428338e+01  6.23805660e+01  1.64565430e+02  9.84803314e+01
  -3.73991336e-02]]