[[ 7.62604828e+01  2.30322968e+02  1.44953506e+02  2.67309723e+02
   1.40424235e-01]
 [ 1.73498366e+02  2.36766307e+02  1.71882829e+02  2.82463063e+02
   6.09707507e-01]
 [ 3.27090378e+01  2.71460236e+02  1.27717567e+02  3.16242767e+02
   8.30996937e-02]
 [ 9.27383867e+00  3.17242949e+02  3.55355557e+01  3.55701386e+02
   3.20677336e-01]
 [ 7.66775398e+01  3.21270807e+02  8.62901573e+01  3.91802191e+02
   5.93260282e-01]
 [ 1.81773762e+02  1.21184192e+02  2.95140392e+02  1.37612225e+02
  -2.66439756e-01]
 [ 2.43986167e+02  3.12028748e+02  4.22768762e+02  3.55993102e+02
  -3.76937370e-02]
 [ 4.64917824e+02  2.88434998e+02  5.28493370e+02  3.43133239e+02
  -2.29551209e-02]
 [ 2.85984222e+02  3.68550476e+02  3.68664703e+02  4.23674988e+02
  -1.53027850e-02]
 [ 4.08364868e+02  3.81768158e+02  5.85189575e+02  4.37487885e+02
  -9.74718111e-03]]