[[ 5.36282223e+02  9.59991741e+01  5.97162479e+02  1.54179873e+02
   4.84326540e-01]
 [ 4.07802612e+02  2.25974457e+02  4.51939209e+02  2.40433777e+02
  -2.44444008e-02]
 [ 4.05943512e+02  2.47546417e+02  4.36539398e+02  2.65310516e+02
   6.97558693e-02]
 [ 7.05463536e+01  1.56171202e+01  1.85818271e+02  6.16903529e+01
  -1.61920039e-01]
 [ 2.60098736e+02  3.04806209e+02  2.83983356e+02  3.25457035e+02
   2.05354878e-01]
 [ 3.04704956e+02  3.11627563e+02  3.08598083e+02  3.34920532e+02
   5.27819971e-01]
 [ 3.17324494e+01  1.90541715e+02  8.33039123e+01  2.48419924e+02
   5.97265549e-01]
 [ 3.42812164e+02  3.16315796e+02  3.42489594e+02  3.46347229e+02
   5.66500049e-01]
 [ 3.60550650e+02  3.25729636e+02  3.86500742e+02  3.49357583e+02
   2.05351647e-01]
 [ 4.16897736e+01  1.81592896e+02  8.27306366e+01  2.18445007e+02
   5.25319778e-01]]