[[ 2.13080231e+02  1.14889107e+02  3.02554718e+02  1.27049080e+02
  -2.93253393e-01]
 [ 1.03257889e+02  1.64779556e+02  1.83733505e+02  1.81476669e+02
   6.97205974e-02]
 [ 9.20103257e+01  1.81859253e+02  1.63734669e+02  2.00354554e+02
   6.54440826e-02]
 [ 8.57262115e+01  2.44448273e+02  7.08807526e+01  3.64207550e+02
   6.82197280e-01]
 [ 1.50413452e+02  1.28213531e+02  1.72458282e+02  1.37647186e+02
  -5.55548679e-01]
 [ 1.84071091e+02  1.16876099e+02  2.29741287e+02  1.22015579e+02
  -2.66397986e-01]
 [ 2.39644272e+02  1.01531464e+02  2.72797372e+02  1.10266252e+02
  -2.66399204e-01]
 [ 9.81829224e+01  2.33566193e+02  1.84542816e+02  2.84759979e+02
   1.80048421e-01]]