[[ 5.33682815e+02  8.51903991e+01  5.69918137e+02  1.09245865e+02
  -1.62272030e-01]
 [ 4.96117535e+02  1.45192086e+02  5.71192035e+02  1.32473899e+02
  -4.29818358e-01]
 [ 4.99051050e+02  1.77993503e+02  5.72976080e+02  1.51273708e+02
  -5.55173778e-01]
 [ 5.82955139e+02  1.25865372e+02  5.86384094e+02  1.45541000e+02
  -1.86245232e-02]
 [ 3.31227112e+00  2.83593536e+02  8.28551407e+01  3.07641144e+02
   3.95432404e-02]
 [ 3.46119324e+02  1.45194977e+02  3.99510925e+02  1.84733429e+02
   2.73631194e-01]
 [ 4.59832947e+02  2.06461594e+02  5.80577209e+02  1.77283218e+02
  -5.20907565e-01]]