[[ 1.06673996e+02  4.01739578e+01  2.50767136e+02  1.08044029e+02
  -9.94134979e-04]
 [ 2.95894344e+02  3.84694291e+01  3.75017887e+02  1.09198814e+02
  -1.14943257e-02]
 [ 2.69743771e+02  3.93012482e+02  5.67952762e+02  4.75588715e+02
  -9.01807712e-04]
 [ 2.62707544e+02  1.73494968e+01  3.16927099e+02  3.80690231e+01
  -9.23016306e-04]
 [ 3.42430054e+02  1.63886013e+01  4.48406433e+02  3.88907242e+01
  -9.58582037e-04]
 [ 4.76101868e+02  1.88377037e+01  5.81539246e+02  3.78247566e+01
  -1.89863426e-02]
 [ 1.13253021e+02  3.95675293e+02  2.71258820e+02  4.43530518e+02
  -1.29385881e-02]]