[[ 5.05296997e+02  2.05601410e+02  5.78593140e+02  2.42815308e+02
   5.85152711e-02]
 [ 4.14162486e+01  3.15143452e+01  1.58303501e+02  5.22990875e+01
  -1.43772739e-03]
 [ 1.78717377e+02  2.64323006e+01  1.99744080e+02  4.69841423e+01
   2.52036889e-02]
 [ 2.22449130e+02  2.64845199e+01  2.46822690e+02  4.65467759e+01
   7.97011465e-03]
 [ 4.13886962e+01  5.72754288e+01  1.36826239e+02  7.73337631e+01
  -3.27811392e-03]
 [ 1.61247864e+02  1.94902379e+02  2.21098022e+02  2.00441524e+02
  -2.92253708e-01]
 [ 3.75782684e+02  1.68863571e+02  4.10493683e+02  1.54237869e+02
  -7.74856625e-01]
 [ 4.83490722e+02  3.17376007e+02  5.44105591e+02  3.50283661e+02
   1.29818154e-01]
 [ 4.82041872e+02  3.64342488e+02  5.15488096e+02  4.04762675e+02
   4.97266558e-02]
 [ 3.67305176e+02  6.09041739e+00  5.68422119e+02  5.69177055e+01
  -2.50395421e-03]]