[[ 3.07728011e+02  3.23587716e+02  4.46169450e+02  3.02910758e+02
  -4.90235601e-01]
 [ 4.45815857e+02  2.58357819e+02  5.97183533e+02  2.17856384e+02
  -5.03457510e-01]
 [ 6.57921239e+01  3.16603261e+01  1.55754538e+02  5.33449706e+01
  -2.27405377e-02]
 [ 7.03965046e+01  7.10233232e+01  1.31772830e+02  1.00918495e+02
  -4.30771156e-02]
 [ 7.85750885e+01  1.18450699e+02  1.90278854e+02  1.42445755e+02
  -6.25868384e-02]
 [ 3.67713441e+02  5.99701473e+00  3.98267638e+02  2.61098039e+01
  -7.25348241e-03]
 [ 5.44313996e+02  2.61064989e+02  5.98098968e+02  2.61716932e+02
  -5.19696918e-01]
 [ 8.46672321e+00  5.20601616e+01  9.76929169e+01  7.53529358e+01
  -3.15596510e-02]
 [ 1.69268620e+01  1.01252007e+02  1.04114917e+02  1.21932228e+02
  -5.15372841e-02]]