[[ 2.34731560e+01  3.02789063e+02  1.10302872e+02  3.29650085e+02
  -3.14645926e-02]
 [ 1.76698563e+02  3.14470886e+02  2.01416306e+02  3.40399902e+02
   3.14086526e-01]
 [ 2.23864197e+02  3.29792084e+02  2.94916138e+02  3.70019867e+02
   3.14085974e-01]
 [ 4.75241455e+02  2.20735016e+02  5.57881226e+02  2.57969971e+02
   2.57577886e-01]
 [ 4.84167979e+02  2.48648088e+02  5.52147451e+02  2.85851485e+02
   2.62570549e-01]
 [ 5.00037269e+02  2.41522364e+02  5.98539001e+02  2.81241730e+02
   2.38268796e-01]]