[[ 3.34525024e+02  7.40995026e+00  5.61802307e+02  9.52381134e+01
   8.24819825e-02]
 [ 4.78238357e+02  1.34715960e+02  5.62063279e+02  1.62003309e+02
  -4.02456992e-02]
 [ 4.77558197e+02  1.85370850e+02  5.80302124e+02  2.11702789e+02
  -4.89019907e-03]
 [ 1.05160294e+02  3.50967102e+02  1.64293625e+02  3.68574951e+02
   3.06801716e-02]
 [ 1.05951635e+02  3.75741180e+02  1.71118746e+02  3.90774750e+02
   1.98850413e-02]
 [ 1.05542660e+02  3.97625641e+02  1.58835453e+02  4.09923431e+02
   5.08489001e-03]
 [ 2.11887955e+02  3.97989746e+02  2.36854691e+02  4.16052551e+02
   4.05119576e-03]
 [ 1.55843602e+00  4.73843958e+01  6.95531095e+01  6.71889227e+01
  -1.37373264e-01]
 [ 7.78010707e+01  3.90483589e+01  1.67470688e+02  5.67187309e+01
  -5.50206745e-02]
 [ 8.94857883e+00  8.27341461e+01  4.22423172e+01  1.02956039e+02
  -8.10237542e-02]
 [ 5.51180253e+01  7.99671101e+01  1.27761282e+02  9.60117870e+01
  -8.10235692e-02]
 [ 1.38067917e+02  7.25864105e+01  1.77687027e+02  9.19577484e+01
  -8.10238005e-02]
 [ 4.13523438e+02  8.85922156e+00  4.17123657e+02  2.95472764e+01
   1.23441936e-01]
 [ 4.34391479e+02  6.22715187e+00  4.93219360e+02  3.11044407e+01
   2.81140536e-02]
 [ 5.11605408e+02  8.20922852e+00  5.56724304e+02  3.28902969e+01
   2.81140510e-02]
 [ 2.99937106e+00  1.05182403e+02  1.56953085e+02  1.52501190e+02
   1.98582401e-02]]