[[ 3.27064655e+02  3.24185914e+02  3.86712506e+02  3.46842895e+02
  -5.52485280e-02]
 [ 1.64458557e+02  1.46018860e+02  2.75023712e+02  1.89043976e+02
   7.44363654e-02]
 [ 3.38659264e+02  1.93835600e+02  3.98083534e+02  2.24263582e+02
   2.62670790e-01]
 [ 3.40729998e+02  2.17435909e+02  3.96274641e+02  2.46326572e+02
   2.84102068e-01]
 [ 2.60608978e+02  2.03675751e+02  3.10603729e+02  2.47573486e+02
   3.13811492e-01]
 [ 2.92532561e+02  3.26987457e+02  3.32623994e+02  3.43191864e+02
   6.61711059e-03]]