[[ 1.98007926e+01  5.16366273e+01  1.95828098e+02  1.03466247e+02
  -2.07594324e-02]
 [ 2.96069702e+02  1.27082138e+01  3.47821411e+02  8.37722549e+01
   5.43275158e-01]
 [ 7.76617947e+01  1.94503769e+02  1.57969452e+02  2.10129379e+02
  -1.00594270e-02]
 [ 6.93149872e+01  1.05862770e+02  1.41745804e+02  1.22203865e+02
  -4.40246253e-02]
 [ 1.60929199e+02  9.88536606e+01  2.12714813e+02  1.15288643e+02
  -5.10713851e-02]
 [ 7.29412231e+01  1.34553055e+02  1.28908981e+02  1.50509354e+02
  -6.44030253e-02]
 [ 1.49574982e+02  1.34478531e+02  2.23005615e+02  1.48598953e+02
  -5.80147325e-02]]