[[ 4.83305847e+02  8.50890045e+01  5.73230044e+02  1.33360443e+02
   1.17230771e-01]
 [ 4.24750609e+02  1.36967048e+01  5.18200624e+02  5.61749001e+01
   7.13174507e-02]
 [ 2.73616394e+02  3.96002167e+02  3.28733215e+02  4.24477509e+02
  -1.17284062e-02]
 [ 6.60771942e+00  7.30608368e+00  6.82688675e+01  6.80577011e+01
   1.14418775e-01]
 [ 1.09468003e+02  7.77138542e+00  1.68641829e+02  8.97873609e+01
   1.53080266e-01]
 [ 1.04528984e+02  3.66045105e+02  1.01499565e+02  3.98833313e+02
   5.67243805e-01]
 [ 1.26767807e+02  3.73833588e+02  1.70812459e+02  4.07415437e+02
   2.00583780e-01]
 [ 1.86455610e+02  3.88779602e+02  2.26452623e+02  4.24725464e+02
   2.05051627e-01]
 [ 4.72803914e+02  7.95333076e+01  4.69041545e+02  1.32123644e+02
   5.56479979e-01]
 [ 3.37249808e+02  6.31823277e+00  4.15590768e+02  5.41489418e+01
   7.93412562e-02]]