[[ 5.12719543e+02  2.45096985e+02  5.70430481e+02  2.69868958e+02
   7.84790271e-02]
 [ 4.91107043e+02  2.74661193e+02  5.63080335e+02  2.98799196e+02
   1.03173062e-01]
 [ 4.89519714e+02  3.07848419e+02  5.14365417e+02  3.26135529e+02
   1.19580462e-01]
 [ 5.31197054e+02  3.15342312e+02  5.80271940e+02  3.39442600e+02
   1.13149215e-01]
 [ 4.87133923e+02  3.37887022e+02  5.12947285e+02  3.64950013e+02
   4.80969087e-02]
 [ 5.34170593e+02  3.48986664e+02  5.92485535e+02  3.75736481e+02
   1.29818035e-01]
 [ 5.07334534e+02  3.73621490e+02  5.61489714e+02  4.01167942e+02
   1.44037561e-01]
 [ 1.52842870e+02  1.90303060e+02  2.10781855e+02  2.00833109e+02
  -4.94321126e-01]
 [ 2.21343536e+02  1.65693756e+02  2.60653053e+02  1.92229158e+02
   2.63421609e-01]
 [ 1.12281419e+02  2.92028412e+02  2.85067511e+02  3.48736420e+02
   1.59486087e-02]
 [ 5.05713928e+02  1.50500092e+02  5.87832703e+02  1.76243103e+02
   4.16509093e-02]
 [ 5.06946960e+02  1.85018814e+02  5.93530212e+02  2.14298019e+02
   7.41481267e-02]
 [ 5.03734228e+02  2.18549330e+02  5.92455835e+02  2.51367479e+02
   6.64768978e-02]
 [ 2.13099006e+02  1.08975505e+02  2.76918877e+02  1.38213460e+02
   2.06595891e-01]
 [ 2.35896942e+02  1.35870895e+02  2.87276642e+02  1.62515427e+02
   1.94567047e-01]
 [ 6.25093489e+01  3.43810852e+02  1.67083779e+02  3.81064941e+02
   4.54694027e-03]
 [ 1.92830866e+02  3.47827514e+02  2.36846166e+02  3.78223023e+02
   3.08112681e-02]
 [ 2.64305388e+02  3.55773590e+02  3.08237275e+02  3.80982208e+02
   3.23450020e-02]]