[[1.05167114e+02 1.93979721e+01 2.73622864e+02 6.18446579e+01
  7.49826388e-03]
 [3.96520695e+02 3.35941859e+02 4.75029598e+02 3.79042210e+02
  1.69120452e-01]
 [5.49340271e+02 1.90642303e+02 5.93882385e+02 2.30708496e+02
  2.77854172e-01]
 [5.47021971e+02 2.35593947e+02 5.86297365e+02 2.74800858e+02
  2.50938296e-01]
 [1.75787262e+02 6.68199005e+01 3.10421661e+02 9.96965485e+01
  3.44969500e-02]
 [3.76932037e+02 3.79909393e+02 4.43559357e+02 4.15808624e+02
  1.21635926e-01]
 [5.11522888e+02 3.62234344e+02 5.68029114e+02 3.89583832e+02
  2.59939410e-02]
 [5.16960868e+02 3.94750212e+02 5.81565613e+02 4.38465240e+02
  1.97830770e-01]]