[[ 9.23459469e+00  1.50890273e+02  1.16044488e+02  1.94198900e+02
   1.62783241e-01]
 [ 4.97419372e+02  2.52812805e+02  5.72012635e+02  2.89069092e+02
   2.38532608e-01]
 [ 3.32028381e+02  1.21462067e+02  4.28692566e+02  1.77990021e+02
   3.33232102e-01]
 [ 3.04308461e+02  1.44167965e+02  4.36321422e+02  2.20721226e+02
   3.68479215e-01]
 [ 3.64290156e+02  2.91043605e+02  4.27341069e+02  3.71257848e+02
   7.62874626e-01]
 [ 3.22943878e+00  1.12561211e+02  9.63948135e+01  1.20138176e+02
  -2.52245547e-02]
 [ 9.88726196e+01  1.10399590e+02  1.85762451e+02  1.18337120e+02
  -2.09950375e-02]
 [ 2.00052170e+02  1.07667809e+02  3.03673096e+02  1.15861183e+02
  -2.09952357e-02]
 [ 3.24161987e+02  1.04297325e+02  4.20986938e+02  1.13397789e+02
  -2.09952899e-02]
 [ 2.81570200e+02  1.25862404e+02  3.58499869e+02  1.65194725e+02
   3.23734295e-01]
 [ 1.21905530e+02  3.82064575e+02  1.45156733e+02  3.97479005e+02
   8.38202498e-02]
 [ 1.56664307e+02  3.84582733e+02  2.57822795e+02  4.06944917e+02
   8.38200162e-02]]