[[ 4.66108183e+02  4.16591213e+01  5.62094332e+02  1.08160947e+02
   1.53455036e-01]
 [ 4.67654114e+02  1.23274597e+02  5.60565247e+02  1.69439423e+02
   4.99482199e-02]
 [ 2.36497213e+02  1.72083906e+01  2.87937220e+02  4.28115488e+01
  -5.20906841e-02]
 [ 3.46667328e+02  2.29440346e+01  4.59429169e+02  4.66709557e+01
  -6.67529678e-02]
 [ 3.52678391e+02  7.47732716e+01  4.63016067e+02  1.02978010e+02
  -1.31566225e-01]
 [ 6.31383089e+01  4.65198439e+01  1.30075012e+02  6.58671036e+01
  -4.44332378e-02]
 [ 1.46576828e+02  3.82116890e+01  1.98512283e+02  5.52392464e+01
  -3.96539219e-02]
 [ 9.66492690e+01  2.28608536e+02  1.58029724e+02  2.51695023e+02
  -5.64124284e-03]]