[[ 1.09801834e+02  1.49254227e+00  2.49283615e+02  5.36562691e+01
   1.11376203e-01]
 [ 5.00718262e+02  1.64358864e+01  5.61231567e+02  3.04522781e+01
   3.76541163e-03]
 [ 1.66830338e+02  1.29685333e+02  2.08937149e+02  1.78930511e+02
   5.52944107e-01]
 [ 4.36718108e+02  3.83305550e+01  4.80629365e+02  5.23884315e+01
  -4.95040119e-02]
 [ 2.62826412e+02  8.83219909e+00  3.83391545e+02  3.47459793e+01
   4.05717789e-04]
 [ 4.52155273e+02  5.56096344e+01  4.72126099e+02  7.11895294e+01
  -2.43590990e-02]
 [ 4.87539551e+02  5.87335510e+01  5.01601868e+02  7.06111603e+01
  -2.31889620e-02]]