[[ 5.51547302e+02  2.41161041e+01  5.54829529e+02  1.41318100e+02
   5.66331058e-01]
 [ 2.00406250e+02  8.97709808e+01  1.96505859e+02  1.17684311e+02
   6.38737809e-01]
 [ 2.22400358e+02  9.15124353e+01  2.67058092e+02  1.32203679e+02
   2.45680107e-01]
 [ 5.05563841e+01  3.63813962e+02  1.87006940e+02  4.50639102e+02
   2.32342197e-01]
 [ 4.56394955e+02  9.65356439e+01  5.13755981e+02  1.44926132e+02
   1.93447503e-01]
 [ 2.79898224e+02 -1.99654465e+01  2.59456512e+02  1.24611229e+02
   6.25550068e-01]]