[[5.50360314e+01 3.09651488e+02 1.52291731e+02 3.83947023e+02
  9.00210622e-02]
 [2.06566437e+02 3.08875671e+02 3.52947968e+02 4.02059326e+02
  9.00213783e-02]
 [2.86662596e+02 2.70280090e+02 3.06544069e+02 2.87255981e+02
  3.41455060e-02]
 [3.24085498e+02 2.69180572e+02 4.00624158e+02 2.89355377e+02
  1.27756602e-02]
 [4.18575806e+02 2.66260498e+02 5.39518494e+02 2.99941101e+02
  3.62866141e-02]
 [2.16829010e+02 2.91293182e+02 3.03544845e+02 3.18799164e+02
  3.79131095e-02]
 [3.22012024e+02 2.94863556e+02 3.88164062e+02 3.23549408e+02
  5.04358535e-02]
 [4.11892567e+02 3.00846282e+02 4.41015698e+02 3.24966279e+02
  4.98423692e-02]
 [4.65833603e+02 2.99343566e+02 5.88754684e+02 3.39083498e+02
  5.28285234e-02]]