[[ 3.59016541e+02  1.31757980e+02  3.97165894e+02  1.73703934e+02
   3.27535363e-01]
 [ 2.79627686e+02  1.48827209e+02  3.30179077e+02  1.63439514e+02
  -9.30211760e-02]
 [ 3.87069435e+01  2.45290924e+02  1.53135986e+02  2.73246124e+02
  -2.03801367e-02]
 [ 3.67847789e+02  3.31951232e+02  4.02328480e+02  3.58802552e+02
   5.19884689e-02]
 [ 3.66307007e+02  1.63077133e+02  4.09272278e+02  1.99994949e+02
   3.36073680e-01]
 [ 2.95989952e+02  1.83052323e+02  3.58952980e+02  1.97655105e+02
  -1.11077515e-01]
 [ 4.24566034e+00  2.13853272e+02  8.52511773e+01  2.40912872e+02
  -2.66575393e-02]]