[[ 3.58701874e+02  1.89515972e+01  4.46666290e+02  3.17502537e+01
  -2.21932061e-02]
 [ 4.65982337e+02  2.04206434e+01  4.93114099e+02  3.07192644e+01
  -2.21931874e-02]
 [ 5.11700775e+02  1.54755640e+01  5.73286743e+02  2.89396820e+01
  -2.21931477e-02]
 [ 2.74307343e+02  5.51270523e+01  3.46191315e+02  8.36859207e+01
  -5.58086813e-02]
 [ 3.70106888e+00  4.78264046e+00  7.37618408e+01  3.97436066e+01
  -1.79709721e-02]
 [ 7.90633361e+00  3.90310365e+01  9.86161769e+01  7.30679320e+01
  -3.41383471e-02]
 [ 1.19102463e+02  3.96983566e+01  1.69630630e+02  7.06426849e+01
  -3.41382424e-02]
 [ 4.68381119e+00  7.15515747e+01  2.92032776e+01  1.14406555e+02
   9.49485507e-03]
 [ 5.15063137e+01  7.11293951e+01  1.06471744e+02  1.08905578e+02
  -5.14682188e-02]
 [-6.22824043e-01  1.09757668e+02  5.55756423e+01  1.52449768e+02
  -4.93404904e-02]
 [ 9.98524704e+01  3.23513000e+02  2.11502747e+02  3.38455444e+02
  -4.38668710e-02]]