[[ 5.04622437e+02  1.09907516e+02  5.63751465e+02  1.00099274e+02
  -5.14545569e-01]
 [ 5.09751558e+02  1.44629793e+02  5.72309111e+02  1.35740660e+02
  -5.20064828e-01]
 [ 5.35832627e+02  1.63584206e+02  5.81836196e+02  1.56239280e+02
  -5.23595482e-01]
 [ 5.38722615e+02  1.91923746e+02  5.80944622e+02  1.85461997e+02
  -5.27479604e-01]
 [ 5.22592041e+02  2.27951447e+02  5.86508057e+02  2.14745850e+02
  -4.44984911e-01]
 [ 3.87869568e+02  8.48128738e+01  4.39002502e+02  8.10494308e+01
  -5.69004918e-01]
 [ 3.67402802e+01  1.95635696e+02  1.05637634e+02  2.43281021e+02
   1.28156104e-01]
 [ 1.30388411e+02  2.07287201e+02  2.06994897e+02  2.51504060e+02
   1.37193432e-01]
 [ 1.05246969e+02  2.75317745e+02  1.45606919e+02  3.11576300e+02
   3.92356795e-01]
 [ 4.24715925e+02  1.07464502e+02  6.09787157e+02  5.08382626e+01
  -5.11338127e-01]
 [ 4.39021332e+02  4.72060089e+01  4.61329254e+02  9.09642181e+01
   6.71817819e-02]
 [ 3.59180450e+02  2.54967896e+02  4.23116058e+02  2.69332275e+02
   1.36891689e-02]
 [ 2.21208954e+01  1.69350525e+02  1.34414337e+02  2.04868958e+02
   7.68867577e-02]]