[[ 1.18256218e+02  4.28969421e+02  1.79310828e+02  4.68079770e+02
  -4.74289285e-01]
 [ 2.12480133e+02  4.19598450e+02  2.36412506e+02  4.38628845e+02
  -1.75867974e-01]
 [ 2.47313445e+02  4.23431184e+02  2.87980378e+02  4.37063078e+02
  -4.78793170e-02]
 [ 2.44157379e+02  1.53940048e+02  2.84098358e+02  2.17146927e+02
   5.39585242e-01]
 [ 4.23343112e+02  3.39950989e+02  4.50274259e+02  3.56135070e+02
  -1.17833899e-02]
 [ 4.21992828e+02  3.19220978e+02  4.46672272e+02  3.39955231e+02
   4.78161042e-02]]