[[ 4.83162770e+02  3.03785978e+02  5.59673685e+02  3.43929422e+02
   2.15597566e-01]
 [-1.12926681e+01  3.27002080e+02  1.19543473e+02  3.33690059e+02
  -2.78890017e-01]
 [ 3.93538849e+02  1.76207180e+01  5.45836792e+02  8.82641754e+01
  -2.82779062e-03]
 [ 3.98323242e+02  1.37667603e+02  5.75908569e+02  2.23722931e+02
  -4.66855404e-03]
 [ 3.80950629e+02  3.24054420e+02  4.56369439e+02  3.32824608e+02
  -2.99144548e-01]
 [ 5.52354523e+02  3.07718503e+02  5.94785980e+02  3.27527835e+02
   1.11130758e-01]
 [ 9.12221078e+00  4.60349693e+01  2.26488159e+02  7.86152496e+01
  -1.20763599e-03]
 [ 6.80349859e+00  8.48817062e+01  9.91239955e+01  1.12263802e+02
  -2.64575214e-03]
 [ 1.22050690e+02  8.45767593e+01  1.99550354e+02  1.16752281e+02
  -2.64595013e-03]
 [ 2.25009918e+02  8.43045731e+01  2.64038940e+02  1.11564354e+02
  -3.66803544e-03]
 [ 2.83233352e+02  8.41502839e+01  3.45640671e+02  1.17206818e+02
  -2.64606778e-03]
 [ 3.69212406e+02  8.39227754e+01  4.08512631e+02  1.11034256e+02
  -3.66908122e-03]
 [ 4.43870544e+00  1.24469658e+02  2.15813217e+02  1.51755798e+02
  -4.11169818e-03]
 [ 2.26780228e+02  3.40689117e+02  3.18622498e+02  3.32294891e+02
  -3.60153365e-01]]