[[ 1.16557022e+02  7.92036438e+01  1.66686270e+02  1.14974412e+02
   1.31376094e-01]
 [ 4.30194916e+02  2.14813354e+02  4.98089264e+02  2.20064331e+02
  -1.92665741e-01]
 [ 1.61310333e+02  7.30203247e+00  2.11622589e+02  3.88255081e+01
   3.65101292e-01]
 [ 1.47510620e+02  2.53427010e+01  2.02767090e+02  5.93334541e+01
   3.57951313e-01]
 [ 2.19148596e+02  3.82781888e+02  2.81261118e+02  4.12091707e+02
   1.31378133e-01]
 [ 2.96077432e+02  3.94083341e+02  3.23283347e+02  4.14084688e+02
   9.96479631e-02]
 [ 3.66094727e+02  1.75224304e-01  5.95319580e+02  8.83261719e+01
   7.00913071e-02]
 [ 2.69824196e+02  4.05819852e+02  3.20214683e+02  4.30318698e+02
   1.29037750e-01]
 [ 4.85303212e+02  7.93727715e+01  5.98077160e+02  1.09708131e+02
   6.71396663e-02]
 [ 5.07518039e+02  1.18326703e+02  5.60007260e+02  1.66383292e+02
   1.10607496e-01]]