[[ 3.28861597e+02  2.58328858e+02  3.77186193e+02  2.72225281e+02
  -4.58244780e-02]
 [ 3.86102793e+02  2.55336473e+02  4.15097889e+02  2.70486693e+02
  -5.85748190e-02]
 [ 3.58336304e+02  1.15148590e+02  3.85494019e+02  1.45058655e+02
   3.15730410e-01]
 [ 3.53045349e+02  1.45170990e+02  3.70973450e+02  1.76051666e+02
   3.23860677e-01]
 [ 4.06818909e+02  6.89335785e+01  4.20665527e+02  1.01935760e+02
   5.17933923e-02]
 [ 4.21187012e+02  7.17098694e+01  4.70565857e+02  6.11508789e+01
  -6.17146985e-01]]