[[ 2.79782043e+02  3.94573364e+02  3.56854797e+02  4.33977478e+02
   1.37681168e-02]
 [ 3.44078432e+02  3.51084687e+02  4.07119810e+02  3.74252471e+02
  -3.30022486e-02]
 [ 2.24106415e+02  3.41224335e+02  2.58381805e+02  3.67028168e+02
   2.08373071e-01]
 [ 2.22570526e+02  3.70987061e+02  2.54219574e+02  3.96322266e+02
   1.44657441e-01]
 [ 4.10361834e+02  3.41153992e+02  4.52849469e+02  3.62976990e+02
   1.23050109e-02]
 [ 2.26260004e+02  4.01502899e+02  2.57141867e+02  4.32730012e+02
   6.97867095e-02]]