[[ 6.94657070e+00  6.21040266e+01  7.53124787e+01  9.91621785e+01
   2.62594331e-01]
 [ 3.03684488e+02  4.26502370e+01  4.14887716e+02  1.19184053e+02
   4.96199598e-02]
 [ 4.57796972e+02  4.36576746e+01  5.44972712e+02  1.25344281e+02
   8.11454105e-02]
 [ 9.00673752e+01  7.35858250e+00  1.81050110e+02  2.86031761e+01
  -5.10240754e-03]
 [ 8.96253052e+01  3.86607704e+01  1.68070007e+02  6.01499825e+01
  -9.47966001e-03]
 [ 8.95813423e+01  7.05028839e+01  1.18102862e+02  9.23377838e+01
   3.12066505e-03]
 [ 1.39865456e+02  7.00868608e+01  1.91174248e+02  9.17916793e+01
  -1.42095434e-02]
 [ 1.36189756e+02  1.77570357e+02  2.00423159e+02  2.25545427e+02
   5.05734135e-01]
 [ 1.24494858e+02  1.92819931e+02  1.68536001e+02  2.39926745e+02
   4.86837280e-01]
 [ 4.01961174e+02  1.53222961e+01  4.50148628e+02  4.19724809e+01
   1.09398671e-02]
 [ 4.70956029e+02  2.50834578e+01  5.63889826e+02  4.97385182e+01
   7.11544254e-03]
 [ 3.04572235e+01  2.84071121e+01  8.28273548e+01  5.13779526e+01
  -4.96671792e-03]]