[[ 4.04501877e+02  2.10154879e+02  4.91001663e+02  2.27402860e+02
  -1.72525875e-01]
 [ 4.08175696e+02  2.28985254e+02  3.80680384e+02  3.31810705e+02
   7.84750216e-01]
 [ 3.29171043e+01  5.15355653e+00  9.76038918e+01  7.52923282e+01
   1.25734341e-01]
 [ 1.34255326e+02  9.52235146e+00  1.71205184e+02  9.03104057e+01
   1.54068588e-01]
 [ 3.55921173e+02  9.54464056e+00  3.82001801e+02  5.27295217e+01
  -2.34707602e-03]
 [ 4.05479278e+02  7.17386625e+00  4.57901886e+02  5.89164353e+01
   6.67441695e-02]
 [ 3.41611908e+02  2.72218872e+02  3.63337555e+02  3.40304138e+02
   8.06201406e-01]
 [ 4.72757477e+02  6.95451202e+01  5.29290894e+02  8.63796234e+01
  -6.02179315e-02]
 [ 4.69970093e+02  9.31671448e+01  4.69820190e+02  1.32217285e+02
   5.57771751e-01]
 [ 4.84221130e+02  9.97396698e+01  5.72684401e+02  1.37815934e+02
   5.91268738e-02]]