[[ 1.90129149e+02  6.57110022e+00  4.40506792e+02  2.55110227e+01
   7.20878203e-03]
 [ 9.60205231e+01  2.87158661e+01  1.54148285e+02  4.72296600e+01
   1.00081147e-02]
 [ 1.87102020e+02  2.96274490e+01  3.11086975e+02  4.91898575e+01
   1.00083982e-02]
 [ 3.51239624e+02  3.08619385e+01  5.53170166e+02  5.31169052e+01
   1.20764881e-02]
 [ 3.44472198e+02  3.02929382e+02  4.77582062e+02  3.80798889e+02
   1.08044006e-01]
 [ 3.95633913e+02  4.19317230e+02  4.49525023e+02  4.51640411e+02
  -3.38705791e-04]
 [ 4.76193237e+02  4.23452972e+02  5.77818848e+02  4.57446136e+02
   6.99522079e-04]
 [ 1.74434404e+01  5.57061614e+01  5.26781244e+01  6.51626969e+01
   2.02163830e-02]
 [ 6.58308945e+01  5.29182510e+01  1.11121803e+02  6.65514374e+01
   2.33955731e-02]
 [ 1.26076508e+02  5.37566757e+01  2.25026154e+02  6.92167816e+01
   2.33955913e-02]
 [ 4.74994507e+02  3.74687714e+02  5.28235535e+02  3.87961823e+02
   2.49644748e-03]
 [ 4.84246483e+02  3.96518980e+02  5.97197761e+02  4.18881595e+02
   4.10555529e-02]
 [ 1.64283722e+02  3.66147644e+02  1.99887115e+02  3.90795654e+02
   3.18633544e-02]
 [ 2.20048520e+02  3.68387634e+02  2.66768176e+02  3.92927430e+02
   3.18627017e-02]]