[[ 4.62286530e+01  3.72451019e+02  1.43763184e+02  4.04912811e+02
   4.59627170e-03]
 [ 5.45445404e+01  4.20314880e+02  1.36376516e+02  4.49869141e+02
   8.89525083e-04]
 [ 5.13958898e+02  3.52441070e+02  5.88933070e+02  3.71889252e+02
   2.91013434e-02]
 [ 5.15308594e+02  3.76627136e+02  5.70530029e+02  3.96107788e+02
  -9.44125691e-03]
 [ 5.14547668e+02  4.02265778e+02  5.56064636e+02  4.16635712e+02
   4.27403696e-02]
 [ 5.16048069e+02  4.19552305e+02  5.93757107e+02  4.42335757e+02
   8.81524329e-02]
 [ 5.15207031e+02  2.00937119e+02  5.69205960e+02  2.44490440e+02
   2.65916860e-01]
 [ 4.31751264e+02  3.37467774e+00  5.70365112e+02  4.87923126e+01
   1.03079653e-01]
 [ 1.70871428e+02  1.85584411e+01  2.59535677e+02  4.66878052e+01
   1.15445260e-02]
 [ 1.58831469e+02  7.02299267e+01  3.31381849e+02  1.05211968e+02
   2.51803567e-02]
 [ 4.20061340e+02  1.42149384e+02  4.63931641e+02  2.00355103e+02
   4.31204711e-01]
 [ 4.78980050e+02  2.56722015e+02  5.27065186e+02  2.86430695e+02
  -1.85911276e-02]
 [ 4.80104492e+02  3.04293549e+02  5.27521606e+02  3.34380829e+02
   1.67287141e-03]
 [ 5.35900124e+02  2.26253259e+02  5.70041282e+02  2.59874884e+02
   2.57170196e-01]
 [ 5.34333836e+02  2.71007684e+02  5.75890530e+02  3.00276618e+02
   2.34483266e-01]
 [ 1.43890503e+02  4.53849030e+01  3.34218903e+02  7.61054230e+01
   1.10732729e-02]
 [ 4.44481297e+02  1.88499335e+02  4.43848903e+02  2.04533990e+02
   4.49686197e-01]
 [ 4.52946650e+02  1.92436782e+02  4.83745611e+02  2.14240983e+02
   1.02669107e-01]]