[[ 2.92732737e+02  3.81508392e+02  3.32073537e+02  4.03871979e+02
   3.60422128e-02]
 [ 3.10735096e+02  4.17920227e+02  3.52938427e+02  4.40222107e+02
   8.35544876e-04]
 [ 5.51611748e+01  1.12361595e+02  1.23447041e+02  1.68101479e+02
  -4.53614936e-01]
 [ 2.83943310e+01  3.86150694e+02  9.22405643e+01  4.25293398e+02
   2.28602228e-01]
 [ 1.12481522e+02  3.99417283e+02  1.18824403e+02  4.36653758e+02
   5.07269792e-01]
 [ 5.00354553e+02  8.78537216e+01  5.94200134e+02  1.24980110e+02
   4.56992392e-02]
 [ 3.54186063e+02  4.60374414e+00  4.60309055e+02  5.87895054e+01
   1.20886989e-01]
 [ 2.76424519e+02  4.00702484e+02  3.44331218e+02  4.24425690e+02
   3.64026149e-02]
 [ 1.75660736e+02  3.72942871e+02  2.40805298e+02  4.55605530e+02
   3.62183627e-01]
 [ 4.47395331e+02  7.88182303e+01  5.23378320e+02  1.09232703e+02
  -2.76810946e-02]]