[[ 4.99632360e+02  2.31195556e+02  5.63848963e+02  2.14138947e+02
  -5.29996785e-01]
 [ 1.39222655e+01  2.48662872e+02  3.73690391e+01  2.62608948e+02
   5.08591892e-02]
 [ 1.00455464e+01  2.72126251e+02  5.31229173e+01  2.86482452e+02
   3.30821431e-02]
 [ 3.59347221e+02  1.25153942e+01  4.37585030e+02  3.88514557e+01
  -1.40352223e-03]
 [ 3.24021968e+02  2.56729981e+02  4.18452214e+02  2.70332946e+02
  -6.71697383e-02]
 [ 4.42208309e+02  1.23931292e+02  5.24073856e+02  9.80918863e+01
  -5.11223811e-01]
 [ 5.31323695e+02  7.42573214e+01  5.89501867e+02  6.13888578e+01
  -5.11224993e-01]
 [ 4.47033203e+02  1.59659531e+02  5.60533142e+02  1.17228806e+02
  -5.16633114e-01]
 [ 4.57027030e+02  1.91736195e+02  5.65574166e+02  1.52938457e+02
  -4.97989850e-01]
 [ 4.66614136e+02  2.24869873e+02  5.67864502e+02  1.80550873e+02
  -5.25790564e-01]
 [ 1.42713855e+01  2.85442871e+02  8.20656173e+01  3.10429138e+02
   6.00446373e-02]]