[[ 3.98322937e+02  2.28595520e+02  5.05561218e+02  2.64301697e+02
   6.44489200e-02]
 [ 4.51807739e+02  3.65879272e+02  4.62862671e+02  3.83766235e+02
  -1.10279670e-01]
 [ 4.71771790e+02  3.65881989e+02  5.04146484e+02  3.83821014e+02
   1.32437778e-03]
 [ 3.54131513e+00  1.93608353e+02  7.98847560e+01  2.18650528e+02
  -3.08335041e-02]
 [ 9.03674662e+00  2.44210480e+02  1.00627766e+02  2.67371002e+02
  -4.64371317e-02]
 [ 7.60634155e+01  3.02225952e+02  1.51340256e+02  3.74334656e+02
   2.62041326e-01]
 [ 4.22669769e+02  2.07797729e+02  4.83627960e+02  2.31730042e+02
   6.21466129e-02]]