[[ 1.20670555e+02  3.08385773e+02  1.72719696e+02  3.21131927e+02
  -3.26658631e-02]
 [ 1.23363579e+02  3.22744783e+02  1.43954254e+02  3.36828825e+02
  -4.93019751e-02]
 [ 1.52922485e+02  3.21778809e+02  1.84363251e+02  3.34835083e+02
  -4.92998873e-02]
 [ 2.85338989e+02  3.54932800e+02  3.36181091e+02  3.79869385e+02
  -1.06418589e-03]
 [ 3.55479327e+02  3.54696350e+02  4.90620222e+02  3.79705139e+02
  -1.06337285e-03]
 [ 5.02978302e+02  3.55966339e+02  5.64122314e+02  3.79626923e+02
  -1.06454171e-03]
 [ 3.41364778e+01  2.69355225e+02  1.14967831e+02  2.78678405e+02
  -1.45782107e-01]
 [ 5.68366525e+01  2.95573396e+02  1.04007559e+02  3.03017303e+02
  -1.46161905e-01]
 [ 3.65814323e+01  2.46725922e+01  1.08598373e+02  4.56415710e+01
  -1.06501779e-02]
 [ 7.36551857e+00  5.68621826e+01  5.91364975e+01  7.35687256e+01
  -3.37401793e-02]
 [ 8.32028143e+01  5.46722452e+01  1.05224325e+02  7.20131224e+01
  -3.37402302e-02]
 [ 4.67657029e+00  9.06561432e+01  1.07387177e+02  1.05307892e+02
  -4.97644830e-02]]