[[ 1.21650879e+02  6.92620087e+00  5.54078491e+02  8.14497375e+01
   9.38364742e-03]
 [ 2.25725723e+02  1.79278775e+02  2.87290405e+02  2.27127997e+02
   2.10043560e-01]
 [ 1.25652542e+02  2.77909851e+02  2.14850479e+02  2.99714233e+02
   1.75875722e-02]
 [ 2.27045135e+02  2.79235199e+02  2.89950104e+02  3.01035248e+02
   1.75884400e-02]
 [ 3.03450745e+02  2.80448914e+02  3.72710999e+02  3.10397705e+02
   1.20754942e-02]
 [ 1.82772231e+02  3.05057708e+02  2.91471101e+02  3.28317535e+02
   2.48255325e-02]
 [ 6.68763733e+01  3.28942017e+02  1.65882175e+02  3.50729126e+02
   3.18358119e-02]
 [ 1.76294158e+02  3.31477965e+02  3.69940156e+02  3.57227723e+02
   3.18359536e-02]
 [ 3.85680600e+02  3.38766601e+02  4.16468936e+02  3.61689453e+02
   2.69257985e-02]
 [ 1.25753238e+02  3.53498747e+02  1.76342251e+02  3.80731783e+02
   1.35841319e-01]
 [ 1.86890915e+02  3.57925934e+02  2.08227341e+02  3.77116913e+02
   3.36196241e-02]
 [ 2.18465318e+02  3.57307891e+02  2.88113112e+02  3.82253938e+02
   6.83765011e-02]
 [ 3.00803497e+02  3.60798615e+02  3.10378632e+02  3.81064972e+02
  -4.63211132e-02]
 [ 3.23698197e+02  3.62526886e+02  3.66918013e+02  3.83250214e+02
   3.36179975e-02]
 [ 1.40473221e+02  3.80715393e+02  1.61470474e+02  3.99288269e+02
   4.52141676e-02]
 [ 1.70906158e+02  3.81851318e+02  2.10819733e+02  4.01521179e+02
   4.52147151e-02]
 [ 2.22539851e+02  3.88597503e+02  2.81164556e+02  4.04704010e+02
   4.15811828e-02]
 [ 2.94159215e+02  3.86826903e+02  3.66163112e+02  4.08549928e+02
   4.52157394e-02]
 [ 7.54063110e+00  6.95580823e+01  1.06084606e+02  1.20862023e+02
   9.45280467e-02]
 [ 3.67864899e+02  1.82935715e+02  4.16889618e+02  1.59577530e+02
  -7.52253895e-01]
 [ 2.29286194e+02  1.13418884e+02  2.88180176e+02  1.45607513e+02
   2.34466799e-01]
 [ 2.86000900e+01  3.69179016e+02  8.22105026e+01  3.95702087e+02
   4.52167400e-02]]