[[ 4.38874298e+02  7.41122732e+01  5.81938324e+02  1.36276582e+02
   3.01081854e-02]
 [ 4.73571014e+02  2.45574158e+02  4.93908356e+02  2.80902832e+02
   3.98886346e-01]
 [ 8.89908441e+01  3.75755730e+01  2.88402009e+02  5.75861396e+01
  -7.14414707e-02]
 [ 9.01432787e+01  2.16271927e+02  1.41775628e+02  2.37281906e+02
  -2.47429532e-03]
 [ 1.38215836e+02  2.66386017e+02  1.67761490e+02  2.91749725e+02
  -5.06242099e-02]
 [ 1.86796951e+02  2.71926020e+02  2.05104294e+02  2.90819036e+02
  -5.77028516e-02]
 [ 7.71137848e+01  1.62159176e+01  1.37083527e+02  3.20989532e+01
  -3.29724746e-02]
 [ 1.50990982e+02  1.79794445e+01  1.66822495e+02  3.11180286e+01
  -1.84792116e-01]
 [ 1.80017075e+02  1.36839981e+01  2.31871475e+02  2.89724388e+01
  -3.29724010e-02]]