[[ 3.33148003e+02  1.75551883e+02  3.83118172e+02  1.74321866e+02
  -3.82501156e-01]
 [ 3.34424419e+02  2.02738443e+02  3.82105611e+02  1.97497213e+02
  -4.48850370e-01]
 [ 3.36107300e+02  2.27788879e+02  3.77392822e+02  2.23451599e+02
  -4.73600423e-01]
 [ 3.37738312e+02  2.51501343e+02  3.77001251e+02  2.46211884e+02
  -4.96596017e-01]
 [-2.01982499e+00  3.53182915e+00  1.53015935e+02  1.09009370e+02
   1.77313119e-01]
 [ 4.81520538e+01  1.85392380e+02  9.28712616e+01  2.36383469e+02
   4.93517899e-01]]