[[ 2.17209614e+01  3.38563414e+02  8.98648845e+01  3.59654359e+02
   1.59004720e-01]
 [ 2.32883255e+02  4.14629089e+02  3.40523315e+02  4.38689819e+02
  -4.45148903e-02]
 [ 9.37534024e+01  2.21715234e+01  1.47732651e+02  8.02720039e+01
  -1.03893058e-01]
 [ 1.99782547e+02  3.45604324e+01  2.43353012e+02  7.73715744e+01
  -1.20919900e-01]
 [ 1.34517349e+02  1.98862793e+02  1.54972305e+02  2.53651947e+02
   2.64256412e-01]
 [ 3.20831522e+02  3.13845420e+02  3.63820761e+02  3.52699197e+02
   3.79543957e-01]
 [ 3.11843285e+02  3.41013730e+02  3.59459572e+02  3.78594363e+02
   3.81393100e-01]
 [ 7.31323471e+01  2.85623138e+02  1.22417122e+02  3.17371490e+02
   2.12066336e-01]
 [ 2.40595308e+02  4.43237152e+02  3.51488173e+02  4.69650848e+02
  -1.54611737e-02]
 [ 1.02171082e+02  8.16540146e+01  2.12460907e+02  9.66882553e+01
  -3.73990316e-02]
 [ 3.68668264e+02  2.50697071e+02  3.82121286e+02  3.28337658e+02
   8.87700609e-01]
 [ 2.93722656e+02  3.57076019e+02  3.53252747e+02  3.99097870e+02
   3.86166083e-01]]