[[ 2.44080658e+02  2.09983521e+01  4.90574249e+02  1.46909943e+02
   1.32926876e-01]
 [ 1.12281097e+02  2.27023041e+02  1.52249047e+02  2.74987347e+02
   5.30669228e-01]
 [ 2.69433319e+02  3.56681641e+02  3.06344940e+02  3.77870239e+02
  -3.30539522e-02]
 [ 5.44162734e+02  1.99679232e+02  5.77388291e+02  2.24392058e+02
   2.79275631e-01]
 [ 5.82857788e+02  2.14521896e+02  5.96506958e+02  2.29515732e+02
  -3.40968681e-01]
 [ 2.58283386e+02  1.13017807e+02  3.89499451e+02  1.74042587e+02
   1.02643349e-02]
 [ 1.56484261e+01  3.14075371e+02  4.43994029e+01  3.55307808e+02
   5.88453004e-01]]