[[ 5.48755099e+02  2.02326299e+02  5.96147733e+02  2.39068079e+02
   3.39838315e-01]
 [ 4.91025269e+02  2.77898804e+02  5.68089478e+02  3.40625366e+02
   4.93863958e-01]
 [ 1.78599822e+02  3.74657837e+02  2.15906190e+02  3.91585205e+02
  -8.21978950e-02]
 [ 4.05307831e+02  3.33003021e+02  4.79733368e+02  3.73795441e+02
   2.37944253e-02]
 [ 5.54434265e+02  2.52613983e+02  5.90164246e+02  2.76808502e+02
   2.48840308e-01]
 [ 4.97019348e+02  2.59919464e+02  5.92137390e+02  3.28359955e+02
   4.47726335e-01]]