[[ 2.74993643e+02  9.45984019e+01  4.10541391e+02  1.50398241e+02
   2.20200162e-01]
 [ 3.99119966e+02  5.31258054e+01  4.22163054e+02  8.78652682e+01
   1.18970648e-01]
 [ 4.67225647e+02  3.86750336e+01  5.95805725e+02  1.01886780e+02
   8.57265235e-02]
 [ 2.09532013e+02  3.95154419e+02  2.42523163e+02  4.18009888e+02
  -5.82352127e-03]
 [ 2.58047607e+02  3.66631317e+02  2.83548218e+02  4.10580231e+02
   5.92286521e-01]
 [ 2.89254196e+02  1.51305650e+01  3.41531571e+02  4.03560264e+01
   4.27863862e-02]
 [ 3.61727488e+02  1.95903311e+01  4.25343191e+02  4.39442224e+01
   4.27864636e-02]
 [ 1.04176422e+02  3.58741638e+02  1.75702942e+02  3.74618530e+02
   2.10133998e-02]
 [ 1.04974442e+02  3.83574677e+02  1.79183517e+02  3.97840973e+02
   3.00817298e-02]]