[[ 4.72938378e+02  2.06116528e+02  5.20436684e+02  1.88287647e+02
  -9.94751409e-01]
 [ 4.73916504e+02  2.63287140e+02  5.10592712e+02  2.85731354e+02
  -6.29399036e-01]
 [ 5.00297968e+02  2.65330346e+02  5.43425420e+02  2.91680091e+02
  -6.54961645e-01]
 [ 3.51663696e+02  2.55122238e+02  4.05336670e+02  2.66875854e+02
  -4.06619808e-03]
 [ 5.25384939e+02  1.94303324e+02  5.72341745e+02  1.81514974e+02
  -8.24551074e-01]
 [ 3.53143277e+02  2.44314880e+02  4.14132663e+02  2.54386078e+02
  -1.68124098e-02]]