[[ 2.76826019e+02  2.51296448e+02  3.67675995e+02  2.85345337e+02
  -1.27190584e-01]
 [ 1.91512665e+02  1.51326416e+02  2.05422272e+02  1.70662933e+02
   4.34388397e-01]
 [ 2.18156323e+02  1.66488753e+02  2.44597889e+02  1.92311815e+02
   4.42263162e-01]
 [ 1.87134109e+02  1.68748398e+02  2.33958603e+02  2.10210342e+02
   4.55754303e-01]
 [ 1.55697006e+02  1.79482025e+02  1.99294266e+02  2.13453918e+02
   3.98676175e-01]
 [ 2.13871128e+02  2.08352641e+02  2.50480709e+02  2.35015279e+02
   3.98675182e-01]
 [ 2.29137291e+02  2.66580383e+02  2.80176827e+02  2.95652161e+02
   7.91584539e-02]
 [ 4.84894775e+02  3.24085693e+01  5.36060547e+02  7.37264099e+01
   3.00223156e-01]
 [ 4.66219350e+02  6.45175287e+01  5.09511268e+02  1.06962049e+02
   3.37770103e-01]
 [ 1.58285004e+02  1.49693893e+02  1.87300995e+02  1.78312057e+02
   4.22090627e-01]
 [ 2.05251463e+02  1.71445525e+02  2.32212282e+02  1.94148347e+02
   4.25566794e-01]]