[[ 4.98542969e+02  6.92311707e+01  6.12283936e+02  2.89161987e+01
  -6.04015391e-01]
 [ 5.09660278e+02  1.10404152e+02  5.99941528e+02  8.11898422e+01
  -5.14758831e-01]
 [ 3.52959656e+02  1.17505051e+02  3.81962463e+02  1.38984818e+02
   3.02794292e-01]
 [ 3.47191498e+02  1.45556992e+02  3.86734772e+02  1.70960007e+02
   3.25648273e-01]
 [ 8.81873379e+01  2.61755185e+02  1.54068659e+02  3.12723026e+02
   3.32206926e-01]
 [ 1.37687302e+02  2.33673035e+02  2.14522507e+02  2.69840179e+02
   1.11594068e-01]
 [ 1.27311707e+01  2.48975708e+02  6.45790176e+01  2.87245239e+02
   1.11413898e-01]
 [ 5.28684326e+02  1.35322083e+02  6.00571533e+02  1.18425293e+02
  -5.16635287e-01]
 [ 5.32940889e+02  1.71999240e+02  5.87397856e+02  1.59620389e+02
  -5.55067991e-01]
 [ 5.37054128e+02  2.03290075e+02  6.01770335e+02  1.83745203e+02
  -5.26443572e-01]
 [ 5.40681333e+02  2.26624696e+02  5.92046206e+02  2.26250731e+02
  -3.69353381e-01]
 [ 3.71494896e+02  2.53052582e+02  4.28845985e+02  2.70733368e+02
  -4.51675921e-02]
 [ 1.32959805e+01  1.59662170e+02  7.82237091e+01  1.97779266e+02
   1.27271155e-01]
 [ 1.04328690e+02  1.70724136e+02  1.45301743e+02  1.99819809e+02
   1.18922518e-01]
 [ 2.30069866e+01  2.82049438e+02  8.49022522e+01  3.05712708e+02
   8.28208097e-03]]