[[ 4.31117083e+02  1.25355734e+01  5.64534437e+02  7.80022884e+01
  -3.23638552e-02]
 [ 4.40290620e+02  1.24197431e+02  5.51008697e+02  1.86621996e+02
   6.59629479e-02]
 [ 4.05091438e+01  6.89329004e+00  1.58950653e+02  4.02451134e+01
  -6.36384833e-03]
 [ 1.92178822e+01  5.96470033e+01  1.28859728e+02  7.94232634e+01
  -8.09106103e-02]
 [ 1.48573505e+02  5.37626238e+01  1.85412427e+02  7.48375387e+01
  -8.09107700e-02]
 [ 4.90020386e+02  2.94793121e+02  5.43833374e+02  3.08378143e+02
  -1.51726443e-02]
 [ 1.45563649e+02  2.63434479e+02  1.98148418e+02  2.90655181e+02
  -4.34905718e-02]
 [ 4.19885559e+02  8.35217980e+01  5.00905091e+02  1.09539436e+02
  -2.63822162e-02]
 [ 5.21721802e+02  8.15396273e+01  5.61056640e+02  1.10631409e+02
  -3.05676515e-03]]