[[ 4.13056012e+02  3.06922756e+01  5.63024585e+02  9.09968425e+01
   2.14010125e-02]
 [ 4.08850866e+02  1.10334823e+02  5.16852809e+02  1.73745164e+02
   3.99049484e-02]
 [ 1.88759155e+01  8.78059006e+00  1.44234406e+02  5.32720833e+01
   4.09433670e-03]
 [ 2.34971985e+02  6.07685471e+00  3.99431580e+02  5.62013779e+01
   2.93051890e-02]
 [ 2.36080647e+02  6.45333079e+01  3.56176067e+02  1.27158358e+02
   1.86783563e-01]
 [ 1.66544861e+02  5.18623877e+00  1.99270020e+02  2.38070755e+01
  -4.42433518e-03]
 [ 1.47231661e+02  3.82871781e+01  1.62837828e+02  5.15532607e+01
  -8.17437655e-03]
 [ 1.81208496e+02  4.09159737e+01  1.94647369e+02  5.12834816e+01
  -8.38062425e-03]
 [ 1.27387970e+02  6.35025063e+01  1.99211090e+02  7.90736694e+01
  -1.23925932e-02]
 [ 2.94873297e+01  7.50096736e+01  6.30725670e+01  9.50559235e+01
   2.69856370e-01]]