[[ 2.29271081e+01  1.13032327e+02  1.66190453e+02  1.24168677e+02
  -1.07978020e-01]
 [ 2.08005293e+02  3.96192352e+02  2.36824480e+02  4.15905792e+02
  -1.12185282e-02]
 [ 3.65087921e+02  2.20300903e+01  4.30777618e+02  7.66782455e+01
   7.48726383e-02]
 [ 4.69894775e+02  2.22941513e+01  5.31337463e+02  8.42215424e+01
   7.48726388e-02]
 [ 2.59458313e+01  1.78365448e+02  6.91716003e+00  2.15039459e+02
   8.93599013e-01]
 [ 3.82424011e+01  2.05580780e+02  2.09775848e+01  2.41605072e+02
   8.81841090e-01]
 [ 5.79444580e+01  2.28944305e+02  5.04828033e+01  3.04214935e+02
   8.69414264e-01]
 [ 2.16663332e+02  3.12438282e+02  2.53244679e+02  3.65592472e+02
   7.05939089e-01]
 [ 2.72897084e+02  9.16388679e+01  3.81490367e+02  1.43329836e+02
   2.16273123e-01]
 [ 4.25548907e+01  8.27727456e+00  1.93365359e+02  6.41063844e+01
   5.07921926e-02]
 [ 1.97301482e+02  3.22053788e+02  2.03714906e+02  3.42920150e+02
   7.09427865e-01]
 [ 2.22371560e+02  3.45011605e+02  2.28556449e+02  3.80695121e+02
   3.83757321e-01]]