[[ 3.42866638e+02  4.36847763e+01  5.69510462e+02  1.24339715e+02
   2.86562396e-02]
 [ 2.72813049e+02  2.04044556e+02  3.26382568e+02  2.17020782e+02
  -2.86581819e-01]
 [ 1.27052273e+02  1.72425902e+02  1.99535617e+02  2.28387575e+02
   5.12773177e-01]
 [ 1.17649303e+02  1.94398527e+02  1.75479267e+02  2.46609804e+02
   4.85033702e-01]
 [ 4.81618347e+02  1.24626648e+02  5.71528015e+02  1.48258026e+02
   3.38659539e-02]
 [ 4.34835876e+02  1.51493210e+02  5.89119507e+02  1.83654404e+02
   6.02515205e-02]]