[[ 4.57344517e+02  1.62497458e+02  5.01393337e+02  1.76234658e+02
  -2.40962468e-01]
 [ 6.41718597e+01  3.08619904e+02  1.97744034e+02  3.49465057e+02
  -7.36880303e-02]
 [ 2.10528732e+02  3.05751434e+02  3.29983887e+02  3.39702850e+02
  -7.36884257e-02]
 [ 3.38823456e+02  3.03236908e+02  4.38723846e+02  3.34639008e+02
  -1.95976405e-02]
 [ 4.39244110e+02  3.02247192e+02  4.99589996e+02  3.24218079e+02
  -2.13433956e-02]
 [ 5.00007433e+02  3.00950074e+02  5.80394575e+02  3.20021422e+02
  -2.13428391e-02]
 [ 1.87911896e+02  3.62517151e+02  3.28167206e+02  3.81937744e+02
  -1.35712501e-01]
 [ 3.37218231e+02  3.47258545e+02  4.20440887e+02  3.71796936e+02
  -8.58287856e-02]
 [ 4.19472443e+02  3.38985565e+02  4.97039581e+02  3.68603180e+02
  -8.37825376e-02]
 [ 4.96997375e+02  3.38770782e+02  5.43386902e+02  3.53301056e+02
  -9.62131596e-02]
 [ 5.39313612e+02  3.29870182e+02  5.89260851e+02  3.47627926e+02
  -8.58297694e-02]]