[[ 2.57142334e+02  1.18712128e+02  4.58302002e+02  2.18887390e+02
   3.00063583e-01]
 [ 4.97112885e+02  1.56998108e+02  5.56699341e+02  1.65812347e+02
  -7.93729023e-02]
 [ 4.96958862e+02  1.80020676e+02  5.58691772e+02  1.90861801e+02
  -6.12094355e-02]
 [ 4.24364378e+02  3.16198790e+02  4.58417055e+02  3.14891175e+02
  -1.08771249e+00]
 [ 1.02988342e+02  3.73647125e+02  1.94917236e+02  4.16429962e+02
   1.85567873e-01]
 [ 3.33229668e+02  1.22050779e+02  3.95534370e+02  1.61362093e+02
   2.41822810e-01]
 [ 6.49163132e+01  3.48016388e+02  9.24104843e+01  3.70017120e+02
   7.67946127e-02]
 [ 1.04538849e+02  3.52829926e+02  1.63215424e+02  3.75465179e+02
   7.67946988e-02]]