[[ 2.85153961e+02  3.22274933e+01  3.40388153e+02  5.71858597e+01
   1.47173978e-02]
 [ 3.62430878e+02  3.30963135e+01  4.41054596e+02  5.86675339e+01
   1.47175702e-02]
 [ 4.66515264e+02  3.31871431e+01  4.94636958e+02  6.15647414e+01
   8.41116684e-02]
 [ 5.17165833e+02  4.15594025e+01  5.59517517e+02  6.37181396e+01
   1.06864670e-02]
 [ 3.28787358e+02  6.77465280e+01  3.59921993e+02  9.09180838e+01
   2.23784709e-02]
 [ 3.81130615e+02  6.71652222e+01  4.98211792e+02  9.40133514e+01
   2.23786772e-02]
 [ 2.79070618e+02  2.15310501e+02  3.30445007e+02  2.27014481e+02
  -2.76440795e-01]
 [ 2.59331299e+02  7.33360062e+01  3.47926758e+02  1.27320198e+02
   3.07987082e-02]]