[[ 1.37832733e+02  3.83448486e+01  2.58950057e+02  7.28289339e+01
   1.53373013e-02]
 [ 1.88352570e+02  3.04433685e+02  2.56919708e+02  3.27535309e+02
   3.73884037e-02]
 [ 2.74454586e+02  4.13743978e+01  3.32124027e+02  5.90806574e+01
  -1.47797647e-01]
 [ 3.45801880e+02  3.83417570e+01  3.62712768e+02  5.93267611e+01
   1.84509022e-02]
 [ 4.67473877e+02  2.13693939e+02  5.66376221e+02  2.76682251e+02
   2.42574302e-01]
 [ 2.91281006e+02  3.08081116e+02  3.22290588e+02  3.24152283e+02
  -8.71240490e-02]]