[[ 3.47919367e+02  1.86662143e+02  4.84401678e+02  1.79445035e+02
  -4.72137978e-01]
 [ 4.59306793e+02  1.26359169e+02  5.49198486e+02  1.15083672e+02
  -6.13329063e-01]
 [ 6.59826660e+01  3.05845520e+02  1.52300674e+02  3.25105591e+02
  -5.39620970e-02]
 [ 2.88260715e+01  3.55247132e+02  1.08136625e+02  3.86278625e+02
  -1.31441333e-02]
 [ 6.22413483e+01  2.20310730e+02  1.38164230e+02  2.46627930e+02
   1.73648601e-01]
 [-8.21078110e+00  2.04956932e+01  6.03531685e+01  2.85574837e+01
  -3.70410379e-01]
 [-8.30864910e+00  6.70880744e+01  7.11853123e+01  7.70397027e+01
  -3.25389034e-01]
 [ 4.39813147e+02  2.24610357e+01  5.34060938e+02  4.93119441e+01
  -1.12925648e-01]
 [ 5.20198669e+02  1.15733938e+01  5.54894714e+02  2.69873352e+01
  -8.85028559e-01]
 [ 5.37003235e+02  6.97092438e+01  5.96833801e+02  7.30404205e+01
  -5.85228828e-01]
 [ 9.05273885e+01  5.31190872e+01  1.36377618e+02  7.11668476e+01
   4.18161728e-02]
 [ 2.13000806e+01  3.22540619e+02  7.11716391e+01  3.41667450e+02
  -1.72650661e-02]
 [ 2.08183212e+01  1.13977760e+02  7.43586807e+01  1.15730934e+02
  -2.70213352e-01]]