[[ 2.53879089e+02  1.53018738e+02  3.40665649e+02  2.16400055e+02
   8.57686578e-02]
 [ 9.57731628e+01  2.16430237e+02  1.95803686e+02  2.43262268e+02
   8.97029378e-03]
 [ 3.24617249e+02  4.45136642e+00  4.36434631e+02  2.01664734e+01
   4.60221011e-03]
 [ 4.72961792e+02  5.21539688e+00  5.98229858e+02  2.09110947e+01
   4.60219065e-03]
 [ 3.46397919e+02  1.82503784e+02  4.50247467e+02  2.52281860e+02
   1.66579646e-01]
 [ 8.97983704e+01  2.11919662e+02  1.12080978e+02  2.18836380e+02
  -2.74179215e-02]
 [ 1.21058923e+02  2.05500947e+02  2.26420607e+02  2.16230346e+02
  -3.61050635e-02]]