[[ 5.09874018e+02  1.70430649e+02  5.88107092e+02  2.03808853e+02
  -1.03702390e-02]
 [ 4.82317096e+02  3.48763005e+02  5.46855023e+02  3.87530574e+02
  -1.07791265e-01]
 [ 5.55183708e+02  3.58399531e+02  5.70023568e+02  3.85023503e+02
  -2.25950996e-01]
 [-2.06441270e-01  1.22762223e+01  1.27330720e+02  5.67631301e+01
  -4.81200116e-02]
 [ 1.12897911e+01  6.70919037e+01  1.38619965e+02  1.07205490e+02
  -9.12025088e-02]
 [ 2.07624435e+02  2.96167267e+02  2.48308823e+02  3.62871613e+02
   7.07103683e-01]
 [ 5.06850974e+02  1.28172016e+02  5.86937356e+02  1.54061382e+02
  -9.37446688e-02]]