[[ 2.86149229e+02  1.67547104e+02  3.37786684e+02  1.75624344e+02
  -1.56453965e-01]
 [ 2.66263580e+02  2.65550934e+02  3.39614838e+02  2.94015533e+02
  -7.99776333e-02]
 [ 1.83769569e+01  2.07079666e+02  1.09669250e+02  2.53182022e+02
  -2.42632408e-02]
 [ 2.69102323e+02  1.46374894e+02  3.23104892e+02  1.63995437e+02
  -1.30990501e-01]
 [ 2.89185272e+02  1.87581604e+02  3.26940033e+02  2.02911530e+02
  -4.71773892e-01]
 [ 2.38715853e+02  2.80722047e+02  2.75336500e+02  2.91452879e+02
  -1.17500301e-01]
 [ 4.64030792e+02  3.75906128e+02  5.04310944e+02  3.91799316e+02
   4.20539076e-02]]