[[ 2.02137115e+02  2.28211929e+02  3.20365692e+02  2.17625015e+02
  -2.98122950e-01]
 [ 3.95879997e+02  2.86761023e+02  4.51385811e+02  2.63663599e+02
  -6.95662937e-01]
 [ 4.66610495e+02  2.27459419e+02  5.24606454e+02  2.02531517e+02
  -6.95663650e-01]
 [ 4.15119344e+02  3.16299082e+02  5.24825114e+02  2.55956350e+02
  -7.68629990e-01]
 [ 3.52048035e+01  3.61213715e+02  8.18652039e+01  3.84876617e+02
   2.44475754e-02]
 [ 2.00140900e+02  1.97826782e+02  3.51599335e+02  1.83963928e+02
  -2.97964741e-01]
 [ 5.07410240e+01  3.31866211e+02  9.97250061e+01  3.53253845e+02
  -2.40852659e-02]]