[[ 9.40296408e+00  5.76053588e+00  9.60822497e+01  4.45022967e+01
   5.88298093e-02]
 [ 5.11206964e+02  3.84372402e+01  5.91031555e+02  6.47528687e+01
   5.96056375e-02]
 [ 3.33493896e+02  1.69094315e+02  3.79527466e+02  1.62161270e+02
  -4.61003167e-01]
 [ 3.51609230e+02  1.88807841e+02  3.97205223e+02  1.87223501e+02
  -4.23938991e-01]
 [ 4.19480072e+02  1.45168594e+02  4.30170990e+02  1.99938492e+02
   8.19674437e-01]
 [ 9.49907684e+01  6.32620926e+01  1.41223755e+02  8.85055161e+01
   3.29355489e-02]
 [ 4.89197068e+02  1.29139173e+01  5.79604690e+02  4.04682848e+01
   1.60865718e-02]
 [ 2.95888733e+02  2.00567810e+02  3.47544617e+02  2.31361023e+02
   1.39797312e-01]
 [ 2.82696528e+02  8.19160438e+00  3.15287725e+02  2.91571581e+01
   4.47820020e-02]]