[[1.82024927e+02 5.29718473e+01 2.98087408e+02 1.05857926e+02
  3.56192455e-02]
 [2.93712981e+02 5.76614761e+00 3.44266145e+02 3.15618553e+01
  5.22101122e-03]
 [4.19325226e+02 1.48184952e+02 4.31430939e+02 2.03382004e+02
  8.51192268e-01]
 [4.11899774e+01 1.91980833e+02 3.84984305e+01 2.40824587e+02
  6.10922604e-01]
 [7.43476771e+01 2.06219642e+02 6.07711583e+01 2.42916100e+02
  6.04328423e-01]
 [4.83068312e+01 2.46092140e+02 5.05320049e+01 3.03826379e+02
  5.80994906e-01]
 [9.17252322e+01 2.72831718e+02 8.63607816e+01 3.19602303e+02
  5.55776966e-01]]