[[ 1.08560966e+02  7.71054554e+00  2.87765930e+02  5.57022591e+01
  -2.63319019e-02]
 [ 3.27834532e+02  6.08712275e+00  3.89079591e+02  4.22220799e+01
  -9.78623691e-03]
 [ 2.43590051e+02  1.59691082e+02  2.92798438e+02  2.29844868e+02
   5.40544304e-01]
 [ 2.14147559e+02  4.74912875e+01  2.69851144e+02  7.89369046e+01
  -3.46071534e-02]
 [ 2.89470983e+02  4.57863433e+01  3.25227870e+02  7.74924005e+01
  -2.59495527e-02]
 [ 3.43053181e+02  4.47828829e+01  3.96649150e+02  7.61908949e+01
  -1.52032727e-02]]