[[ 8.73630676e+01  9.58147888e+01  1.29922531e+02  1.09225449e+02
  -5.37085764e-02]
 [ 1.49977092e+02  8.63355410e+01  1.78619710e+02  1.06610504e+02
  -5.36751732e-02]
 [ 7.91453931e+01  2.73623932e+02  9.92844470e+01  3.33399506e+02
   5.85585070e-01]
 [ 1.50230063e+02  2.95772979e+02  2.07580117e+02  3.25920320e+02
   1.11034740e-01]
 [ 2.29205841e+02  2.19298645e+02  3.24161530e+02  3.00146301e+02
   2.00105671e-01]
 [ 6.23622893e+01  4.89004190e+01  9.45277406e+01  8.81138938e+01
  -5.03261244e-02]
 [ 1.06200148e+02  4.48762551e+01  1.54135790e+02  8.49957885e+01
  -5.26432961e-02]
 [ 1.66553731e+02  4.19982687e+01  2.72953899e+02  7.79519877e+01
  -5.09267721e-02]
 [ 2.04798248e+02  3.07938965e+02  2.75436009e+02  3.35031555e+02
   3.98792016e-02]
 [ 3.59161987e+02  1.84218933e+02  5.40140564e+02  2.52321991e+02
   1.30985650e-01]
 [ 3.36619011e+02  2.36909728e+02  4.31222358e+02  3.09994508e+02
   1.90430995e-01]
 [ 4.81685425e+02  2.73801056e+02  5.30932251e+02  3.29215179e+02
   1.90430612e-01]]