[[ 1.78093987e+01  2.21637268e+02  6.23508186e+01  2.46976562e+02
   8.27471806e-02]
 [ 4.93835602e+01  2.75666962e+02  1.58583450e+02  2.92559601e+02
  -1.02001950e-01]
 [ 4.21541687e+02  2.96711273e+02  4.68449524e+02  3.11534943e+02
  -1.89406454e-02]
 [ 4.74253877e+02  2.96177796e+02  5.17766143e+02  3.10600768e+02
  -1.89408192e-02]
 [ 3.60657454e+02  3.21727173e+02  3.79540910e+02  3.38731079e+02
  -1.72100668e-02]
 [ 3.89249023e+02  3.24037476e+02  4.26131470e+02  3.40384338e+02
  -1.66177493e-02]
 [ 4.34138428e+02  3.23291443e+02  4.78782227e+02  3.39696289e+02
  -1.66184464e-02]
 [ 4.84336273e+02  3.20277252e+02  5.12232933e+02  3.36933442e+02
  -1.35471334e-02]
 [ 5.15990112e+02  3.18231689e+02  5.95449463e+02  3.38349609e+02
   2.61915216e-04]
 [ 4.06431592e+02  3.48343964e+02  4.46430042e+02  3.66932342e+02
  -7.47895767e-03]
 [ 4.53638275e+02  3.47732422e+02  5.01473785e+02  3.66520691e+02
  -7.47883075e-03]
 [ 5.06969055e+02  3.46309540e+02  5.58958679e+02  3.66090790e+02
  -7.47873205e-03]
 [-1.29747772e+00  3.42918701e+02  1.75108674e+02  3.90169922e+02
  -1.72641927e-02]
 [ 6.50608822e+01  2.63007446e+02  1.30033722e+02  2.70827881e+02
  -7.27707158e-02]
 [ 4.28411804e+02  2.72198792e+02  5.35279118e+02  2.95796753e+02
   1.10868200e-02]
 [ 3.23012888e+01  3.20826019e+02  8.13804586e+01  3.34031708e+02
  -1.79449433e-02]
 [ 9.12948570e+01  3.18145203e+02  1.60633915e+02  3.32609375e+02
  -1.79461050e-02]
 [ 2.53323792e+02  1.67799988e+02  4.45994080e+02  1.36131531e+02
  -5.10116043e-01]]