[[ 5.33094718e+02  3.64578522e+02  5.86492685e+02  4.12960785e+02
  -5.05598315e-03]
 [ 2.59514160e+02  5.85428085e+01  3.61694946e+02  8.28732376e+01
   1.03307084e-01]
 [ 2.07831390e+02  7.77694778e+01  3.26320221e+02  1.12500298e+02
   1.26498688e-01]
 [ 1.34883939e+02  1.03121276e+02  3.11409976e+02  1.62629395e+02
   1.62836777e-01]
 [ 3.51908305e+02  4.23960144e+02  3.78430684e+02  4.42323608e+02
  -1.52810989e-02]
 [ 3.90782959e+02  4.23142517e+02  4.27304810e+02  4.42083679e+02
  -4.91086555e-03]
 [ 3.82727496e+02  3.82351685e+02  4.70534833e+02  4.00439331e+02
  -4.30323346e-02]
 [ 5.52617011e+02  1.28658645e+02  5.82012628e+02  1.64267747e+02
   2.91544813e-01]
 [ 5.49656446e+02  1.72765397e+02  5.94173510e+02  2.11319533e+02
   2.84282997e-01]
 [ 5.37097351e+02  4.17186554e+02  5.87751160e+02  4.31021942e+02
  -1.21279008e-01]
 [ 2.98779510e+02  1.57019180e+02  4.48643707e+02  2.40188278e+02
   2.65096402e-01]
 [ 3.99932780e+02  3.59877474e+02  4.80946370e+02  3.77869901e+02
  -1.13329023e-01]]