[[ 3.32769332e+02  2.84201533e+01  3.62547868e+02  5.63821767e+01
   2.99539490e-01]
 [ 3.29896698e+02  5.74565811e+01  3.38637360e+02  7.26496201e+01
   1.34199486e-01]
 [ 3.16400116e+02  2.54031586e+02  3.78155731e+02  2.52569275e+02
  -4.92968698e-01]
 [ 9.57903819e+01  2.55917296e+02  1.42757034e+02  2.87003177e+02
   2.21264581e-01]
 [ 4.93523193e+02  2.99972572e+01  5.29403809e+02  5.56090660e+01
   5.38874501e-02]
 [ 4.89475247e+02  7.29908210e+01  5.48300387e+02  9.56672906e+01
   2.58672162e-02]
 [ 3.72745514e+02  2.33672760e+02  4.38864838e+02  2.38940826e+02
  -4.94227429e-01]
 [ 1.35400830e+02  3.39942446e+02  2.06391162e+02  3.41984678e+02
  -4.98651877e-01]
 [ 4.07547455e+02  7.20943165e+00  5.36229370e+02  2.75859566e+01
  -2.00469930e-03]]