[[ 2.09442093e+02  1.57786894e+01  2.71486694e+02  3.81463127e+01
  -5.02654421e-04]
 [ 2.91226363e+02  2.38490334e+01  3.22107255e+02  3.81208458e+01
  -2.36214087e-04]
 [ 3.25785931e+02  2.60713319e+02  3.90190876e+02  2.72480468e+02
  -4.51671464e-02]
 [ 2.93976115e+00  2.64107512e+02  6.92981080e+01  3.02764497e+02
   8.55600132e-02]
 [ 2.55302399e+02  1.87737885e+02  2.87044342e+02  2.08175751e+02
   2.38214643e-01]
 [ 3.55505707e+02  1.34061920e+02  4.04053864e+02  1.76979065e+02
   3.14818504e-01]]