[[ 2.62482199e+02  1.16101901e+02  3.47495035e+02  1.22447293e+02
  -3.03349123e-01]
 [ 1.97180058e+02  4.40648818e+01  3.65737682e+02  6.13892197e+01
  -1.29042082e-01]
 [ 3.93999131e+02  2.94747525e+01  4.56542312e+02  4.92704715e+01
  -1.39312108e-01]
 [ 1.68702179e+02  1.17000031e+02  2.64762604e+02  1.26239639e+02
  -2.60736494e-01]
 [ 1.53833557e+02  3.68316742e+02  3.79058289e+02  4.46962860e+02
   7.14701786e-03]
 [ 4.41611051e+02  3.71958733e+02  5.08866488e+02  4.48989815e+02
  -7.50270177e-02]]