[[ 4.31785736e+02  9.79611206e+00  4.72444977e+02  7.11794434e+01
   3.27404999e-01]
 [ 2.29813599e+02  6.85481110e+01  3.57340088e+02  9.66750946e+01
   1.02818345e-01]
 [ 1.80004660e+02  8.69521473e+01  3.26108713e+02  1.25173616e+02
   1.21119146e-01]
 [ 1.26873234e+02  1.06103176e+02  3.28009205e+02  1.67116732e+02
   1.41802450e-01]
 [ 3.30495911e+02  4.27483856e+02  4.00068298e+02  4.43273346e+02
  -2.28837217e-02]
 [ 9.96589355e+01  1.25702606e+02  3.03468994e+02  2.30303131e+02
   1.75125784e-01]
 [ 3.41968504e+02  1.64303131e+02  4.60695131e+02  2.66656098e+02
   2.25085912e-01]]