[[ 2.32763489e+02  2.73635101e+02  3.12472900e+02  3.07363129e+02
   4.87389785e-02]
 [ 5.38246422e+01  2.41664337e+02  1.20662616e+02  1.52581513e+02
  -1.15812480e+00]
 [ 2.57941254e+02  2.08014709e+02  3.10543549e+02  2.06969879e+02
  -4.52883210e-01]
 [ 1.68390579e+02  8.99684296e+01  2.23771408e+02  1.11390442e+02
   6.82214852e-02]
 [ 5.06638680e+01  2.95656555e+02  1.50827927e+02  2.98457458e+02
  -1.46030030e-01]
 [ 2.97162584e+02  1.88780892e+02  3.63436903e+02  1.74390861e+02
  -5.32167834e-01]
 [ 4.57893562e+01  2.74109375e+02  1.09009293e+02  2.85001892e+02
  -1.22425481e-01]]