[[ 1.83420867e+02  2.49881558e+01  2.85866654e+02  8.54220577e+01
  -2.74684174e-02]
 [ 2.51539579e+02  2.25274932e+02  2.93285553e+02  2.47332642e+02
   1.75657699e-01]
 [ 6.22495041e+01  1.81570930e+01  1.27965981e+02  4.60893517e+01
  -4.67362735e-02]
 [ 2.98026597e+02  2.89658072e+01  4.41181899e+02  7.87198637e+01
  -1.55142778e-02]
 [ 5.37603760e+02  1.13697960e+02  5.92206909e+02  1.29205627e+02
  -1.37143807e-01]
 [ 5.41926575e+02  1.45292465e+02  5.79998718e+02  1.60229141e+02
  -1.14050564e-01]
 [ 4.19658577e+02  1.55183225e+02  4.38368096e+02  1.75350344e+02
   9.80951029e-02]]