[[ 4.21086876e+02  2.55142857e+02  5.21965698e+02  2.35368118e+02
  -4.51697586e-01]
 [ 5.16912415e+02  2.14565399e+02  5.57318176e+02  2.19078156e+02
  -9.33497454e-01]
 [ 4.13042584e+02  5.40261676e+01  5.41396912e+02  1.32869553e+02
   6.61245091e-02]
 [ 4.42705688e+02  3.26118530e+02  5.00498779e+02  3.16976868e+02
  -5.61570911e-01]
 [ 4.94026323e+02  2.96002212e+02  5.28121094e+02  2.99598572e+02
  -8.27368134e-01]
 [ 4.69464661e+02  2.92163105e+01  5.91162292e+02  5.88203735e+01
  -7.69554013e-02]]