[[ 1.64533075e+02  1.82705709e+01  2.25399359e+02  4.88356933e+01
  -1.59525484e-02]
 [ 2.56606567e+02  1.77439194e+01  4.14391113e+02  4.58205414e+01
  -1.59525290e-02]
 [ 1.18286629e+01  2.81124153e+01  6.29431648e+01  4.73978081e+01
   2.49394574e-02]
 [ 9.17884064e+01  6.04782448e+01  1.44044556e+02  8.22463989e+01
  -2.63000872e-02]
 [ 1.61367615e+02  5.91565247e+01  2.15898346e+02  8.03562012e+01
  -2.62997480e-02]
 [ 9.75712384e+01  1.00679344e+02  1.56863744e+02  1.20776558e+02
  -3.88684793e-02]
 [ 4.21268280e+02  3.31202572e+02  4.43547394e+02  3.60099308e+02
  -1.08897245e-03]
 [ 2.22387722e+02  4.99373901e+02  2.59929417e+02  5.11784851e+02
   2.97550434e-02]
 [ 2.55191350e+02  4.98468987e+02  2.84207867e+02  5.15997684e+02
   2.77946237e-01]]