[[ 6.46468353e+01  3.56067749e+02  1.63195862e+02  3.82255920e+02
   7.31554777e-02]
 [ 2.06226108e+01  3.18664337e+02  7.62251465e+01  3.48860687e+02
   7.00550081e-02]
 [ 3.01578653e+02  1.19942391e+02  4.24991110e+02  1.83499930e+02
   3.01912965e-01]
 [-4.04878235e+00  3.00632263e+02  7.65965805e+01  3.22201904e+02
  -1.72556220e-02]
 [ 4.76788864e+02  2.35014766e+02  5.87545365e+02  2.82674687e+02
   2.57035927e-01]
 [ 3.77234197e+02  1.76894857e+02  4.32724421e+02  2.19876170e+02
   3.87418503e-01]]