[[ 1.50727615e+02  1.21599998e+01  2.08363968e+02  2.50649147e+01
  -1.70974301e-01]
 [ 4.29709045e+02  1.61856155e+01  4.81164185e+02  6.46343842e+01
   1.37055002e-01]
 [ 5.32395282e+02  4.40738049e+01  5.85701886e+02  6.43644275e+01
   4.40963603e-02]
 [ 1.76985297e+02  2.18424397e+01  2.81914987e+02  5.40931453e+01
  -2.24571658e-01]
 [ 4.84849091e+02  3.25744019e+02  5.23068878e+02  3.46443055e+02
  -2.47578030e-02]
 [ 4.84822340e+02  3.60366759e+02  5.14462891e+02  3.81224854e+02
  -2.53224076e-02]]