[[ 1.24490263e+02  2.78968841e+02  1.57766754e+02  3.12690643e+02
   3.86489516e-01]
 [ 4.03440911e+01  2.52884032e+02  7.51417945e+01  2.72899171e+02
   4.86476871e-02]
 [ 1.84019318e+02  9.74121571e+00  2.46470886e+02  3.71316643e+01
  -4.83585930e-04]
 [ 4.20410440e+02  1.03600125e+02  5.63542502e+02  6.83430210e+01
  -5.10179811e-01]
 [ 4.44116350e+02  1.64552941e+02  5.33299269e+02  1.40881477e+02
  -5.17741531e-01]
 [ 4.54038408e+02  2.10919335e+02  5.68264418e+02  1.68423194e+02
  -5.32977748e-01]
 [ 7.97425327e+00  2.83732055e+02  5.89964480e+01  3.05678833e+02
   4.78168445e-02]
 [ 5.06130310e+02  2.24611694e+02  5.73439270e+02  2.06489288e+02
  -5.20321594e-01]]