[[ 1.51049225e+02  4.90016235e+02  3.26386688e+02  5.67530762e+02
   2.98088781e-01]
 [ 3.49164845e+02  5.49243343e+02  4.34301829e+02  6.02665348e+02
   3.35427335e-01]
 [-6.83590329e+00  6.95406771e+00  3.41222515e+02  1.71296939e+02
  -2.51923517e-04]
 [ 3.42116333e+02  2.66089874e+02  3.89709290e+02  2.74627045e+02
  -1.10466915e-01]
 [ 3.50759868e+02  2.80652743e+02  3.96422750e+02  2.90877164e+02
  -1.36133558e-01]
 [ 3.60680481e+02  2.99261780e+02  3.99696228e+02  3.09450195e+02
  -1.51934420e-01]
 [ 3.05982275e+01  4.74155449e+02  1.33627530e+02  5.47991280e+02
   2.97346388e-01]
 [ 1.72875259e+02  5.17278564e+02  2.28526352e+02  5.68908203e+02
   3.06835252e-01]
 [ 2.63318268e+02  5.53560486e+02  3.25978426e+02  6.08030091e+02
   2.99579887e-01]
 [ 3.59062009e+02  9.88632945e+00  5.55880801e+02  1.02563782e+02
   8.79501891e-02]]