[[ 3.06045410e+02  4.16479523e+02  3.57257202e+02  4.47418121e+02
  -2.11700005e-03]
 [ 2.87832040e+02  3.31631825e+02  3.28206351e+02  3.26552867e+02
  -7.25438344e-01]
 [ 2.27032379e+02  3.25853546e+02  2.81692261e+02  3.70632538e+02
   2.75349647e-01]
 [ 7.57077026e+01  4.63416931e+02  2.82524536e+02  5.54054443e+02
   2.86520300e-01]
 [ 1.46154527e+01  4.77787848e+02  1.78403922e+01  5.07412103e+02
   4.63396802e-01]
 [ 4.36253357e+01  4.87290283e+02  3.05489319e+02  6.04895142e+02
   3.09978393e-01]
 [ 1.99141004e+02  3.78139557e+02  2.46823412e+02  4.20095124e+02
   9.99953528e-02]]