[[ 3.82292525e+02  2.57321382e+02  4.36675371e+02  2.70216521e+02
  -5.72086205e-02]
 [ 4.20401367e+02  7.70833893e+01  4.74733643e+02  6.51932220e+01
  -5.81819417e-01]
 [ 3.47658960e+02  1.41004545e+02  3.87407568e+02  1.78350527e+02
   3.22065834e-01]
 [ 1.14964432e+02  2.68597900e+02  1.42993851e+02  3.14320801e+02
   5.46492265e-01]
 [ 4.85113403e+02  1.63365463e+02  6.04177368e+02  1.31665878e+02
  -5.22003912e-01]
 [ 5.01038337e+02  2.23145186e+02  5.90617333e+02  1.92373857e+02
  -5.29174235e-01]
 [ 4.43285013e+02  9.03925747e+01  5.64611655e+02  6.68897434e+01
  -5.10062859e-01]
 [ 4.61066986e+02  1.43145599e+02  6.02622314e+02  9.74506226e+01
  -5.05562154e-01]]