[[ 8.74615021e+01  2.10900635e+02  1.47150346e+02  2.28366089e+02
   6.20806509e-03]
 [ 2.85805573e+02  1.49794250e+02  3.91942474e+02  2.32200958e+02
   3.26889068e-02]
 [ 5.07921112e+02  2.00539398e+02  5.91542114e+02  2.12130157e+02
  -1.14035411e-01]
 [ 5.15146973e+02  2.23128601e+02  5.78328857e+02  2.40118042e+02
  -2.88917605e-02]
 [ 3.22265076e+02  4.66926003e+00  5.99039124e+02  2.42766266e+01
   8.60864454e-04]
 [ 1.22570336e+02  2.22947632e+02  2.27640114e+02  2.46228638e+02
   1.18309319e-02]
 [ 3.87561406e+02  1.40024534e+02  4.57244502e+02  2.17558352e+02
   7.41706279e-02]
 [ 1.11858826e+01  1.45969315e+01  2.29103745e+02  4.32713776e+01
   3.62337003e-03]]