[[ 5.41277813e+02  3.13470033e+01  5.98667377e+02  5.33009154e+01
   3.58420578e-02]
 [ 4.19699723e+02  2.32686099e+01  4.84075790e+02  6.30699063e+01
   1.32990147e-01]
 [ 3.80256709e+02  3.71237244e+02  4.74285161e+02  4.02699646e+02
   1.48753021e-02]
 [ 7.59455855e+01  4.22921717e+01  1.31298845e+02  6.43406827e+01
  -1.13662281e-01]
 [ 5.28895325e+02  4.94751511e+01  5.71903015e+02  6.95376129e+01
   4.82755433e-02]
 [ 5.25869446e+02  7.42113190e+01  5.70778748e+02  9.61193085e+01
   6.75179451e-02]
 [ 4.23649817e+02  4.05129212e+02  4.73644556e+02  4.15511657e+02
  -2.72370041e-02]
 [ 4.29601234e+02  4.23472473e+02  4.92781822e+02  4.41465942e+02
  -1.53620853e-02]]