[[ 6.29992559e+01  2.57169404e+02  1.54251522e+02  2.80849334e+02
  -7.91529904e-02]
 [ 3.30957367e+02  4.13099151e+02  5.43718018e+02  4.71941376e+02
  -1.17566107e-02]
 [-3.66578265e+00  3.32938630e+02  1.27304256e+02  3.35978911e+02
  -2.92223152e-01]
 [ 4.61015059e+02  2.91605101e+02  5.23524248e+02  3.17134340e+02
   1.16794475e-01]
 [ 3.89777649e+02  3.16181335e+02  4.59188782e+02  3.24790955e+02
  -2.75808959e-01]
 [ 4.86228551e+02  3.13362668e+02  5.43258021e+02  3.42716068e+02
   1.27113698e-01]]