[[ 5.08262329e+01  2.95473631e+02  1.19498928e+02  3.22745789e+02
   1.78739026e-01]
 [ 5.20635134e+01  3.23048828e+02  1.05214944e+02  3.41738342e+02
   8.66633066e-02]
 [ 2.84028618e+02  4.01982697e+02  3.88004524e+02  4.42523346e+02
  -1.85274065e-02]
 [ 5.14555410e+02  5.39863710e+02  5.90836924e+02  5.63545714e+02
  -1.97696926e-02]
 [ 3.11847076e+01  2.56942940e+01  1.63169281e+02  5.79997520e+01
  -8.66711424e-03]
 [ 2.36432050e+02  4.40523040e+02  3.31256182e+02  4.73094514e+02
   3.59511690e-02]
 [ 3.05691972e+02  3.34066736e+02  3.50446639e+02  3.70712866e+02
   3.80476174e-01]
 [ 2.98370689e+02  3.57765835e+02  3.53667214e+02  3.97424228e+02
   3.89379066e-01]
 [ 1.84689328e+02  2.80797025e+01  2.72276034e+02  6.70991439e+01
  -2.66198818e-02]]