[[ 1.10266312e+02  1.90495834e+02  1.37793716e+02  2.13112320e+02
   1.78048781e-01]
 [ 1.03222795e+02  2.18007718e+02  1.11589919e+02  2.43991153e+02
   3.58052080e-01]
 [ 4.36260071e+02  1.84912529e+01  5.61976990e+02  3.79206429e+01
  -8.34582106e-02]
 [ 4.42023315e+02  6.57827377e+01  5.58950928e+02  8.89925766e+01
  -4.03972281e-02]
 [ 4.43778992e+02  1.08374496e+02  5.63177197e+02  1.37313095e+02
   2.17937316e-02]
 [ 2.67671929e+02  1.84274796e+02  3.15744087e+02  1.99283920e+02
  -3.25372909e-02]
 [ 3.20335266e+02  3.17513611e+02  4.37850159e+02  3.01193848e+02
  -4.98206026e-01]
 [ 4.30397881e+02  2.64485691e+02  4.91103645e+02  2.72225247e+02
  -4.98205303e-01]
 [ 4.80766357e+02  2.40218277e+02  5.48633545e+02  2.40930435e+02
  -4.98205279e-01]
 [ 5.37003418e+02  2.13123322e+02  5.85759033e+02  2.20735016e+02
  -9.25553241e-01]
 [ 4.01476379e+02  3.27227722e+02  5.89882019e+02  2.60742126e+02
  -5.61571855e-01]
 [ 3.21157654e+02  3.77388000e+01  3.49154297e+02  9.02205811e+01
   4.05241401e-01]
 [ 3.88575775e+02  9.04645386e+01  4.24919159e+02  1.08701065e+02
   1.03990327e-01]
 [ 3.18203979e+02  1.67311554e+01  3.54250732e+02  6.87122650e+01
   6.06637464e-01]]