[[ 3.36980769e+02  1.24577925e+02  3.94993352e+02  1.54014909e+02
   2.29974028e-01]
 [ 3.08574953e+02  1.47948082e+02  3.68684568e+02  1.78628883e+02
   2.48799269e-01]
 [ 9.96557007e+01  9.11942291e+00  1.83122650e+02  2.79856796e+01
  -8.81056519e-02]
 [ 1.92021874e+02  3.39874041e+00  2.64762366e+02  2.27913586e+01
  -5.13264047e-02]
 [ 3.23801978e+02  1.39455499e+02  3.43074853e+02  1.56434302e+02
   2.64680607e-01]
 [ 3.57232605e+02  1.51194565e+02  3.86541809e+02  1.68173416e+02
   2.54566770e-01]]