[[ 1.61380402e+02  1.43116226e+02  1.77284821e+02  1.73813980e+02
   4.22089507e-01]
 [ 1.93556943e+02  1.64288527e+02  2.37705905e+02  2.00948015e+02
   4.22090822e-01]
 [ 1.54456650e+02  1.66380417e+02  1.84054703e+02  2.04116531e+02
   4.00960131e-01]
 [ 1.98910345e+02  1.86231228e+02  2.15206873e+02  2.17322697e+02
   4.00959933e-01]
 [ 2.42321569e+02  2.53069464e+02  3.26297648e+02  2.68449213e+02
  -1.38520896e-01]
 [ 3.15241211e+02  1.30028397e+02  3.56021179e+02  1.56122787e+02
   2.60424708e-01]]