[[2.57146301e+02 3.70393311e+02 2.77644958e+02 4.09295715e+02
  5.53089362e-01]
 [3.48731771e+02 4.00930092e+01 4.12278849e+02 7.74626930e+01
  7.70525339e-02]
 [4.31263297e+02 5.10431283e+01 4.69649545e+02 8.18919761e+01
  7.70523225e-02]
 [4.91788513e+02 4.61837311e+01 5.73405090e+02 8.99024506e+01
  7.70525201e-02]
 [2.14070616e+01 2.10270078e+02 7.54578968e+00 2.38576998e+02
  8.84703217e-01]
 [5.06833649e+01 2.30049225e+02 4.39167862e+01 3.13140411e+02
  1.11696688e+00]
 [3.34402594e+02 3.62332062e+00 3.98588129e+02 3.72960443e+01
  3.71642182e-02]
 [7.58568952e+01 2.07270624e+02 8.50080109e+01 2.81389465e+02
  9.05715512e-01]
 [2.06888260e+02 3.05697083e+02 2.40451065e+02 3.70862610e+02
  7.18618638e-01]]