[[2.77721741e+02 1.74966354e+02 3.54310242e+02 2.20429489e+02
  8.82629176e-02]
 [2.78077141e+02 4.93468826e+00 3.24896797e+02 3.21138004e+01
  4.36811649e-02]
 [4.11947540e+02 1.53984131e+02 4.35413910e+02 1.95078766e+02
  5.89656233e-01]
 [4.75121307e+01 2.44572021e+02 1.05881241e+02 3.01975098e+02
  3.99717916e-01]
 [1.29765212e+02 2.71976004e+02 1.45874040e+02 3.24093027e+02
  5.20590292e-01]
 [1.86818481e+02 2.85139740e+02 2.58798590e+02 3.68820591e+02
  4.97828161e-01]
 [8.90067291e+01 8.25785828e+00 1.43046249e+02 3.32939339e+01
  1.25143333e-02]
 [1.63030121e+02 1.68305859e+01 1.77817963e+02 3.37721934e+01
  1.53779032e-02]
 [1.07977814e+02 5.01378403e+01 1.60915924e+02 7.43717575e+01
  2.75117313e-02]
 [4.98149809e+02 1.78191795e+01 5.73364381e+02 4.39985848e+01
  9.81911855e-04]
 [4.95943970e+02 5.24068375e+01 5.74152006e+02 6.96797107e+01
  1.18984868e-02]]