[[ 4.38948425e+02  9.04940033e+01  5.20681519e+02  1.10238861e+02
  -1.82861978e-01]
 [ 5.58081604e+02  5.70832672e+01  5.56031921e+02  1.41564285e+02
   5.84289464e-01]
 [ 4.07084045e+02  1.88918716e+02  4.94341980e+02  2.50606461e+02
   2.71897711e-01]
 [ 3.58857967e+02  2.42617796e+02  4.19542790e+02  3.03234926e+02
   3.75150348e-01]
 [ 1.48607425e+02  2.08082289e+02  1.50975491e+02  2.52331652e+02
   1.96705379e-01]
 [ 1.73423798e+02  2.21414764e+02  1.95345551e+02  2.62867767e+02
   1.90454247e-01]
 [ 2.25468157e+02  2.15654041e+02  2.36895002e+02  2.72734082e+02
   1.84604085e-01]
 [ 6.64301864e+01  3.58998077e+02  2.49390954e+02  4.15835847e+02
   1.77316160e-01]
 [ 4.01716156e+01  3.96543182e+02  1.59219528e+02  4.47860931e+02
   2.14225511e-01]
 [ 3.45613373e+02  2.68822357e+02  3.35447418e+02  3.00840912e+02
   7.84969987e-01]
 [ 3.55047333e+02  2.81689087e+02  3.73033905e+02  3.20331909e+02
   5.81870226e-01]
 [ 4.01002625e+02  2.95273468e+02  3.90875854e+02  3.36700958e+02
   7.64105729e-01]
 [ 9.21461639e+01  2.42811829e+02  1.10960358e+02  2.76889832e+02
   2.04872382e-01]
 [ 1.28271335e+02  2.57351791e+02  1.34191587e+02  2.85122756e+02
   1.99622226e-01]
 [ 1.54950756e+02  2.55951385e+02  2.50978195e+02  3.26270966e+02
   1.47540782e-01]
 [ 1.65514832e+02  3.95427460e+02  1.64494812e+02  4.29020844e+02
   4.62330289e-01]
 [ 1.90987564e+02  4.04776062e+02  2.30082962e+02  4.42629272e+02
   2.17748255e-01]]