[[ 4.38618983e+01  1.57066681e+02  9.08390295e+01  1.82069397e+02
   1.68658811e-01]
 [ 1.13005410e+02  6.41014786e+01  1.99950218e+02  9.88935470e+01
  -7.84115585e-03]
 [ 3.59974945e+02  6.01792717e+00  4.03871246e+02  2.27157784e+01
  -3.27232527e-03]
 [ 3.25922607e+02  3.09092163e+02  5.12554199e+02  2.88030029e+02
  -5.34432746e-01]
 [ 4.98623269e+02  2.28285123e+02  5.92998069e+02  2.40416293e+02
  -8.86361601e-01]
 [ 1.81438446e+01  7.58435488e+00  1.79497726e+02  6.72590256e+01
  -2.91255495e-02]
 [ 3.18079296e+01  8.84566033e+01  1.74193848e+02  1.41854187e+02
  -4.99795696e-02]]