[[ 1.50256729e+02  3.08410225e+01  2.23832535e+02  5.88101845e+01
   1.45848365e-02]
 [ 2.45324738e+02  3.41645279e+01  2.88453898e+02  5.97527391e+01
   1.45848119e-02]
 [ 1.38001340e+02  1.92939278e+02  1.83229556e+02  1.98839774e+02
  -4.34866194e-01]
 [ 2.42451752e+02  4.03924652e+02  3.00554657e+02  4.21111664e+02
  -7.91770616e-02]
 [ 4.25634512e+02  1.83280937e+01  4.85620127e+02  3.99840668e+01
   8.25296543e-02]
 [ 4.22991860e+02  3.97657311e+01  5.33478843e+02  6.06651161e+01
   3.24435495e-02]
 [ 4.20833766e+02  6.54186858e+01  4.64134252e+02  8.41219026e+01
   3.05580275e-02]
 [ 4.89271301e+02  7.27978363e+01  5.59111267e+02  9.25883636e+01
   2.61328615e-02]
 [ 3.87424042e+02  3.55308228e+02  4.71091095e+02  3.98181824e+02
   1.41328486e-01]
 [ 3.80913867e+02  3.96271422e+02  4.53834608e+02  4.30252260e+02
   1.25995124e-01]
 [ 1.66636871e+02  5.95385971e+01  2.94564362e+02  1.00412529e+02
   2.42574429e-02]
 [ 2.67602320e+02  3.12508911e+02  3.09211462e+02  3.31702270e+02
  -3.82627136e-02]
 [ 2.71505646e+02  3.48922546e+02  3.25632721e+02  3.67783997e+02
  -2.66878780e-02]
 [ 5.23540100e+02  1.46551952e+01  5.76364929e+02  2.90613079e+01
  -5.02549861e-02]]