[[ 3.87588425e+01  1.60986115e+02  8.52926788e+01  1.81475616e+02
   1.55219988e-01]
 [ 1.52760449e+00  4.35064280e+01  1.58928290e+02  1.02997024e+02
  -4.44975507e-02]
 [ 4.76371276e+02  1.81677264e+02  5.94345246e+02  2.10949414e+02
  -9.80147330e-02]
 [ 2.55593262e+02  1.80383102e+02  3.26915344e+02  1.93108902e+02
  -4.69407002e-02]
 [ 2.45159637e+02  2.05401505e+02  2.94005219e+02  2.16423782e+02
  -7.47825688e-02]
 [ 7.42451248e+01  2.03123672e+02  1.27812218e+02  2.20717392e+02
  -9.15933900e-03]
 [ 1.01713124e+02  1.30348969e+02  2.17933818e+02  1.55412964e+02
  -3.36955056e-02]
 [ 3.66638123e+02  3.07844177e+02  4.77759338e+02  3.24601013e+02
  -5.53662016e-01]
 [ 4.66918091e+02  2.56176025e+02  6.04940430e+02  2.66770874e+02
  -4.17703972e-01]]