[[ 3.80025940e+02  2.61376820e+01  5.39134338e+02  7.22044678e+01
  -7.72089727e-02]
 [ 4.70678502e+02  2.80866911e+02  5.06000819e+02  3.11592684e+02
   7.10067750e-02]
 [ 4.54018494e+02  9.96491623e+01  5.28630763e+02  1.26114617e+02
   1.12317356e-02]
 [ 5.55662048e+02  1.00687874e+02  5.95405701e+02  1.26864647e+02
   1.12319067e-02]
 [ 4.54970377e+02  1.42282576e+02  5.09043173e+02  1.68767747e+02
   5.17445523e-02]
 [ 5.34409241e+02  1.43510727e+02  5.90669861e+02  1.72995255e+02
   5.17445887e-02]]