[[ 3.96595917e+02  2.98107635e+02  5.29640259e+02  2.14825775e+02
  -6.94172350e-01]
 [ 4.21581787e+02  3.32793762e+02  5.91463379e+02  2.35064514e+02
  -6.87710399e-01]
 [ 2.18820435e+02  1.19129349e+02  2.68892700e+02  1.42236557e+02
   1.18636105e-01]
 [ 3.57295088e+01  3.13337555e+02  7.85651232e+01  3.36946686e+02
  -3.36313979e-02]
 [ 2.01045119e+01  3.57569946e+02  9.37481034e+01  3.85543518e+02
  -5.98602304e-03]
 [ 1.13956818e+02  3.55153105e+02  1.34760284e+02  3.91635654e+02
   2.20131787e-01]
 [ 2.22834579e+02  3.09122740e+02  2.66630067e+02  3.30846195e+02
   1.13480642e-01]]