[[ 3.23894501e+01  2.49650848e+02  1.39441376e+02  3.47310944e+02
   2.59945008e-01]
 [ 1.97715843e+02  1.17886317e+02  3.36211709e+02  1.16886037e+02
  -2.93253329e-01]
 [ 2.66736237e+02  3.39530304e+02  3.84411774e+02  3.68297821e+02
  -4.53206439e-03]
 [ 4.13238921e+02  3.36564637e+02  4.51878328e+02  3.66011596e+02
  -2.63405994e-02]
 [ 2.41500046e+02  3.74499817e+02  2.82217407e+02  4.03026062e+02
  -2.01299923e-03]
 [ 3.08854611e+02  3.72591522e+02  4.40347232e+02  4.02707794e+02
  -2.01311809e-03]
 [ 1.66118713e+02  4.03259674e+02  2.85037262e+02  4.41199677e+02
  -2.80374791e-02]
 [ 3.11358725e+02  4.02967407e+02  5.58803720e+02  4.49712463e+02
  -2.01303564e-03]
 [ 7.01625824e+01  2.30503387e+02  1.81949478e+02  2.84320343e+02
   1.84853177e-01]
 [ 1.31768066e+02  1.62190857e+02  2.05484924e+02  1.80240540e+02
   7.30000441e-02]
 [ 1.18703534e+02  1.81380661e+02  2.00146866e+02  2.02077835e+02
   6.87922153e-02]
 [ 1.10382553e+02  1.47503290e+01  1.65988937e+02  2.04832993e+01
  -1.61345996e-01]
 [ 1.74397580e+02  4.28326464e+00  2.13259494e+02  9.47499227e+00
  -1.56909830e-01]
 [ 4.98931043e+01  4.32592774e+01  9.54701770e+01  4.73435974e+01
  -1.49091007e-01]
 [ 1.03919800e+02  3.47559242e+01  1.65346802e+02  3.68477364e+01
  -1.49091198e-01]
 [ 1.73684927e+02  2.09747609e+01  2.47240153e+02  2.90844203e+01
  -8.72183925e-02]
 [ 2.95785588e+01  6.52958523e+01  9.88670425e+01  6.97743378e+01
  -1.45718070e-01]
 [ 1.06904252e+02  5.67268038e+01  1.32905951e+02  6.50667411e+01
  -1.44591567e-01]
 [ 1.39572983e+02  4.89582977e+01  1.76175125e+02  5.81033707e+01
  -1.40069295e-01]
 [ 1.86865479e+02  4.19938354e+01  2.35953400e+02  4.67362213e+01
  -1.41201196e-01]
 [ 1.00448364e+02  7.39513702e+01  1.96562866e+02  7.26476288e+01
  -1.33240267e-01]
 [ 7.20675797e+01  9.59365845e+01  9.80466934e+01  1.10506546e+02
  -1.27582481e-02]
 [ 1.06986957e+02  9.26410833e+01  2.12328038e+02  9.11123652e+01
  -1.25208937e-01]]