[[ 3.78101959e+01  2.76080811e+02  1.08444321e+02  3.08161743e+02
   1.89424322e-01]
 [ 2.30026123e+02  3.79581055e+02  3.62538025e+02  4.65136963e+02
   2.36348202e-01]
 [ 2.15244786e+02  4.47047699e+02  4.32008327e+02  4.65585419e+02
  -6.45208504e-03]
 [ 2.95097151e+02  8.04928562e+01  4.55535173e+02  2.01882357e+02
   1.56532880e-01]
 [ 3.00024168e+02  3.18960406e+02  3.70904177e+02  3.68062727e+02
   3.82069442e-01]
 [ 2.92802820e+02  3.45122342e+02  3.42242530e+02  3.84891818e+02
   3.87798428e-01]
 [ 5.22830811e+01  3.06450714e+02  1.22482422e+02  3.34890778e+02
   1.71936220e-01]
 [ 4.74823509e+01  3.32137756e+02  7.86439803e+01  3.50570435e+02
   1.46248849e-01]
 [ 4.58779602e+01  3.53855469e+02  9.60649448e+01  3.73516541e+02
   1.41065405e-01]
 [ 1.97159497e+02  4.30141267e+02  3.28786364e+02  4.46440399e+02
  -3.56774384e-02]]