[[ 1.31813446e+02  1.17310219e+01  3.08149139e+02  5.20025406e+01
   7.29867767e-04]
 [ 2.18911723e+01  7.78970489e+01  3.09745974e+02  1.81340683e+02
   7.47572208e-03]
 [ 3.14794935e+02  1.77050533e+02  3.57435656e+02  2.02218937e+02
   2.46110233e-01]
 [ 3.68719635e+02  1.94902588e+02  4.01188141e+02  2.13209686e+02
   2.37268617e-01]
 [ 1.30925812e+02  2.33546204e+02  1.68144775e+02  2.26528229e+02
  -5.53395679e-01]
 [ 2.86964142e+02  3.28576294e+02  3.49856720e+02  3.31027771e+02
  -2.58020139e-01]
 [ 2.88237105e+02  3.55972569e+02  3.55711870e+02  3.61011806e+02
  -2.56106022e-01]
 [ 4.84500732e+02  3.04998993e+02  5.00310242e+02  3.52163910e+02
   3.83497219e-01]
 [ 3.54769592e+01  4.63008957e+01  1.43125871e+02  8.03077850e+01
   7.85248845e-03]
 [ 1.86989898e+02  5.57075043e+01  3.63496185e+02  8.20279083e+01
   2.33876170e-03]
 [ 3.97319244e+02  1.97556778e+02  4.58893280e+02  2.32590652e+02
   2.50026620e-01]]