[[5.31365295e+02 9.85566406e+01 5.91622739e+02 1.56618811e+02
  4.78001329e-01]
 [5.55762939e+01 1.87462891e+02 1.11195084e+02 2.48633667e+02
  5.19094610e-01]
 [4.43095459e+02 3.21455688e+01 5.90750000e+02 8.52789536e+01
  5.44120876e-02]
 [4.07108481e+02 2.20794249e+02 4.60235696e+02 2.56882967e+02
  4.45621210e-02]
 [4.41630681e+02 3.87981994e+02 4.79832637e+02 3.96605164e+02
  1.55034238e-02]
 [4.79741455e+02 3.88647888e+02 5.19588867e+02 3.96716064e+02
  8.10212769e-03]
 [3.85164086e+02 3.36648888e+00 4.55322974e+02 4.14377561e+01
  7.66454913e-02]]