[[ 1.69301758e+02  8.82085876e+01  2.64646484e+02  1.72622925e+02
   3.15174063e-01]
 [ 6.05400009e+01  6.77476883e+00  1.21948194e+02  6.28525971e+01
   1.57774273e-01]
 [ 1.47182877e+02  1.79559250e+01  1.66000504e+02  6.98549194e+01
   1.41221101e-01]
 [ 1.20959211e+02  2.07940178e+02  1.88666040e+02  2.88464732e+02
   3.85604370e-01]
 [ 4.60780182e+01  3.47693024e+02  1.50550964e+02  4.44571625e+02
   2.50914995e-01]
 [ 3.04147522e+02  1.14556885e+00  3.02648804e+02  6.65059052e+01
   6.25305767e-01]
 [ 2.28623939e+02  8.15375326e+01  3.21447839e+02  1.07574833e+02
  -1.49797970e-01]
 [ 4.99581451e+02  4.84096985e+01  5.01299404e+02  1.57367133e+02
   5.58394594e-01]
 [ 1.55051311e+02  3.83975585e+02  2.44451435e+02  4.37811952e+02
   2.11901060e-01]]