[[ 3.03588043e+02  1.25944214e+01  3.23536346e+02  6.99683228e+01
   6.05407099e-01]
 [ 3.96550049e+02  4.72615738e+01  5.27821350e+02  1.21693230e+02
   2.74556173e-02]
 [ 6.67483826e+01  1.96130505e+01  1.58110580e+02  4.19424057e+01
  -1.77727547e-02]
 [ 1.13327026e+01  5.59295807e+01  1.82900757e+02  8.49165955e+01
   1.40405466e-02]
 [ 7.55673218e+01  8.93097992e+01  1.50468231e+02  1.10533020e+02
  -7.29403392e-03]
 [ 4.15224860e+01  1.24039269e+02  1.41612432e+02  1.47150512e+02
  -5.10713664e-02]
 [ 3.32230029e+02  3.58166582e+01  3.50330640e+02  9.43601606e+01
   8.92003326e-01]
 [ 4.04596802e+02  1.17878027e+01  4.90706970e+02  5.01605759e+01
  -4.27319357e-02]
 [ 1.38295868e+02  1.21244453e+02  2.26525146e+02  1.38845612e+02
  -5.20031033e-02]
 [ 1.41514796e+02  1.54066117e+02  2.02566106e+02  1.66950363e+02
  -7.38217572e-02]]