[[ 2.73436631e+02  1.12020367e+02  3.71826736e+02  1.63350330e+02
   2.05273735e-01]
 [ 3.92496148e+02  1.37729781e+02  4.20228766e+02  1.67320878e+02
   1.66022886e-01]
 [ 3.15802216e+02  1.70020035e+02  3.33495941e+02  2.03752731e+02
   1.04620861e-01]
 [ 3.57617065e+02  1.76791336e+02  3.87800781e+02  2.04884689e+02
   8.47330780e-02]
 [ 1.39221130e+02  2.05460556e+02  2.33662292e+02  2.31345352e+02
  -2.43299720e-02]
 [ 3.88508270e+02  1.89059296e+02  4.51442108e+02  2.45537872e+02
   8.90135219e-02]
 [ 1.26655191e+02  3.13490274e+00  2.69071486e+02  1.25886879e+01
  -1.52247231e-03]
 [ 2.90840698e+02  3.21852446e+00  4.24709961e+02  1.30558395e+01
  -1.01593371e-03]
 [ 4.52718811e+02  4.78156853e+00  4.77921997e+02  1.54008808e+01
   8.60839024e-04]
 [ 9.87286224e+01  2.15479950e+02  1.56555191e+02  2.30047150e+02
  -1.33232555e-02]]