[[ 2.92691010e+02  3.44008301e+02  3.34944916e+02  3.58491699e+02
  -1.44608299e-01]
 [ 3.10818237e+02  1.51133118e+02  3.70729187e+02  1.72189484e+02
  -1.17541170e-01]
 [ 9.76181030e+01  1.87417145e+02  1.24317871e+02  1.90461761e+02
  -3.77232572e-01]
 [ 1.38370407e+02  1.75314987e+02  1.57519730e+02  1.77306961e+02
  -3.77233504e-01]
 [ 1.04846811e+02  2.09632937e+02  1.60673544e+02  2.06155881e+02
  -3.93440825e-01]
 [ 1.16261253e+02  2.33049988e+02  1.97554443e+02  2.14982208e+02
  -4.06585006e-01]]