[[ 1.00300064e+01  2.47484528e+02  6.42137527e+01  2.70978668e+02
   5.15951951e-02]
 [ 3.54081726e+00  2.85606781e+02  7.55826416e+01  3.04678741e+02
   9.03986051e-03]
 [ 1.07435851e+02  2.71709408e+02  1.20524965e+02  2.92402714e+02
   3.94008645e-01]
 [ 1.38066147e+02  2.86362061e+02  1.65487137e+02  3.10681641e+02
   3.88432263e-01]
 [ 8.55524292e+01  1.57208771e+02  1.76780823e+02  1.91627808e+02
   1.22221534e-01]
 [ 8.47568359e+01  1.90772232e+02  1.75011932e+02  2.25461960e+02
   1.31385177e-01]
 [ 1.23518688e+02  2.31356933e+02  1.61715908e+02  2.56992281e+02
   1.40352661e-01]
 [ 4.83244446e+02  1.08050171e+02  5.35606262e+02  9.16226196e+01
  -5.11222468e-01]
 [ 5.37655415e+02  7.76548621e+01  5.68072247e+02  7.34101861e+01
  -5.11223178e-01]
 [ 4.72975922e+02  1.46617798e+02  6.03750610e+02  1.18327850e+02
  -5.13900297e-01]
 [ 4.80774384e+02  2.07906219e+02  5.94042603e+02  1.89811920e+02
  -5.29099579e-01]]