[[ 4.26783783e+02  1.22623291e+02  5.40008582e+02  9.24984265e+01
  -5.11680558e-01]
 [ 4.43029957e+02  1.80167838e+02  5.35570201e+02  1.55379587e+02
  -5.19877720e-01]
 [ 3.25131973e+02  2.62270967e+02  4.00617295e+02  2.71417937e+02
  -9.57063874e-02]
 [ 4.81208030e+02  1.33998588e+02  5.78104104e+02  1.09479104e+02
  -5.16938098e-01]
 [ 4.91313568e+02  1.82854128e+02  5.78214386e+02  1.56404874e+02
  -5.23333495e-01]
 [ 3.50279663e+02  1.10557205e+02  3.78001709e+02  1.40162506e+02
   2.98087510e-01]
 [ 3.43647858e+02  1.40625793e+02  3.76670258e+02  1.72197723e+02
   3.37965740e-01]
 [ 3.79268555e+02  7.55669403e+00  4.31099792e+02  2.75612717e+01
   1.73888215e-02]
 [ 3.70315857e+02  3.42323685e+01  4.08833374e+02  5.84398575e+01
   3.62318103e-02]
 [ 2.53009018e+02  1.89980892e+02  2.79744264e+02  2.07978089e+02
   2.90694444e-01]]