[[ 4.91718726e+01  2.02340907e+02  1.06191882e+02  2.57906377e+02
   2.73119341e-01]
 [ 1.33900458e+02  2.20692893e+02  1.21403777e+02  2.69909650e+02
   6.34393713e-01]
 [-1.47701454e+00  3.46991333e+02  6.26208298e+01  3.54111267e+02
  -1.30338199e-01]
 [-4.65780371e-01  3.74979920e+02  5.63855115e+01  3.82885681e+02
  -1.55363942e-01]
 [ 3.17645782e+02  1.42206879e+02  3.65983734e+02  1.25110260e+02
  -6.09911713e-01]
 [ 3.73469559e+02  1.06610392e+02  4.38658553e+02  7.85956320e+01
  -6.10765983e-01]
 [ 4.41445190e+02  5.56974722e+01  4.85853150e+02  4.16583704e+01
  -6.09912497e-01]
 [ 4.00628223e+02  1.11669533e+02  4.61028271e+02  8.68537515e+01
  -6.21428208e-01]
 [ 3.85727580e+02  1.58006606e+02  4.67410726e+02  1.21888230e+02
  -6.25681353e-01]
 [ 4.65706725e+02  9.59256675e+01  5.21312196e+02  7.64386513e+01
  -6.24591840e-01]
 [ 3.84713616e+02  1.85825779e+02  4.55474129e+02  1.75552090e+02
  -4.89160189e-01]
 [ 4.52278229e+02  1.36434814e+02  5.93617432e+02  6.82767944e+01
  -5.94068120e-01]
 [ 4.89344666e+02  1.54264008e+02  5.64192810e+02  1.25230957e+02
  -6.50576035e-01]
 [ 3.00112691e+02  4.01909088e+02  3.41474345e+02  4.22931488e+02
  -7.41233005e-03]
 [ 3.63235107e+02  3.94117828e+02  5.60073364e+02  4.22012787e+02
  -9.83170259e-03]
 [ 1.68302907e+02  6.18641520e+01  2.51731822e+02  5.16574697e+01
  -4.38698955e-01]
 [ 1.71271606e+02  1.10438645e+02  2.51861756e+02  9.40005644e+01
  -4.53001669e-01]
 [ 2.62212585e+02  6.70030136e+01  3.02348022e+02  6.94257278e+01
  -4.53001676e-01]
 [ 9.02841766e+00  8.69927367e+01  6.02363447e+01  1.14830551e+02
   8.14188941e-02]
 [ 1.86910659e+02  7.18332522e+01  2.66385011e+02  6.95797269e+01
  -3.11645315e-01]]