[[ 8.23951736e+00  2.97997040e+02  3.49790611e+01  3.38488800e+02
  -4.10142008e-01]
 [ 3.35891151e+01  2.91369904e+02  1.27422668e+02  3.37437958e+02
  -1.17702616e-02]
 [ 1.38797511e+02  2.98768158e+02  2.08320287e+02  3.36485809e+02
  -8.25712101e-02]
 [ 4.63970596e+01  5.73236842e+00  4.51101209e+02  4.20204088e+01
   1.10683581e-02]
 [ 1.97152432e+02  2.40661896e+02  2.34769138e+02  2.52859344e+02
  -1.81209403e-01]
 [ 2.01109039e+02  2.65129517e+02  2.44777069e+02  2.75856506e+02
  -1.87357975e-01]]