[[ 1.73870850e+01  3.61752014e+01  2.02600418e+02  9.14388962e+01
   8.68216106e-03]
 [ 2.76707703e+02  2.92488403e+02  3.31867249e+02  3.25967712e+02
   7.26248294e-02]
 [ 9.65415955e-01  2.55146194e+02  1.40846357e+02  2.90412048e+02
  -2.68950442e-02]
 [ 1.86623871e+02  2.76460480e+02  2.36054504e+02  2.89138092e+02
  -2.45243397e-01]
 [ 2.39372131e+02  5.18037033e+00  3.88018311e+02  4.28717117e+01
   3.80433594e-03]
 [ 4.17432953e+02  8.62656403e+00  4.61620453e+02  4.21132355e+01
   3.70406301e-03]
 [ 4.95320923e+02  9.50022125e+00  5.85515137e+02  5.91716843e+01
   3.83732556e-02]
 [ 5.46674042e+01  2.91397614e+02  1.05883621e+02  3.03800079e+02
  -1.82764905e-02]
 [ 7.54776917e+01  3.13266907e+02  1.09497482e+02  3.27405884e+02
  -1.19736021e-02]
 [ 1.17534103e+02  3.12763397e+02  1.51147568e+02  3.27334503e+02
  -1.19749180e-02]
 [ 2.02693668e+02  2.41292971e+02  2.47238064e+02  2.53629576e+02
  -1.57341939e-01]]