[[ 4.79990845e+01  1.25960953e+02  1.00317932e+02  1.57740952e+02
   1.39986242e-01]
 [ 3.20589569e+02  3.02027466e+02  3.78554535e+02  3.10369141e+02
  -1.15403692e-01]
 [ 3.27372010e+02  3.25631809e+02  4.04281677e+02  3.29615139e+02
  -1.10329360e-01]
 [ 5.05616394e+02  3.24789215e+02  5.70695740e+02  3.18968414e+02
  -5.36712488e-01]
 [ 5.54554161e+02  2.99445963e+02  5.94904823e+02  3.04564779e+02
  -1.07114862e+00]
 [ 3.89533386e+01  5.29296112e+00  1.81308167e+02  4.23856354e+01
   4.18858101e-02]
 [ 9.57873316e+01  1.13972411e+02  1.40403458e+02  1.43721619e+02
   1.43129056e-01]
 [ 9.45720978e+01  1.58001633e+02  1.28865372e+02  1.79675827e+02
   1.32830875e-01]
 [ 4.56341052e+02  4.11121596e+02  5.83071057e+02  3.87207384e+02
  -8.38656152e-01]
 [ 4.22664032e+02  2.77446350e+02  4.51511871e+02  3.02323242e+02
  -1.44923014e-01]
 [ 3.29494801e+01  3.10229406e+02  2.24989241e+02  2.58214259e+02
  -3.59850497e-01]
 [ 2.28710571e+02  2.39144302e+02  2.64637817e+02  2.40569046e+02
  -3.43741763e-01]]