[[ 5.45552856e+02  4.10338196e+02  5.94922241e+02  4.21686768e+02
  -1.49793753e-01]
 [ 5.11035217e+02  6.19876099e+01  5.76254944e+02  8.68792114e+01
   4.47903105e-02]
 [ 3.59722870e+02  3.70691132e+02  4.72900177e+02  3.93638702e+02
  -5.15164976e-02]
 [ 5.00005909e+01  3.36917939e+02  9.21709332e+01  3.55704802e+02
  -5.36276999e-02]
 [ 2.52327380e+02  2.25678391e+01  3.82587048e+02  3.29191261e+01
  -1.87917620e-01]
 [ 2.18886963e+02  1.20472961e+02  3.42980713e+02  1.54290771e+02
   1.42726141e-01]
 [ 4.08222714e+02  1.39457336e+02  4.76310977e+02  1.74510254e+02
   1.53368636e-01]
 [ 1.58898444e+02  1.51317134e+02  2.90071527e+02  1.97463688e+02
   1.73530516e-01]
 [ 3.62594989e+02  1.85032880e+02  4.74896161e+02  2.33289477e+02
   1.89956159e-01]
 [ 1.41069069e+02  1.65361831e+01  2.51303001e+02  3.86459077e+01
  -9.18589969e-02]
 [ 1.55861298e+02  6.29342651e+01  2.13609741e+02  8.11589203e+01
  -2.00046852e-01]]