[[ 2.68877502e+02  3.88368042e+02  4.88944031e+02  4.43740601e+02
   6.29986277e-03]
 [ 4.05683014e+01  1.91635707e+02  9.48327623e+01  2.70143804e+02
   3.71234151e-01]
 [ 1.88944969e+01  7.49282376e+01  6.76777344e+01  9.37124176e+01
  -4.25460294e-02]
 [ 2.18620081e+01  9.81875456e+01  6.32485132e+01  1.21523850e+02
   6.91896959e-02]
 [ 1.54709518e+02  4.18408691e+02  2.34105911e+02  4.34707703e+02
  -8.03233556e-02]
 [ 1.06042282e+02  2.14687103e+02  1.61720383e+02  2.75813263e+02
   3.35437287e-01]
 [ 9.17795166e+00  1.09875534e+02  5.59321257e+01  1.35612305e+02
   7.23310480e-02]]