[[ 2.16155507e+02  1.83736565e+02  3.43536403e+02  1.80294136e+02
  -2.88609768e-01]
 [ 1.89479769e+02  5.04671352e+01  2.29407377e+02  8.63968479e+01
   3.55109568e-01]
 [ 1.99530019e+02  9.30359647e+01  2.37707591e+02  1.22289566e+02
   2.46781046e-02]
 [ 5.53035431e+01  3.58646545e+02  1.05778259e+02  3.78462219e+02
   1.44081960e-02]
 [ 2.24533359e+02  2.28270350e+02  3.31203396e+02  2.11644353e+02
  -3.59754474e-01]
 [ 3.92934387e+02  1.87760010e+02  4.44548767e+02  1.61258789e+02
  -7.05469701e-01]
 [ 4.12869568e+02  2.00905212e+02  4.83318848e+02  1.64260315e+02
  -7.02238814e-01]
 [ 4.35316498e+02  2.20776443e+02  5.03815765e+02  1.92414566e+02
  -6.98147632e-01]
 [ 4.66183685e+02  2.44470764e+02  5.66804443e+02  1.99170013e+02
  -6.92795887e-01]]