[[ 3.95852692e+02  8.45534897e+00  4.54984283e+02  4.74082375e+01
   6.34317185e-02]
 [ 3.88073164e+02  1.25094667e+02  4.46338396e+02  1.32658477e+02
  -7.05530137e-02]
 [ 3.86859921e+02  1.50553726e+02  4.50150943e+02  1.56329788e+02
  -6.46142403e-02]
 [ 3.85055673e+02  1.71503145e+02  4.38126334e+02  1.83896361e+02
  -5.55624625e-02]
 [ 1.26053620e+02  2.13577572e+02  1.62567229e+02  2.83159795e+02
   1.94327882e-01]
 [ 1.90863940e+02  2.23568958e+02  2.14247480e+02  2.99663281e+02
   1.86969212e-01]
 [ 4.19844514e+01  4.55232306e+01  5.96827086e+01  6.87713251e+01
   1.11231011e-01]
 [ 7.14085820e+01  4.97633500e+01  1.09075198e+02  7.90345932e+01
   1.43117690e-01]
 [ 1.24766891e+02  5.74524155e+01  1.35469833e+02  8.45191422e+01
   1.40378627e-01]
 [ 4.63248813e+02  8.61761659e+01  4.62557340e+02  1.24530514e+02
   5.55241270e-01]
 [ 4.82600476e+02  9.20505058e+01  5.32976703e+02  1.21000093e+02
   1.65619898e-02]
 [ 4.57841540e+02  2.22081900e+01  5.23731733e+02  5.65700486e+01
   7.13177348e-02]
 [ 4.75157532e+02  5.71305695e+01  5.70033386e+02  9.47786865e+01
  -4.25209318e-02]]