[[ 1.67377777e+02  3.00294617e+02  2.29478516e+02  3.34658936e+02
   4.73949843e-02]
 [-3.20744324e+00  2.93175537e+02  3.31175156e+01  3.09029846e+02
  -9.70824648e-03]
 [ 4.05063232e+02  7.53549118e+01  4.80378784e+02  8.85316696e+01
  -6.18975273e-03]
 [ 3.89597515e+02  9.62929609e+01  5.93629505e+02  1.17840447e+02
   1.21157917e-02]
 [ 1.30129672e+01  3.83306695e+01  1.52707110e+02  9.97556457e+01
  -2.62413756e-02]
 [ 6.83489380e+01  2.94539185e+02  9.24824066e+01  3.33141724e+02
   5.66116790e-01]
 [ 2.24656679e+02  3.08156829e+02  2.71238401e+02  3.29240082e+02
   1.37462395e-02]
 [ 4.30908569e+02  1.75634750e+02  5.40373047e+02  2.15339645e+02
   7.87760726e-02]
 [ 1.57702061e+02  7.24877935e+01  2.43107082e+02  9.90240778e+01
  -5.31964742e-02]
 [ 2.64001708e+02  6.86835633e+01  3.74834962e+02  9.17527465e+01
  -6.65972309e-02]]