[[ 6.35579376e+01  2.00636444e+01  1.61793182e+02  4.78747482e+01
   1.74541153e-02]
 [ 1.94951717e+02  1.99083859e+01  2.29814457e+02  4.86703418e+01
   6.66412867e-02]
 [ 2.95114592e+02  3.20640228e+02  4.11989107e+02  3.27054840e+02
  -1.15264027e-01]
 [ 4.45410620e+01  1.41123977e+02  1.23859188e+02  1.83290146e+02
   1.09650367e-01]
 [ 4.81334656e+02  6.12913704e+00  5.83747742e+02  2.95223598e+01
   1.47151719e-03]
 [ 3.98318909e+02  3.88505371e+02  4.67004517e+02  3.87581177e+02
  -4.49280498e-01]
 [ 4.59422699e+02  3.58147644e+02  5.05957001e+02  3.54412964e+02
  -5.31059431e-01]
 [ 5.05040680e+02  3.38982391e+02  5.47877808e+02  3.30979156e+02
  -5.01158885e-01]
 [ 4.17548790e+02  4.29929693e+02  4.71078773e+02  4.25961604e+02
  -6.13382080e-01]
 [ 4.70210462e+02  4.04055069e+02  5.24936646e+02  3.88047272e+02
  -8.73242233e-01]
 [ 5.17943822e+02  3.66143327e+02  5.82824733e+02  3.50425093e+02
  -5.66010428e-01]
 [ 5.65251099e+02  3.83165314e+02  5.99974976e+02  3.83310822e+02
  -9.82032611e-01]
 [ 1.67728523e+02  5.49921751e+00  1.99348809e+02  2.67981071e+01
  -1.32706124e-05]
 [ 2.20315338e+02  5.48815536e+00  2.70128113e+02  2.68234749e+01
   2.92578289e-04]
 [ 2.92625648e+02  2.50985876e+00  3.85405419e+02  3.56743301e+01
   9.40465027e-02]
 [ 5.31308587e+02  3.86724014e+01  5.89908454e+02  5.88095322e+01
   8.66914520e-03]]