[[ 1.73618375e+02  1.30317260e+02  2.33789675e+02  1.65604981e+02
   2.64497783e-01]
 [ 8.76233063e+01  4.28162651e+01  1.54220139e+02  6.37875099e+01
  -2.04194529e-02]
 [ 1.69627258e+02  4.27956619e+01  1.98381409e+02  6.28856125e+01
  -2.04197452e-02]
 [ 9.16359787e+01  8.01654053e+01  1.15616737e+02  1.00023895e+02
  -3.17356225e-02]
 [ 1.31130958e+02  7.82399600e+01  2.00600182e+02  9.73259885e+01
  -3.17355037e-02]
 [ 1.15156981e+02  1.13671189e+02  1.86583406e+02  1.31475173e+02
  -4.27368611e-02]
 [ 2.26748444e+02  3.44582214e+01  3.05572189e+02  7.07541811e+01
   1.46171284e-02]
 [ 3.33866425e+02  3.49177488e+01  3.64373688e+02  6.51026674e+01
  -7.39819939e-03]
 [ 3.92899961e+02  3.37219162e+01  4.55926821e+02  6.65582047e+01
   1.71140524e-02]]