[[ 1.89263763e+02  4.03482437e+01  2.20367401e+02  7.18564453e+01
   2.98458366e-01]
 [ 1.98908373e+02  7.72496625e+01  2.31997389e+02  1.05180422e+02
   1.31322782e-01]
 [ 2.11116196e+02  1.01022385e+02  2.38018814e+02  1.28102859e+02
  -2.66840009e-01]
 [ 2.35158171e+02  1.02221072e+02  2.60761017e+02  1.32877777e+02
  -2.66483689e-01]
 [ 6.37770233e+01  1.08169174e+00  1.16028719e+02  2.89334911e+01
   1.54276928e-01]
 [ 2.27703583e+02  3.04519043e+02  2.67754425e+02  3.25362854e+02
   1.47438313e-01]]