[[ 1.12172240e+01  5.33960953e+01  4.48788574e+02  6.58265152e+01
  -1.21192699e-01]
 [ 1.08151517e+02  1.81211502e+02  1.77088999e+02  1.95285629e+02
   1.98407978e-02]
 [ 7.44426115e+01  2.33194855e+02  1.75723923e+02  2.96417450e+02
   9.96232453e-02]
 [ 3.08623047e+01  2.96210358e+02  9.64601898e+01  3.86983246e+02
   3.37022256e-01]
 [ 1.95042450e+02  1.43544281e+02  2.65856628e+02  1.41407166e+02
  -2.96309400e-01]
 [ 2.69568566e+02  1.22274988e+02  3.05487523e+02  1.29277068e+02
  -2.96592488e-01]
 [ 3.63171370e+02  3.09027649e+02  5.92531297e+02  4.31258973e+02
   7.93889446e-03]
 [ 3.05639877e+01  2.68701355e+02  7.75676193e+01  2.95895874e+02
   2.03489815e-01]
 [ 2.42773228e+01  2.87269257e+02  1.79097233e+01  3.16076569e+02
   6.89448570e-01]
 [ 4.95632226e+01  2.93299940e+02  5.04081671e+01  3.27312120e+02
   6.57841265e-01]
 [ 1.87488247e+02  1.16806356e+02  2.53937351e+02  1.21540720e+02
  -2.72688491e-01]
 [ 2.57940216e+02  9.85941467e+01  2.90367889e+02  1.11352737e+02
  -6.45288934e-01]]