[[ 1.70619703e+02  1.86868912e+02  2.04677599e+02  1.92332107e+02
  -3.24939209e-01]
 [ 3.77568260e+02  5.91795077e+01  4.14639260e+02  1.01082562e+02
   4.85355177e-01]
 [ 4.43627129e+01  3.43611374e+01  1.25084641e+02  5.41912231e+01
  -2.35033529e-03]
 [ 1.45967682e+02  3.60783081e+01  1.89834503e+02  5.40707550e+01
  -1.62673503e-03]
 [ 6.08775263e+01  6.40192490e+01  1.69250278e+02  8.30734787e+01
  -3.51281369e-03]
 [ 4.64684021e+02  9.31735764e+01  5.53490051e+02  1.06930260e+02
  -3.30642181e-02]
 [ 4.97509827e+02  9.09411240e+00  5.59893494e+02  3.20943871e+01
   6.59389104e-02]
 [ 5.00948059e+02  3.59324417e+01  5.59900574e+02  6.21737061e+01
   8.85724765e-02]]