[[ 2.89411359e+02  2.01283145e+01  4.34371051e+02  5.19004788e+01
   2.52029587e-02]
 [ 4.81972473e+02  2.19316406e+01  5.64716736e+02  5.26132736e+01
   1.58848420e-02]
 [ 2.71241107e+02  7.41314007e+01  3.13256573e+02  9.93763813e+01
   3.27029589e-02]
 [ 3.47823425e+02  7.06801224e+01  5.87357245e+02  1.26254906e+02
   2.29336812e-02]
 [ 3.52850033e+00  4.29428010e+02  5.57835534e+01  4.46930327e+02
  -1.28136238e-01]
 [ 2.19785034e+02  3.57834320e+02  2.67865448e+02  3.80018036e+02
   3.74818167e-02]
 [ 2.16141724e+02  3.93847565e+02  2.58431641e+02  4.23227570e+02
   5.60672794e-02]
 [ 2.14785253e+02  4.34040314e+02  2.79316126e+02  4.58009491e+02
   3.61958254e-03]
 [ 3.94031616e+02  4.26507904e+02  6.07360168e+02  4.61984894e+02
  -1.41345424e-02]
 [ 5.71760233e+01  5.17912978e+01  1.63193026e+02  7.30216371e+01
   6.64165278e-02]
 [ 1.75758694e+02  5.88581542e+01  2.02731418e+02  6.93694916e+01
   2.36278266e-02]
 [ 2.15658192e+02  5.77718427e+01  3.38027477e+02  7.46341479e+01
   1.95513150e-02]
 [ 1.16954041e+02  7.73903809e+01  2.62284912e+02  9.81182861e+01
   2.71886483e-02]
 [ 9.34639359e+00  4.09719147e+02  5.27042961e+01  4.23929474e+02
  -3.45483419e-02]
 [ 1.10393274e+02  4.08811706e+02  2.28616705e+02  4.42212708e+02
   2.21687021e-02]]