[[ 1.29425047e+01  7.59772779e+00  1.08443008e+02  4.72630539e+01
  -2.57141343e-03]
 [ 3.58879242e+02  7.07048750e+00  3.98259674e+02  2.50123596e+01
  -2.73742758e-03]
 [ 3.69175323e+02  3.25283508e+01  5.52460205e+02  9.64808807e+01
  -1.07535974e-02]
 [ 9.28307648e+01  1.85266464e+02  1.65475571e+02  1.94393112e+02
  -7.53547139e-02]
 [ 8.91455688e+01  1.92354660e+02  1.56419083e+02  2.12239151e+02
   5.46474396e-02]
 [ 9.74321136e+01  7.30598755e+01  1.89318069e+02  1.15035095e+02
  -2.99499336e-02]]