[[ 3.44447327e+02  4.36102722e+02  4.46972839e+02  4.60919800e+02
  -4.55230675e-02]
 [ 3.59598160e+00  1.28251038e+01  6.33296471e+01  3.21987495e+01
   1.13854093e-02]
 [ 7.84988056e+01  1.84890556e+01  1.35451062e+02  3.29728776e+01
   6.39479666e-03]
 [ 1.54030727e+02  1.75457916e+01  2.29859867e+02  3.70264283e+01
   1.23848989e-02]
 [ 2.40861655e+02  1.53986663e+01  3.48165070e+02  3.54418564e+01
   1.13853757e-02]
 [ 3.22738251e+02  2.95141937e+02  4.66405426e+02  3.80032013e+02
   1.14944996e-01]
 [ 5.41873473e+02  3.00869537e+02  5.71543641e+02  3.07556489e+02
  -9.74894483e-01]
 [ 5.64394043e+02  2.92716949e+02  6.01484009e+02  2.94538727e+02
  -9.84431753e-01]
 [ 4.37755912e+02  3.99742889e+02  5.21961792e+02  4.17434540e+02
   1.57236961e-03]
 [ 4.44881439e+02  4.30030975e+02  5.03038055e+02  4.63136261e+02
   1.50305346e-01]
 [ 5.16529602e+02  4.32901093e+02  5.60400818e+02  4.52741852e+02
  -3.78481104e-04]
 [ 1.45584381e+02  3.33555832e+01  3.40234589e+02  7.47507629e+01
   6.75613568e-02]
 [ 8.38554230e+01  7.65224152e+01  1.83104324e+02  1.05040909e+02
   3.61367483e-02]
 [ 2.21283136e+02  8.11153028e+01  3.38728293e+02  1.10667092e+02
   3.61367090e-02]
 [ 4.44846924e+02  2.87007080e+02  4.95458191e+02  3.42987427e+02
   4.54240374e-01]
 [ 5.35334106e+02  3.24048584e+02  5.66699829e+02  3.31254089e+02
  -9.49821137e-01]
 [ 5.50672485e+02  3.13941833e+02  5.96447388e+02  3.19195618e+02
  -3.11585642e-01]]