[[ 4.83962777e+02  1.94052707e+01  5.41895255e+02  5.81741207e+01
   2.61799028e-01]
 [ 2.55544120e+02  2.57138246e+02  3.65857247e+02  2.70092528e+02
  -1.22133724e-01]
 [ 1.57883148e+02  1.74535400e+02  1.96693268e+02  2.10112061e+02
   4.14993786e-01]
 [ 2.14031464e+02  2.02327148e+02  2.30265625e+02  2.22779327e+02
   1.93300816e-01]
 [ 3.67109375e+02  3.44636902e+02  4.23399780e+02  3.87483093e+02
  -5.88602627e-02]
 [ 4.38589410e+02  3.36369203e+02  5.28084358e+02  3.84190978e+02
  -1.26868428e-01]
 [ 3.64611206e+02  1.27019806e+02  4.14664795e+02  1.56351685e+02
   2.25454865e-01]
 [ 2.37874268e+02  2.74037323e+02  3.10127563e+02  2.92398346e+02
  -3.99858558e-02]
 [ 1.47690979e+02  1.50278290e+02  1.61988678e+02  1.76344238e+02
   4.14993805e-01]
 [ 1.84378257e+02  1.71565930e+02  2.32813119e+02  2.07548176e+02
   4.14993909e-01]
 [ 3.69147797e+02  3.16817352e+02  4.36337921e+02  3.29697052e+02
  -1.78122594e-01]
 [ 4.48625905e+02  2.85960543e+02  5.18694102e+02  3.14870390e+02
  -1.78123069e-01]
 [ 5.42537781e+02  2.76225922e+02  5.75546814e+02  3.04984955e+02
  -1.65744891e-01]
 [ 3.53768592e+02  1.48519937e+02  4.02980004e+02  1.75947806e+02
   2.68131000e-01]]