[[ 7.12243440e+01  2.37737076e+02  1.65142020e+02  2.57921508e+02
  -4.80487600e-02]
 [ 1.00827784e+02  2.70918427e+02  1.51772497e+02  2.90818817e+02
  -4.11780111e-02]
 [ 1.76837936e+02  2.49199646e+02  2.37604813e+02  2.80021851e+02
  -2.22716566e-01]
 [ 4.74967651e+02  1.79683197e+02  5.79474609e+02  1.79031799e+02
  -3.16456729e-01]
 [ 5.06519287e+02  2.14831650e+02  4.83464844e+02  2.53351273e+02
   7.44568567e-01]
 [ 5.14596209e+02  2.21373982e+02  5.62360972e+02  2.68312518e+02
   2.48577319e-01]
 [ 2.00955063e+02  2.29849884e+02  2.43217117e+02  2.52421082e+02
  -8.12972804e-02]]