[[ 5.90863800e+00  2.17719879e+01  1.72320496e+02  6.39201050e+01
  -2.44044796e-02]
 [ 1.29773972e+02  2.16392853e+02  1.51642929e+02  2.76524628e+02
   2.64256363e-01]
 [ 3.62216389e+02  2.54579245e+02  4.01057842e+02  3.22674539e+02
   6.73690086e-01]
 [ 6.85888062e+01  6.97160721e+01  2.50570007e+02  9.76454086e+01
   5.88414928e-03]
 [ 4.70220630e+02  2.96166596e+02  5.31519787e+02  3.08775543e+02
  -9.58911074e-03]
 [ 4.78060361e+02  3.19627624e+02  5.39623080e+02  3.30356995e+02
   8.26196738e-03]]