[[ 1.45669473e+02  2.99264984e+02  2.23868796e+02  3.32309418e+02
   4.73937614e-02]
 [ 4.36545029e+01  4.24446640e+01  1.20410393e+02  7.11450882e+01
  -4.92572626e-02]
 [ 1.47780914e+01  9.95253372e+01  5.43649216e+01  1.27201927e+02
  -4.97006359e-02]
 [ 8.53641968e+01  9.42134247e+01  1.53028320e+02  1.35827835e+02
   6.92605645e-02]
 [ 7.87224753e+01  2.71785397e+02  1.13966973e+02  3.33263672e+02
   5.86662719e-01]
 [ 3.41338726e+02  1.67089750e+02  5.26996357e+02  2.22481264e+02
   1.09272691e-01]
 [ 3.10117641e+02  2.16563806e+02  5.34153782e+02  3.23579627e+02
   1.85724769e-01]
 [ 2.18514723e+02  3.13266877e+02  2.81978868e+02  3.27514556e+02
  -3.77691040e-02]
 [ 1.17381454e+02  7.44181519e+01  1.85156876e+02  9.17447815e+01
  -5.20009004e-02]
 [ 1.91329697e+02  7.07461929e+01  2.73508667e+02  8.71461868e+01
  -5.20011017e-02]
 [ 2.80606353e+02  6.83572215e+01  2.98076142e+02  8.48452169e+01
  -6.17344110e-02]
 [ 3.94191490e+02  5.99338150e+01  5.04979469e+02  8.47166367e+01
   1.76968012e-03]
 [ 3.73125183e+02  9.74849548e+01  4.87563782e+02  1.33487427e+02
   3.53064637e-02]]