[[7.02858025e+01 2.73277362e+02 1.06190455e+02 3.33700787e+02
  6.00688533e-01]
 [3.53084094e+02 2.08150130e+02 4.40674329e+02 2.37728777e+02
  1.29754973e-01]
 [2.79120544e+02 2.19880463e+02 3.45885742e+02 2.51818146e+02
  1.32844777e-01]
 [3.57989166e+02 2.29745026e+02 4.17728790e+02 2.64047394e+02
  1.54374252e-01]
 [4.33133166e+02 2.41161925e+02 5.42665296e+02 2.77225588e+02
  1.33904661e-01]
 [2.56055855e+02 2.37574886e+02 3.58237663e+02 2.75758305e+02
  1.64039395e-01]
 [3.69250549e+02 2.52925629e+02 5.08359924e+02 3.07105865e+02
  1.89900339e-01]
 [3.57672439e+02 2.80803647e+02 4.07468186e+02 3.13683475e+02
  1.77316864e-01]]