[[ 1.54789442e+02  7.52608642e+01  2.36933763e+02  9.50823365e+01
   3.84667002e-02]
 [ 2.71787108e+02  5.61177825e+01  3.36884523e+02  8.75417634e+01
   7.15915075e-02]
 [ 2.42190743e+02  3.72193634e+02  2.91168464e+02  3.92358490e+02
  -1.54126170e-03]
 [ 3.08044673e+02  3.72872772e+02  3.54306463e+02  3.92346649e+02
  -1.49311748e-03]
 [ 4.29815539e+01  2.64356568e+02  9.94185774e+01  2.65229430e+02
  -1.45750434e-01]
 [ 5.59799881e+01  2.79590118e+02  1.02408928e+02  2.84726898e+02
  -1.45897503e-01]
 [ 6.82768207e+01  2.98778107e+02  1.07547322e+02  3.02496124e+02
  -1.46162011e-01]]