[[ 5.07345345e+01  7.87727813e+01  8.87824943e+01  1.06043579e+02
   7.62733904e-02]
 [ 4.61091461e+01  1.12661118e+02  8.52456207e+01  1.37340836e+02
   6.33234101e-02]
 [ 1.42572585e+02  4.24937683e+02  2.25637162e+02  4.45411682e+02
   5.47500245e-03]
 [ 3.74103687e+02  9.93977288e+01  4.15050122e+02  9.16860114e+01
  -6.09070762e-01]
 [ 4.21802960e+02  6.54422512e+01  5.12144855e+02  2.30169010e+01
  -6.14315760e-01]
 [ 4.29433642e+02  9.28440883e+01  5.38442627e+02  3.93953400e+01
  -6.23519394e-01]
 [ 5.54496399e+01  2.04869898e+02  1.38489169e+02  2.70987950e+02
   2.56890736e-01]
 [ 2.77892099e+00  7.35983424e+01  4.49220742e+01  9.77887424e+01
   7.82488620e-02]
 [ 1.92060089e+00  1.09555862e+02  4.46621933e+01  1.31868744e+02
   6.44938663e-02]
 [ 6.41776998e+00  2.84706573e+02  1.53993317e+02  3.07425323e+02
   3.30868808e-02]
 [ 3.81825593e+00  1.15057596e+01  7.62876247e+01  3.08898770e+01
  -7.76649440e-02]
 [ 4.23973572e+02  1.77138962e+02  4.85567322e+02  1.62754593e+02
  -9.61660554e-01]
 [ 4.81234528e+02  1.33022156e+02  5.93088013e+02  8.48494263e+01
  -6.36823689e-01]]