[[ 2.19525845e+01  3.56725189e+02  9.19019802e+01  3.68285736e+02
  -7.44403778e-02]
 [ 1.00999835e+01  6.80191648e+01  4.07794739e+01  9.35272221e+01
   7.98331848e-02]
 [ 9.52604644e+00  1.07176239e+02  6.51346839e+01  1.34149567e+02
   6.41034105e-02]
 [ 1.51039868e+02  6.22033139e+01  2.40601886e+02  5.80695895e+01
  -4.80114735e-01]
 [ 3.82945980e+02  5.78071851e+01  4.61864506e+02  2.31350146e+01
  -6.00100238e-01]
 [ 3.74210655e+02  8.91390129e+01  5.16765297e+02  1.32341561e+01
  -5.86865576e-01]
 [ 3.96121613e+02  1.01321014e+02  4.47560333e+02  8.46425018e+01
  -6.18417241e-01]
 [ 4.48712137e+02  6.25828791e+01  5.36027975e+02  3.18134832e+01
  -5.38477047e-01]
 [ 4.26228507e+02  1.13140464e+02  5.76288522e+02  3.22499325e+01
  -6.21772260e-01]
 [ 1.61121217e+02  4.22671753e+02  2.03531554e+02  4.41270325e+02
   5.74373007e-03]
 [ 3.55622162e+02  2.38826996e+02  4.35052460e+02  3.04864716e+02
   3.12155324e-01]
 [ 8.27393743e+00  9.29217984e+01  7.55027225e+01  1.16698624e+02
   7.90407082e-02]
 [ 1.92102449e+02  1.00252493e+02  2.91557875e+02  8.48024994e+01
  -4.31922214e-01]
 [ 3.03985931e+02  1.78129303e+02  4.19513458e+02  2.59083313e+02
   4.19234398e-01]]