[[ 3.44998474e+02  3.01430450e+02  4.93862427e+02  2.63710236e+02
  -4.79542608e-01]
 [ 5.04488251e+02  2.25492691e+02  5.76817633e+02  2.20316006e+02
  -4.44369102e-01]
 [ 3.29183731e+01  4.68137737e+01  1.29751923e+02  6.98369980e+01
  -2.96130075e-02]
 [ 4.03392745e+01  8.78805621e+01  1.54063893e+02  1.10774986e+02
  -4.77958635e-02]
 [ 3.37029430e+02  3.84614963e+01  3.51180103e+02  8.00778714e+01
   6.12108666e-01]
 [ 4.67764954e+02  4.17359390e+01  5.94375427e+02  6.92438736e+01
  -6.46042016e-02]
 [ 4.70794739e+02  8.73752365e+01  5.56237976e+02  1.19507484e+02
   3.26625305e-02]
 [ 5.00554565e+02  1.32196533e+02  5.62395264e+02  1.66033875e+02
   9.00249873e-02]
 [ 4.82104309e+02  2.49891541e+02  5.32676514e+02  2.50201965e+02
  -4.51519983e-01]
 [ 1.49919785e+02  7.50472183e+01  2.04752426e+02  1.06242912e+02
  -4.68557141e-02]
 [ 1.34459641e+02  1.27886238e+02  2.27389755e+02  1.54167572e+02
  -5.47871751e-02]]