[[ 4.18479126e+02  3.35674194e+02  4.69475586e+02  3.68791382e+02
   8.85825808e-02]
 [ 4.46949700e+02  2.71240902e+02  5.94321174e+02  3.86872806e+02
   4.41704231e-01]
 [ 2.57527008e+02  5.75251160e+01  4.64768951e+02  1.48670532e+02
   1.29359877e-02]
 [ 5.39028126e+02  1.99711407e+02  5.71564282e+02  2.20365375e+02
   2.78376104e-01]
 [ 5.75689717e+02  2.07258777e+02  5.94399517e+02  2.23756482e+02
   2.80170033e-01]
 [ 1.15951080e+01  2.56410065e+01  1.41648865e+02  7.46276398e+01
   5.87384079e-04]
 [ 1.74850601e+02  3.70739746e+01  2.07299850e+02  7.47853851e+01
  -3.45894446e-03]]