[[ 4.78539644e+02  2.88766476e+02  5.92216582e+02  3.41199405e+02
   1.22357391e-01]
 [ 1.09605777e+02  3.27575226e+02  2.39144223e+02  3.81359284e+02
   2.58780754e-02]
 [ 3.69325193e+02  1.57450869e+02  4.10122073e+02  1.45777219e+02
  -7.71587735e-01]
 [ 3.79875670e+02  1.76335298e+02  4.21241701e+02  1.61291746e+02
  -7.71999154e-01]
 [ 4.59597693e+02  3.32096616e+02  5.63697687e+02  3.92597541e+02
   1.25381137e-01]
 [ 2.27114807e+02  2.81589417e+02  4.10132996e+02  3.86337646e+02
   3.84043155e-03]]