[[ 2.59704494e+01  3.33722153e+01  1.02409063e+02  7.77708130e+01
  -3.75632407e-03]
 [ 4.22691711e+02  4.32977905e+01  5.86018860e+02  8.25857925e+01
   5.38095648e-02]
 [ 3.42685862e+02  3.50428006e+02  4.73824026e+02  4.04603244e+02
   1.69227038e-01]
 [ 2.78609829e+01  1.81705597e+02  7.61942521e+01  1.91580933e+02
  -2.44018774e-01]
 [ 2.78140402e+01  3.61229614e+02  1.28239743e+02  3.94435425e+02
   5.45225723e-03]
 [ 6.61125793e+01  4.15856598e+02  1.33609985e+02  4.45527191e+02
   1.24629222e-03]
 [ 1.54995941e+02  1.76542206e+01  2.17236084e+02  3.95231247e+01
   9.92243360e-03]
 [ 2.40177519e+02  1.75465927e+01  3.46570162e+02  4.08064728e+01
   9.92240785e-03]
 [ 1.68204765e+02  5.42361678e+01  2.57317956e+02  7.23072056e+01
   1.77144504e-02]
 [ 2.82559524e+02  5.60204083e+01  3.18217576e+02  7.33861163e+01
   1.77144216e-02]
 [ 1.57674683e+02  7.94080276e+01  2.56807617e+02  1.07203087e+02
   2.61108686e-02]
 [ 2.82424319e+02  8.09909890e+01  3.27607541e+02  1.09052163e+02
   2.61108865e-02]
 [ 4.24881134e+01  1.03755615e+02  1.03372208e+02  1.35735413e+02
  -1.98738273e-02]
 [ 3.56655365e+02  3.80716644e+02  4.38373322e+02  4.35967377e+02
   2.70443791e-01]
 [ 1.04058142e+02  3.92436677e+02  1.84113184e+02  4.19848602e+02
  -5.52155939e-02]]