[[ 3.46129349e+02  1.32940409e+02  4.02680283e+02  1.70476796e+02
   3.18484066e-01]
 [ 2.06503906e+01  3.07752625e+02  9.38592224e+01  3.39411255e+02
  -2.45523905e-02]
 [ 2.23088400e+02  3.28062314e+02  2.98839593e+02  3.65093452e+02
   3.08134948e-01]
 [ 2.07607112e+02  3.46500853e+02  2.64271625e+02  3.73194586e+02
   2.97908947e-01]
 [ 4.92391693e+02  1.34827649e+02  5.31057739e+02  1.44891434e+02
  -9.53268978e-02]
 [ 4.92003610e+02  1.59303087e+02  5.54266989e+02  1.69479842e+02
  -7.64761858e-02]
 [ 4.90392389e+02  1.86980393e+02  5.47945379e+02  1.99025345e+02
  -5.58868449e-02]
 [ 5.17768178e+02  1.71956727e+02  5.65204722e+02  1.83950927e+02
  -6.57688677e-02]]