[[ 4.34774144e+02 -5.64883866e+00  4.51687403e+02  6.57322051e+01
   3.99673748e-01]
 [ 5.34695312e+02  2.37758331e+01  5.71440674e+02  4.11094818e+01
   2.77245120e-02]
 [ 5.29635692e+02  4.68827797e+01  5.60278004e+02  6.51481651e+01
   4.54852033e-02]
 [ 5.25212585e+02  7.10334320e+01  5.55922058e+02  9.09896851e+01
   5.10809750e-02]
 [ 1.28153650e+02  1.52408889e+02  4.07772017e+02  2.44803423e+02
   1.78685857e-01]
 [ 2.39116211e+02  2.30347023e+01  3.98860413e+02  3.99478188e+01
  -1.37260428e-01]
 [ 3.36387268e+02  4.10439728e+02  3.75346191e+02  4.44306183e+02
   2.54919783e-01]
 [ 2.55600823e+02  1.07753997e+02  3.29131476e+02  1.39044374e+02
   1.44608801e-01]
 [ 1.72519444e+02  1.25267940e+02  3.69880627e+02  1.84582735e+02
   1.51603755e-01]]