[[ 1.06733760e+00  4.24576234e+02  6.35578989e+01  4.59160277e+02
  -1.21327461e-01]
 [ 4.14472214e+02  3.92856566e+02  6.00115646e+02  4.53139835e+02
   8.42729345e-02]
 [ 5.43462708e+02  3.08521362e+02  6.00323669e+02  2.99677368e+02
  -8.30931120e-01]
 [ 1.69883942e+02  3.93016083e+02  2.60526703e+02  4.18571930e+02
   2.06740303e-02]
 [ 1.67463670e+02  4.26631073e+02  2.99224563e+02  4.60226959e+02
   1.65165061e-02]
 [ 5.53363228e+00  4.16843018e+02  3.94956131e+01  4.30898804e+02
  -8.46340321e-02]
 [ 5.13005371e+02  3.14781708e+02  5.56314209e+02  3.17642059e+02
  -9.28522888e-01]
 [ 1.77001816e+02  3.71517670e+02  2.17648178e+02  3.89591034e+02
   3.96099372e-02]
 [ 2.37031586e+02  3.73896606e+02  2.61940094e+02  3.90894287e+02
   3.80984564e-02]]