[[ 4.05866947e+02  7.87502977e+01  5.12179104e+02  1.05727440e+02
  -4.87141785e-03]
 [ 8.01384354e+01  1.93293182e+02  1.72648376e+02  2.07609406e+02
  -5.44556210e-02]
 [ 3.23613129e+02  1.81011505e+01  3.51741119e+02  8.35177917e+01
   6.13648153e-01]
 [ 4.04955559e+02  4.02442442e+01  4.99338752e+02  6.01782411e+01
  -8.36191832e-02]
 [ 2.69902161e+02  1.85577835e+02  3.36136780e+02  1.96016647e+02
  -2.05886005e-01]
 [ 2.14437653e+02  5.23407516e+01  2.27596924e+02  7.77275314e+01
   4.13594858e-01]]