[[ 5.40757208e+00  2.19125498e+02  3.32072999e+01  2.43397940e+02
  -2.72125342e-01]
 [ 3.50216370e+01  2.06121124e+02  8.11836395e+01  2.08740570e+02
  -5.36165551e-01]
 [ 2.77147057e+02  2.04604554e+02  3.06657996e+02  2.20770660e+02
  -4.10410849e-02]
 [ 2.78112305e+02  2.28368500e+02  3.17935791e+02  2.53773193e+02
   1.06558229e-01]
 [ 1.09155102e+01  2.50520273e+02  6.90027714e+01  2.55120688e+02
  -4.93120072e-01]
 [ 1.77816223e+02  2.18861374e+02  2.29722168e+02  2.30264114e+02
  -1.70358672e-01]]