[[ 4.35052887e+02  1.61258118e+02  4.29088776e+02  1.98858307e+02
   8.10481719e-01]
 [ 1.93698227e+02  7.11367558e+01  2.13078568e+02  9.71374751e+01
  -3.32604470e-02]
 [ 2.26122894e+02  7.67922058e+01  3.00883698e+02  1.00921448e+02
  -1.14984028e-01]
 [ 5.08516107e+02  2.44024115e+01  5.62489875e+02  8.61361475e+01
   1.42813023e-01]
 [ 3.45636780e+02  6.81741867e+01  4.30525818e+02  9.07129745e+01
  -1.31870962e-01]
 [ 2.89795490e+01  1.82910826e+02  1.73628788e+02  3.21775423e+02
   3.85733275e-01]
 [ 6.44550018e+01  7.33951950e+00  1.30781891e+02  3.45977097e+01
   5.45251097e-02]
 [ 1.50719208e+02  8.43738556e+00  1.66597931e+02  3.35886841e+01
   1.25140559e-02]]