[[ 9.82104476e+00  2.70593537e+02  8.52056658e+01  2.88688141e+02
  -4.41936801e-02]
 [ 5.26778186e+02  1.93414120e+02  5.71299085e+02  2.30219943e+02
   2.57743206e-01]
 [ 4.83947777e+02  2.41819543e+02  5.70599464e+02  2.78285804e+02
   1.76775352e-01]
 [ 4.68944406e+02  1.79303068e+02  5.75516379e+02  1.65778993e+02
  -5.73095267e-01]
 [ 1.86493622e+02  2.54293808e+02  2.30628967e+02  2.83335571e+02
  -3.48835050e-01]
 [ 8.56892770e+01  2.92415924e+02  1.51102944e+02  3.10516205e+02
  -1.32125793e-02]
 [ 2.11460226e+02  2.31229020e+02  2.49792643e+02  2.53705916e+02
  -9.99311297e-02]]