[[ 3.75575928e+02 -3.11180115e-01  5.96977783e+02  8.69737778e+01
   3.21748536e-02]
 [ 3.20419128e+02  7.87266693e+01  3.47689514e+02  1.38344437e+02
   7.94513199e-01]
 [ 1.14738539e+02  6.90454482e+01  1.63488664e+02  9.11952897e+01
   8.75889761e-02]
 [ 2.55279076e+02  3.91108489e+02  3.05216423e+02  4.14920382e+02
   8.29318251e-02]
 [ 3.14061479e+02  3.99707457e+02  3.39478927e+02  4.18134645e+02
   9.64161562e-02]
 [ 2.17776704e+01  1.43576172e+02  1.71024126e+02  1.83583435e+02
  -5.85063526e-02]
 [ 2.20907230e+01  2.37742249e+02  1.10239168e+02  2.80855286e+02
  -6.16933090e-02]
 [ 9.11989975e+01  3.76608032e+02  1.84662933e+02  3.86233215e+02
  -2.07657789e-01]
 [ 3.05602620e+02  4.03821995e+01  3.25816508e+02  8.72215831e+01
   7.87164064e-01]
 [ 2.87873260e+02  6.96099319e+01  3.08399200e+02  1.17200813e+02
   7.58024291e-01]
 [ 1.22383788e+02  8.46801451e+01  1.76864656e+02  1.15140259e+02
   1.30979812e-01]
 [ 1.23007635e+01  3.45030610e+02  9.69084345e+01  3.87175811e+02
  -4.07804623e-02]]