[[ 3.99003503e+02  2.29394196e+02  4.74203773e+02  2.46879791e+02
  -2.57375369e-02]
 [ 4.52530518e+02  3.33955383e+01  5.02813965e+02  7.11983490e+01
   7.04048489e-02]
 [ 5.43100998e+02  2.62741506e+01  5.83821121e+02  8.62368586e+01
   2.61103687e-01]
 [-4.53911661e-01  6.92495251e+00  1.13193864e+02  3.94608726e+01
  -9.39461740e-03]
 [ 1.22890129e+02  5.76614857e+00  1.59432899e+02  3.09304528e+01
  -4.72130687e-01]
 [ 3.14401665e+01  6.40291595e+01  1.25344711e+02  8.83485413e+01
  -1.08354817e-01]
 [ 1.33695724e+02  5.17627716e+01  1.84115494e+02  7.36173401e+01
  -1.68810558e-01]
 [ 3.11545974e+02  3.09873959e+02  3.81120530e+02  3.49717654e+02
   1.85927079e-01]
 [ 3.99145203e+02  2.47687500e+02  4.67949707e+02  2.63596802e+02
  -2.19952462e-02]
 [ 4.24152882e+02  3.89816650e+02  4.56859081e+02  4.00694214e+02
   3.94553570e-03]
 [ 4.55783905e+02  3.90255585e+02  5.03670135e+02  4.00878876e+02
   3.94526009e-03]
 [ 3.95004211e+02  4.69573975e+00  4.73106384e+02  3.79025879e+01
   3.84802954e-02]
 [ 6.63410950e+01  4.09189224e+01  1.21180817e+02  5.58774185e+01
  -7.30617341e-02]
 [ 5.42420837e+02  1.11212555e+02  5.95021667e+02  1.67365204e+02
   5.41501063e-01]
 [ 2.56561275e+02  3.04795318e+02  3.10456177e+02  3.36403656e+02
   2.21486382e-01]]