[[ 3.41671670e+02  1.63875856e+02  4.56376914e+02  1.94610472e+02
  -6.94180120e-02]
 [ 1.07667145e+02  4.09980286e+02  1.85521515e+02  4.80112793e+02
   3.95874260e-01]
 [ 2.53621735e+02  1.60361252e+02  2.81401703e+02  2.08780655e+02
   5.78649374e-01]
 [ 9.54643744e+00  2.88577252e+01  5.41433361e+01  5.42264099e+01
  -4.80689817e-03]
 [ 3.64291922e+02  7.03652949e+00  4.12495492e+02  2.82627564e+01
   5.17889443e-03]
 [ 4.25735288e+02  8.08692647e+00  4.48874698e+02  2.64151344e+01
  -2.63883265e-03]
 [ 3.64145203e+02  3.53638391e+01  3.88147766e+02  6.02405463e+01
   5.18081049e-03]
 [ 4.04751434e+02  3.51325760e+01  4.19639801e+02  5.58565750e+01
   2.20442419e-02]
 [ 4.34485626e+02  3.41429443e+01  4.50569183e+02  5.55270386e+01
   3.43726635e-02]
 [ 4.20521566e+02  3.26666962e+02  4.46149211e+02  3.47462982e+02
  -8.12666942e-04]
 [ 2.18589600e+02  4.93538269e+02  2.86637024e+02  5.17134216e+02
   1.62749982e-02]]