[[ 5.04448547e+02  2.58186249e+02  5.25213440e+02  2.92501129e+02
   4.47744636e-01]
 [ 4.75149767e+02  2.83519799e+02  5.57106093e+02  3.51441565e+02
   4.47513752e-01]
 [ 3.96437568e+02  3.40242675e+02  4.80526055e+02  3.84665651e+02
   5.27205777e-02]
 [ 2.64648438e+02  3.54910004e+02  3.10972351e+02  3.75118805e+02
  -1.23746922e-01]
 [ 2.20162467e+02  2.43924243e+02  2.56894693e+02  2.41733075e+02
  -3.55695615e-01]
 [ 7.28952026e+00  3.10477234e+02  4.45849609e+01  3.43838623e+02
   4.13195609e-01]]