[[ 1.54743744e+02  1.69343887e+02  2.31948792e+02  2.38548569e+02
   3.89341390e-01]
 [ 3.39073883e+02  1.28804565e+02  3.77788666e+02  1.52775787e+02
   2.50453234e-01]
 [ 3.20443024e+02  1.48829605e+02  3.62030853e+02  1.75845871e+02
   2.62971190e-01]
 [ 3.67028583e+02  2.66749875e+02  5.14446777e+02  3.08583679e+02
  -1.58715369e-01]
 [ 4.68694964e+02  6.46521922e+01  5.08085517e+02  1.13197689e+02
   4.70912603e-01]
 [ 1.46154053e+02  1.40408966e+02  1.99203278e+02  1.80179413e+02
   4.39871149e-01]
 [ 3.53561896e+02  3.21416657e+02  4.74531304e+02  3.86418548e+02
  -1.39312698e-02]]