[[ 1.19494324e+02  3.23363312e+02  2.92324066e+02  3.83625702e+02
   7.58985900e-02]
 [ 4.95309692e+02  2.44081390e+02  5.72159180e+02  2.91555878e+02
   9.91363813e-02]
 [ 4.94818904e+02  3.00383239e+02  5.82886785e+02  3.41002137e+02
   1.22821161e-01]
 [ 4.91131165e+02  3.34582977e+02  5.94208923e+02  3.93188507e+02
   1.47399964e-01]
 [ 2.81919675e+02  2.42764069e+02  3.16040896e+02  2.61637603e+02
  -1.96764357e-01]
 [ 2.24151484e+02  3.07897888e+02  3.07315924e+02  3.38630798e+02
   1.97571921e-02]
 [ 3.43135907e+02  2.98193787e+02  3.94850177e+02  3.40509644e+02
   3.28406431e-03]
 [ 2.30499588e+02  3.65012543e+02  2.67641052e+02  4.03191315e+02
  -7.23239115e-02]
 [ 2.98464752e+02  3.67885864e+02  3.70514191e+02  4.08746765e+02
   4.52154836e-02]
 [ 3.39555237e+02  7.63282776e+01  3.52675415e+02  1.28360962e+02
   6.64489197e-01]
 [ 5.11733689e+02  1.88158478e+02  5.90531921e+02  2.30157501e+02
   3.56289402e-03]]