[[ 2.82083474e+02  2.12405397e+02  3.47375449e+02  2.41445799e+02
  -6.12970562e-02]
 [ 1.74826752e+02  1.56130066e+02  2.24096313e+02  1.89566559e+02
  -1.65073605e-01]
 [ 1.88308411e+02  2.39802338e+02  2.38340912e+02  2.72790802e+02
  -1.75932962e-01]
 [ 8.74064941e+01  4.37504578e+00  2.86582214e+02  5.24866180e+01
   4.93399802e-02]
 [ 5.55470930e+02  3.05672270e+02  5.94321916e+02  3.33555757e+02
   1.00653116e-01]
 [ 1.95135651e+02  2.19341721e+02  2.25482697e+02  2.41596054e+02
  -1.64857708e-01]]