[[ 4.64008331e+02  2.22777161e+02  5.24146484e+02  2.28262634e+02
  -1.66316773e-01]
 [ 3.08042198e+02  8.49420391e+01  3.51467995e+02  1.52980744e+02
   7.81278797e-01]
 [ 2.83534526e+02  3.94921080e+02  3.34388325e+02  4.13402345e+02
   7.06339246e-02]
 [ 4.27188104e+02  2.06852860e+02  4.66460883e+02  2.12544601e+02
  -1.32297197e-01]
 [ 4.46962574e+02  2.16628131e+02  4.95361889e+02  2.16163952e+02
  -2.85172981e-01]
 [ 1.70323624e+02 -4.77404254e+00  2.10537704e+02  2.30981770e+01
   3.69675108e-01]
 [ 1.60527206e+02  7.74055862e+00  2.02098282e+02  3.94281616e+01
   3.63834391e-01]
 [ 1.45734535e+02  2.09666795e+01  2.12927910e+02  6.19219619e+01
   3.51160342e-01]]