[[ 2.81713710e+02  3.37566137e+02  3.94927953e+02  3.78522669e+02
  -1.44961043e-01]
 [ 4.07426726e+02  3.31623415e+02  5.53298372e+02  3.64815305e+02
  -6.97176182e-02]
 [ 2.77127991e+02  3.01861362e+01  3.16429993e+02  4.71837540e+01
  -7.46372245e-02]
 [ 3.22391968e+02  2.64058609e+01  4.29633789e+02  5.67207642e+01
  -6.03930969e-02]
 [ 5.19840332e+02  2.95633911e+02  5.38420532e+02  3.05873962e+02
  -6.29056484e-01]
 [ 5.39796204e+02  2.94369385e+02  5.83958801e+02  3.04334412e+02
  -3.37954433e-02]]