[[ 3.73096619e+01  2.88160736e+02  1.20770264e+02  3.60770294e+02
   3.11008458e-01]
 [ 1.80400238e+02  3.51627167e+02  2.56673370e+02  3.84012604e+02
  -1.10202508e-02]
 [ 3.21780884e+02  1.16410522e+02  3.30719238e+02  1.34365524e+02
   3.90088815e-01]
 [ 3.51639434e+02  1.23307103e+02  3.90512361e+02  1.54167903e+02
   3.20794836e-01]
 [ 3.61293976e+02  1.48962738e+02  3.76746246e+02  1.73687927e+02
   3.70383706e-01]
 [ 2.93524467e+02  2.59437806e+02  3.52967294e+02  2.82711547e+02
  -9.18257195e-02]
 [ 7.83219147e+01  3.39492249e+02  6.43521576e+01  3.81974731e+02
   3.83490315e-01]
 [ 1.04139011e+02  3.38809745e+02  1.14993741e+02  4.00303598e+02
   3.50812747e-01]
 [ 2.52850876e+02  2.74507111e+02  2.94411255e+02  2.97189362e+02
  -3.78941874e-02]]