[[ 2.48209595e+02  3.67127502e+02  2.68854011e+02  4.09996159e+02
   5.98130972e-01]
 [ 2.08786194e+02  3.97018585e+02  2.41652802e+02  4.16071930e+02
   4.05191000e-03]
 [ 4.54605171e+02  1.59890991e+02  5.41844971e+02  1.89413940e+02
  -5.95159501e-03]
 [ 2.09278460e+02  3.05613790e+02  2.36737196e+02  3.57373881e+02
   6.82511900e-01]
 [ 2.85653046e+02  9.41634521e+01  4.24851349e+02  1.59327576e+02
   2.59104767e-01]
 [ 3.97682953e+02  3.92362823e+01  4.45549957e+02  6.08291397e+01
   5.83887011e-02]
 [ 4.61009155e+02  4.19997025e+01  5.53867140e+02  7.14124759e+01
   2.41808390e-02]
 [ 5.01417389e+02  1.19755951e+02  5.15470825e+02  1.39767883e+02
  -9.73053453e-03]
 [ 5.34041809e+02  1.16112503e+02  5.90444885e+02  1.37275940e+02
  -1.27207813e-02]
 [ 5.02434063e+02  1.52069154e+02  5.58080707e+02  1.65488647e+02
  -3.78806963e-02]
 [ 2.00334303e+02  3.24754057e+02  2.36580522e+02  3.79172212e+02
   7.27662392e-01]
 [ 2.16864953e+02  9.30090586e+01  2.41465216e+02  1.30812536e+02
   6.85982441e-01]
 [ 2.75178560e+02  2.98919148e+01  2.98618132e+02  6.96477733e+01
   6.88467081e-02]
 [ 3.23855225e+02  2.36347046e+01  3.96216797e+02  7.72897034e+01
   7.81403243e-02]]