[[ 3.24654781e+02  3.03328613e+02  4.25453007e+02  3.69983093e+02
   2.20681570e-02]
 [ 1.41340780e+02  4.17220611e+02  2.84234354e+02  4.63507172e+02
   2.02155568e-02]
 [ 5.30248230e+02  3.11357574e+02  6.01097229e+02  3.03235443e+02
  -4.99699537e-01]
 [ 4.31973034e+02  2.88707453e+02  4.89387440e+02  3.40505438e+02
   2.81706915e-01]
 [ 4.07171386e+02  3.40365112e+02  4.72183717e+02  3.71014527e+02
   2.20681251e-02]
 [ 2.02543498e+02  3.42818786e+02  2.68883916e+02  3.73212099e+02
   4.04541465e-02]
 [ 2.00483368e+02  3.91320984e+02  2.59458099e+02  4.22797180e+02
   1.88341978e-02]
 [ 8.93115387e+01  2.58172394e+02  2.22845993e+02  3.17505768e+02
   1.19826528e-01]]