[[ 3.65607117e+02  3.83294098e+02  5.52783569e+02  4.40103119e+02
   5.04437548e-03]
 [ 1.44596176e+01  1.13513916e+02  6.40501633e+01  1.39825653e+02
   6.17650141e-02]
 [ 4.48153557e+02  1.58751959e+02  5.68903572e+02  1.00854182e+02
  -6.26734343e-01]
 [ 3.25009271e+01  4.94395674e+01  7.92874125e+01  6.51025164e+01
   4.77913560e-02]
 [ 4.44239960e+01  3.63248077e+02  8.79798431e+01  3.71817047e+02
  -1.51785127e-01]
 [ 1.49671274e+02  4.22660248e+02  1.91606924e+02  4.40189179e+02
   1.97010164e-02]
 [ 2.03417263e+02  4.21643278e+02  2.40758976e+02  4.44551302e+02
   8.73719849e-02]
 [ 3.19503093e+02  2.12770317e+02  4.27011921e+02  2.95291816e+02
   3.62377483e-01]
 [ 2.12252838e+02  3.65221375e+02  2.49399384e+02  3.87087219e+02
   7.27806359e-02]
 [ 6.02691169e+00  8.08648146e+01  5.82533017e+01  1.07841347e+02
   1.20624044e-01]
 [ 2.97758728e+02  1.53727982e+02  4.02989197e+02  2.45802597e+02
   4.63927006e-01]]