[[ 4.19566010e+02  3.05903351e+02  4.50074188e+02  3.01028412e+02
  -6.74861218e-01]
 [ 8.13385315e+01  7.67013855e+01  2.75842529e+02  8.59017639e+01
  -3.01116430e-02]
 [ 3.19325819e+02  7.10151754e+01  3.95281420e+02  8.13244089e+01
  -3.32339389e-02]
 [ 3.19823364e+00  1.09881577e+02  3.84699838e+02  1.18388504e+02
  -4.77584694e-02]
 [ 8.01293488e+01  3.45588654e+02  1.58478287e+02  3.75100677e+02
   2.35374825e-02]
 [ 4.62026550e+02  2.23834747e+02  5.68868863e+02  2.64107368e+02
   2.51408657e-01]]