[[ 1.09986887e+02  5.92048955e+01  2.83996038e+02  9.29060054e+01
  -8.00093167e-02]
 [ 8.83528671e+01  2.86544250e+02  1.09183357e+02  3.28549011e+02
   6.05809286e-01]
 [ 1.72365544e+02  3.15025299e+02  2.02428859e+02  3.31196015e+02
   1.00346817e-02]
 [ 2.19478042e+02  3.14281246e+02  2.40843765e+02  3.37627506e+02
   2.41693092e-01]
 [ 2.60741550e+02  3.16788437e+02  2.65572903e+02  3.33839187e+02
   2.41324470e-01]
 [ 4.68534470e+00  1.19133896e+02  1.18259048e+02  1.30966660e+02
  -5.40340352e-02]]