[[ 3.54833466e+02  2.42173906e+02  4.09317657e+02  2.49320692e+02
  -5.52831035e-02]
 [ 5.63803845e+01  4.02174148e+01  2.31000296e+02  7.27040253e+01
   5.81925419e-03]
 [ 2.83087007e+02  4.42934569e+01  3.71548491e+02  7.35219270e+01
   5.81913285e-03]
 [ 4.46990828e+02  4.06882111e+02  4.72183184e+02  4.18632965e+02
  -6.59831041e-03]
 [ 4.50619934e+02  4.22810028e+02  4.87653503e+02  4.35503326e+02
  -2.65587852e-03]
 [ 3.56341461e+02  2.57920441e+02  4.00521881e+02  2.70291840e+02
  -5.41629423e-04]
 [ 1.33644928e+02  9.22918701e+00  4.64767316e+02  5.34520191e+01
   2.53153417e-02]]