[[ 4.01385559e+02  3.41640320e+02  4.75507874e+02  4.00688782e+02
   1.47086975e-01]
 [ 3.92432251e+02  3.96618683e+02  4.12897644e+02  4.51073578e+02
   2.42878686e-01]
 [ 1.77262939e+02  6.01287270e+00  3.59494873e+02  2.49455700e+01
  -8.32117724e-03]
 [ 1.91589142e+02  2.95069771e+01  3.13256744e+02  5.04717522e+01
   7.53583025e-03]
 [ 1.86450653e+02  5.69014130e+01  2.37394348e+02  7.55514679e+01
   1.85839453e-02]
 [ 2.61749223e+02  5.47892969e+01  2.82775374e+02  7.96135352e+01
   1.50282086e-01]
 [ 3.05399597e+02  6.22944717e+01  3.25347107e+02  7.71861649e+01
   1.85840817e-02]
 [ 1.55084778e+02  8.35639343e+01  2.02836426e+02  1.03176895e+02
   2.09371414e-02]
 [ 2.23484131e+02  8.09088974e+01  2.77002873e+02  1.07108513e+02
   6.13542870e-02]
 [ 3.01948273e+02  8.52810440e+01  3.24201508e+02  1.06338188e+02
   2.54895874e-02]
 [ 2.19026341e+02  1.12779617e+02  3.17633556e+02  1.37349136e+02
   4.13995304e-03]
 [ 1.42204505e+02  1.89398945e+02  1.89490319e+02  1.98038372e+02
  -3.89072214e-01]
 [ 2.41936752e+02  3.98331390e+02  3.06039734e+02  4.18333405e+02
  -1.08040869e-02]
 [ 2.45558766e+02  4.29523865e+02  2.87685024e+02  4.49822571e+02
  -8.08781336e-04]
 [ 4.22551646e+02  2.69266201e+01  5.79818501e+02  6.30807731e+01
   8.25433444e-03]
 [ 5.29520782e+02  2.19913199e+02  5.92828339e+02  2.72542550e+02
   2.73631279e-01]
 [ 2.73978638e+02  3.52330414e+02  3.26641968e+02  3.79932587e+02
  -3.20829544e-02]
 [ 4.29121033e+02  8.39779358e+01  5.45196228e+02  1.26592148e+02
   3.09050713e-02]
 [ 5.34975647e+02  1.54649139e+02  5.72375793e+02  1.88610107e+02
   2.98324656e-01]
 [ 5.31787636e+02  1.95116952e+02  5.91440636e+02  2.35831565e+02
   2.74478854e-01]]