[[ 3.03566895e+02  2.23492203e+01  3.54081968e+02  8.81435039e+01
   5.86748824e-01]
 [ 8.99694901e+01  1.88312027e+02  1.68246216e+02  2.07525894e+02
  -3.26119248e-02]
 [ 1.67453232e+01  1.52665695e+02  9.75003357e+01  1.82402847e+02
   1.25815977e-01]
 [ 4.05041654e+00  2.33695928e+01  8.04944596e+01  7.12960814e+01
  -2.96134380e-02]
 [ 1.21741707e+02  3.56171112e+01  1.57107056e+02  6.90266571e+01
  -8.60345369e-02]
 [ 4.35300320e+02  2.90236171e+01  5.46687076e+02  8.42929494e+01
  -8.46213265e-02]
 [ 4.50009216e+02  9.02711639e+01  5.61105713e+02  1.41057465e+02
  -4.56208699e-03]
 [ 2.66749054e+02  1.81230392e+02  3.22707733e+02  1.96164963e+02
  -5.07410445e-02]
 [ 3.35404968e+01  8.67070694e+01  5.97794189e+01  1.07411812e+02
  -4.44970500e-02]
 [ 8.41419941e+01  7.64757006e+01  1.62968418e+02  1.11421013e+02
  -4.82648837e-02]
 [ 3.70408112e+02  3.31243668e+01  4.32928314e+02  7.39945831e+01
  -8.86427850e-02]
 [ 3.75711182e+02  7.81484222e+01  4.43531616e+02  1.15824875e+02
  -8.40403527e-02]]