[[ 3.79736084e+02  3.40439178e+02  4.61406799e+02  4.16083832e+02
   2.64091948e-01]
 [ 2.39604538e+02  4.03378540e+02  3.25536209e+02  4.29110046e+02
  -7.33790714e-03]
 [ 2.59581660e+00  3.13678818e+01  7.45232935e+01  6.57368088e+01
  -9.84019295e-03]
 [ 1.19916725e+00  1.02114830e+02  5.98677229e+01  1.26792458e+02
  -1.95424196e-02]
 [ 4.77124390e+02  7.80556869e+00  5.87151764e+02  4.44877629e+01
   1.52222568e-02]
 [ 4.77039612e+02  5.97470398e+01  5.96692688e+02  1.05266861e+02
   3.65754827e-02]
 [ 3.21717529e+01  3.91017822e+02  1.31980140e+02  4.19658386e+02
   3.37786398e-03]
 [ 1.21059206e+02  1.94466339e+02  1.80483795e+02  1.99287476e+02
  -3.69408624e-01]
 [ 3.54222044e+02  3.93985748e+02  4.34216616e+02  4.37643036e+02
   1.25596495e-01]
 [ 2.66663876e+02  3.16124207e+02  3.18776798e+02  3.32492615e+02
  -3.78967589e-02]
 [ 2.68852069e+02  3.45585816e+02  3.04118634e+02  3.63842590e+02
  -2.81219400e-02]
 [ 2.26658363e+01  1.27564629e+02  1.02957705e+02  1.50502388e+02
  -4.46997188e-02]
 [ 4.34424373e+02  4.42970351e+01  5.19529724e+02  5.99781799e+01
   2.12047847e-02]
 [ 5.42628855e+02  5.07281676e+01  5.94387258e+02  6.24813051e+01
   1.77070895e-02]
 [ 5.98233878e+01  3.62596771e+02  1.26515247e+02  3.89632294e+02
   5.84800769e-03]
 [ 5.83121490e+01  4.16725311e+02  1.33334549e+02  4.42906586e+02
   1.46284848e-03]]