[[ 1.22565231e+01  3.07615986e+01  1.10295494e+02  8.68195038e+01
  -2.43716875e-03]
 [ 1.65347046e+02  3.32260208e+01  3.35991760e+02  8.62688675e+01
  -2.44818342e-03]
 [ 1.22118530e+01  1.22407181e+02  1.86774171e+02  1.80452988e+02
   6.39316173e-03]
 [ 9.23454271e+00  2.21769531e+02  2.07569641e+02  2.73222046e+02
  -5.67859547e-04]
 [ 4.58302087e+02  1.40302653e+02  5.07845191e+02  2.03885824e+02
   6.72028781e-01]
 [ 4.93373707e+02  1.34478095e+02  5.03983593e+02  1.60025842e+02
   6.56212418e-01]
 [ 5.27915073e+02  1.55770029e+02  5.77642178e+02  2.16661062e+02
   6.55630670e-01]
 [ 3.95997986e+02  2.59873993e+02  5.92554260e+02  3.31256439e+02
   1.30418865e-05]
 [ 4.31269590e+02  1.50828124e+02  4.87938234e+02  2.13439210e+02
   6.38899137e-01]
 [ 3.57011522e+02  2.41053587e+02  3.92553176e+02  2.76962099e+02
   1.23513359e-01]
 [ 5.24238708e+02  1.35463623e+02  5.47656311e+02  1.74982239e+02
   6.56976195e-01]]